NODE	1	2	3	4	5	6	7	8	9	10	11	12	13	14	15	16	17	18	19	20	21	22	23	24	25	26	27	28	29	30	31	32	33	34	35	36	37	38	39	40	41	42	43	44	45	46	
N1	1.66465e-10	4.18016e-07	3.47179e-05	0.000818369	0.00255967	0.0202125	0.0043428	0.0865598	0.780802	0.102292	0.00236824	9.27099e-06	1.01554e-08	4.42365e-12	5.70513e-18	6.37493e-20	5.69672e-22	4.22793e-24	2.68145e-26	1.48578e-28	7.31983e-31	3.25207e-33	1.3182e-35	4.92221e-38	1.70698e-40	5.5358e-43	1.68883e-45	4.87148e-48	1.33454e-50	3.48562e-53	8.7094e-56	2.08815e-58	4.81684e-61	1.07157e-63	2.30389e-66	4.79635e-69	9.68531e-72	1.89994e-74	3.62575e-77	6.73961e-80	1.22166e-82	2.16171e-85	3.73783e-88	6.32452e-91	1.05494e-93	2.07452e-96	
N2	7.69573e-11	1.21788e-07	1.17175e-05	0.000417918	0.00143497	0.0109104	0.00303116	0.0849628	0.828353	0.07002	0.000850177	7.28095e-06	6.64229e-08	8.40085e-10	6.29262e-12	3.84211e-14	7.86312e-17	2.22084e-18	1.42176e-21	2.05876e-23	1.09632e-26	5.83552e-29	3.10577e-32	1.57947e-34	6.71929e-38	4.93719e-40	1.75377e-42	3.00156e-45	1.75175e-48	1.89205e-50	6.44246e-54	3.80125e-56	2.39768e-59	4.3332e-62	5.82971e-65	8.34083e-67	1.85621e-70	2.80001e-73	3.02712e-76	3.21874e-78	7.95564e-82	1.09944e-84	4.94297e-88	3.92785e-90	2.63372e-93	1.97816e-95	
N3	6.15202e-14	2.75197e-10	9.15785e-08	3.46049e-06	2.33642e-05	0.000840197	0.000257678	0.0220231	0.955026	0.0217363	8.9635e-05	4.17887e-07	1.10022e-09	2.24321e-12	2.55535e-15	3.13899e-18	2.26459e-21	3.3941e-24	1.15197e-27	6.8028e-31	1.93308e-34	7.18038e-38	1.98565e-41	1.31176e-44	3.2352e-48	1.87668e-51	7.38251e-55	2.37235e-58	4.65521e-62	1.87357e-65	3.10471e-69	1.21658e-72	2.09644e-76	7.35325e-80	1.7211e-83	8.71349e-87	1.14189e-90	2.78672e-94	4.38559e-98	1.26368e-101	1.63142e-105	3.92076e-109	5.20057e-113	1.80089e-116	7.93099e-120	5.04629e-123	
N4	6.85756e-16	9.4631e-12	5.24424e-09	4.9302e-07	1.42557e-05	0.000132643	0.000241118	0.0259915	0.958424	0.0151803	1.53643e-05	3.78883e-08	2.6044e-10	6.36194e-13	4.65959e-16	6.71017e-19	4.45135e-22	4.86477e-24	4.6097e-28	6.41997e-31	7.12604e-35	2.9169e-38	3.83909e-42	5.04328e-45	6.561e-49	1.87304e-51	1.34763e-54	3.45316e-58	2.32816e-62	2.62187e-65	1.4128e-69	1.64902e-72	9.9061e-77	7.08816e-80	2.68084e-83	7.46896e-86	2.35098e-90	4.27435e-94	4.08415e-98	5.15675e-101	2.01582e-105	4.52692e-109	1.52411e-113	9.86746e-117	2.08606e-120	3.19227e-123	
N5	1.86074e-18	8.35045e-14	3.73636e-10	3.00808e-08	2.84656e-06	3.95361e-05	0.000311335	0.00801085	0.966099	0.0255159	1.88072e-05	1.503e-06	2.73933e-08	2.22886e-10	1.43682e-13	1.85495e-15	2.74564e-19	4.782e-21	1.88597e-25	1.8821e-28	1.43722e-32	2.64207e-36	4.14084e-40	2.43346e-42	6.78511e-47	1.69504e-49	9.96898e-53	1.79312e-56	4.04215e-61	3.48169e-64	2.28489e-68	1.0271e-70	1.36474e-75	4.39744e-79	1.08051e-82	4.71659e-85	5.59035e-90	6.66128e-94	3.13736e-98	4.35668e-101	9.59394e-106	2.24002e-109	2.71769e-114	1.5207e-117	4.00839e-121	1.13756e-123	
N6	6.25556e-19	1.38396e-14	4.11677e-11	4.20188e-09	1.44508e-07	3.2693e-05	1.39301e-05	0.00335059	0.987182	0.00940998	1.09975e-05	3.20205e-08	2.62776e-10	6.60529e-13	5.56105e-16	5.97434e-19	5.55177e-22	4.93277e-24	6.818e-28	9.36683e-31	1.42029e-34	5.10402e-38	1.00838e-41	1.27151e-44	2.86055e-48	8.27372e-51	6.9129e-54	2.40404e-57	2.70686e-61	3.32096e-64	2.82165e-68	5.27815e-71	1.70933e-73	1.18751e-74	2.99719e-76	3.72627e-77	9.22261e-80	1.08369e-81	7.18647e-84	4.40623e-85	1.42838e-87	2.13959e-89	5.81636e-92	1.75379e-93	4.2299e-95	4.01907e-96	
N7	3.73537e-27	5.91034e-21	1.39064e-15	1.41415e-13	5.26774e-10	1.83342e-07	5.06252e-08	4.32791e-05	0.991628	0.00832875	2.32485e-07	1.62654e-11	1.98792e-15	6.2018e-20	5.22348e-25	7.60222e-30	1.06656e-34	9.81477e-39	8.26027e-42	3.88822e-44	7.35268e-47	2.25004e-46	6.73208e-49	4.6832e-51	9.6527e-54	1.04776e-55	3.83347e-58	6.0804e-61	3.42673e-64	7.03548e-67	2.35968e-70	4.05209e-73	7.19751e-77	1.18667e-34	1.51265e-34	7.10419e-34	1.76304e-34	1.3766e-34	5.54532e-35	1.05629e-34	3.78853e-35	4.39178e-35	1.18683e-35	1.72075e-35	4.33676e-35	2.35143e-34	
L_corymbiferum	0	0	0	0	0	0	0	0	1	0	0	0	0	0	0	0	0	0	0	0	0	0	0	0	0	0	0	0	0	0	0	0	0	0	0	0	0	0	0	0	0	0	0	0	0	0	
N8	4.51879e-31	5.71168e-24	8.90885e-18	1.47045e-15	5.09207e-11	4.43249e-09	8.92699e-09	2.54877e-06	0.980837	0.0191602	4.32216e-08	2.63995e-12	5.47991e-15	2.15242e-19	1.8989e-25	3.45477e-30	5.36188e-35	8.93192e-38	1.18406e-44	1.49843e-49	1.51986e-55	8.28063e-62	9.81895e-68	1.94155e-72	3.37382e-78	9.25271e-82	5.79755e-87	7.51219e-93	2.49376e-100	8.87091e-106	2.65904e-113	1.86143e-118	7.52317e-127	9.23145e-83	7.13863e-37	6.41439e-35	8.54716e-37	4.56191e-37	6.60487e-38	7.21747e-37	6.31147e-38	1.11116e-37	1.65309e-39	4.35867e-39	7.57292e-39	5.28652e-37	
L_gallicum	0	0	0	0	0	0	0	0	0	1	0	0	0	0	0	0	0	0	0	0	0	0	0	0	0	0	0	0	0	0	0	0	0	0	0	0	0	0	0	0	0	0	0	0	0	0	
L_strictum	0	0	0	0	0	0	0	0	1	0	0	0	0	0	0	0	0	0	0	0	0	0	0	0	0	0	0	0	0	0	0	0	0	0	0	0	0	0	0	0	0	0	0	0	0	0	
N9	8.76534e-22	5.88163e-17	5.16454e-13	6.29216e-11	2.36341e-09	3.12405e-06	4.53953e-07	0.000901461	0.997272	0.00182264	5.32633e-07	5.57021e-10	2.15048e-12	1.8796e-15	4.29104e-19	2.01836e-22	1.04111e-25	1.01921e-27	1.93428e-31	1.91222e-34	1.52177e-37	1.47108e-38	8.30735e-40	1.14897e-40	2.00587e-43	1.46227e-45	2.11012e-48	9.23683e-52	2.66723e-55	8.63532e-56	3.90673e-57	1.75885e-57	6.34077e-59	2.3219e-59	2.06788e-60	4.89828e-61	3.18166e-64	4.87676e-67	2.51874e-70	8.76727e-73	1.97721e-76	1.7062e-79	2.03554e-83	2.01943e-86	2.20787e-89	8.07357e-92	
L_setaceum	0	0	0	0	0	0	0	0	1	0	0	0	0	0	0	0	0	0	0	0	0	0	0	0	0	0	0	0	0	0	0	0	0	0	0	0	0	0	0	0	0	0	0	0	0	0	
N10	2.94794e-29	7.42597e-23	2.64338e-17	5.83437e-15	2.5742e-13	3.47523e-08	3.4008e-10	3.38357e-05	0.999943	2.28961e-05	4.57937e-08	2.59474e-08	1.86306e-11	2.09927e-15	1.15062e-16	1.66855e-17	3.5743e-19	8.91442e-19	7.36098e-24	3.36056e-28	1.16431e-32	4.92875e-34	2.04037e-35	2.79698e-36	2.03192e-40	8.16772e-44	4.31929e-48	5.69907e-53	1.48466e-58	4.48769e-60	4.83456e-62	7.47594e-63	2.3623e-65	5.34744e-19	1.8477e-17	2.2514e-15	1.91926e-17	5.04313e-19	3.68351e-21	2.68753e-22	1.07597e-24	2.16401e-26	3.29941e-29	5.39218e-31	1.46549e-32	1.47396e-33	
L_suffruticosum1	0	0	0	0	0	0	0	0	0	0	0	0	0	0	0	0	0	0	0	0	0	0	0	0	0	0	0	0	0	0	0	0	0	0	0	1	0	0	0	0	0	0	0	0	0	0	
L_tenuifolium1	0	0	0	0	0	0	0	0	1	0	0	0	0	0	0	0	0	0	0	0	0	0	0	0	0	0	0	0	0	0	0	0	0	0	0	0	0	0	0	0	0	0	0	0	0	0	
N11	9.10951e-20	3.95294e-15	2.9073e-11	1.452e-09	1.90595e-06	1.00349e-05	0.00424954	0.00241769	0.832912	0.158308	0.000533141	0.000593165	0.000875275	9.87227e-05	1.58538e-07	1.07186e-09	2.05504e-12	5.27382e-14	7.36643e-18	6.94661e-21	1.79722e-24	4.04679e-28	1.12764e-31	4.02643e-34	9.84123e-38	4.90091e-40	4.9203e-43	1.62712e-46	1.12487e-50	7.5763e-54	6.43085e-58	1.63358e-60	9.23349e-65	1.6083e-67	9.28167e-71	3.85503e-73	1.51986e-77	3.41904e-81	2.97948e-85	3.07803e-88	2.41751e-92	1.06373e-95	3.91456e-100	1.61022e-103	1.4022e-106	4.70536e-109	
N12	3.66004e-25	1.15209e-19	5.43946e-15	5.64489e-13	2.40226e-10	1.24213e-07	0.000174925	3.48064e-05	0.0255896	0.00045594	5.9887e-06	0.00019384	0.164488	0.795305	0.0137425	9.27088e-06	7.73193e-09	2.74113e-11	2.79609e-15	2.59707e-18	1.21551e-22	1.60085e-26	7.50951e-31	7.7328e-35	4.12219e-39	1.9258e-42	2.88643e-46	1.68977e-48	1.27278e-49	2.03299e-48	2.29335e-50	4.81055e-49	3.4747e-51	1.1342e-52	2.20059e-54	2.04055e-55	6.46117e-58	4.49881e-59	7.88947e-59	5.95574e-60	1.99257e-62	2.34869e-64	8.039e-67	2.54792e-68	4.23299e-70	2.45677e-71	
N13	1.04757e-29	1.28139e-23	1.183e-18	4.05269e-16	4.96839e-12	5.73586e-10	1.65977e-05	7.29297e-07	0.000882697	2.30533e-05	3.00226e-08	2.40218e-06	0.0219207	0.962106	0.0150444	3.70944e-06	1.29734e-09	2.49645e-11	6.08626e-15	2.2792e-18	2.21783e-22	1.05197e-26	6.19111e-31	6.53987e-34	3.19971e-38	1.242e-40	6.1234e-46	2.69999e-49	1.13032e-54	2.69767e-58	1.22846e-63	1.02837e-67	5.98975e-72	2.55134e-74	1.35954e-76	2.53433e-77	9.48782e-81	1.24822e-81	3.82015e-83	1.33205e-85	4.87384e-89	1.86924e-90	3.82567e-94	4.31956e-96	2.80876e-98	2.40688e-99	
N14	4.70446e-35	2.2913e-28	1.59861e-22	7.8191e-20	2.91418e-15	8.97998e-13	1.547e-07	3.14227e-10	2.69494e-06	1.91563e-09	2.79653e-13	9.00539e-09	0.00042561	0.999191	0.000380739	1.4502e-08	1.9114e-13	5.5558e-17	1.08784e-20	1.0817e-24	2.54303e-28	1.97183e-33	4.3829e-38	4.1181e-43	8.13451e-48	2.1681e-51	1.41596e-56	1.95396e-60	2.81082e-66	5.35991e-71	6.24729e-77	3.00998e-82	2.95636e-88	4.49524e-94	7.6533e-100	2.19157e-105	4.98483e-112	7.85279e-118	1.25955e-35	1.12981e-35	8.7367e-36	8.06543e-35	9.84358e-36	9.19988e-36	1.56578e-35	9.70153e-35	
L_album	0	0	0	0	0	0	0	0	0	0	0	0	0	1	0	0	0	0	0	0	0	0	0	0	0	0	0	0	0	0	0	0	0	0	0	0	0	0	0	0	0	0	0	0	0	0	
L_mucronatum1	0	0	0	0	0	0	0	0	0	0	0	0	0	1	0	0	0	0	0	0	0	0	0	0	0	0	0	0	0	0	0	0	0	0	0	0	0	0	0	0	0	0	0	0	0	0	
N15	1.02356e-36	2.02097e-29	1.99188e-23	4.6789e-20	1.24438e-14	1.24193e-13	5.93757e-08	1.27639e-09	2.21293e-06	4.61532e-07	3.6606e-11	1.0903e-09	0.00013799	0.915224	0.0846329	2.72692e-06	3.7887e-11	6.85136e-14	9.44471e-18	4.07296e-22	8.45843e-26	6.14815e-29	3.02997e-31	3.119e-33	5.00191e-35	1.14266e-35	2.07766e-38	2.6739e-39	1.61916e-42	1.10381e-44	1.50275e-47	1.07145e-49	1.01753e-52	1.77174e-55	1.13195e-57	7.29769e-59	1.04466e-61	7.38782e-63	8.41695e-65	3.50168e-67	9.36798e-70	7.50917e-71	2.98872e-74	8.80328e-77	7.87418e-79	5.47078e-80	
N16	7.3615e-40	1.63838e-34	2.07562e-28	1.2402e-24	2.22568e-18	4.96927e-17	5.34823e-10	7.63672e-13	8.67111e-09	2.29483e-09	4.71286e-15	1.22718e-12	3.99784e-06	0.923049	0.0769469	1.25678e-07	4.1922e-14	1.11498e-19	6.68276e-24	1.22537e-28	4.74452e-32	1.25635e-37	2.1139e-41	1.35677e-43	3.21253e-45	2.27607e-42	1.67331e-36	1.21575e-33	2.23053e-35	1.13154e-33	1.30658e-35	1.04914e-35	1.00041e-36	5.0847e-37	4.51063e-37	2.8634e-38	5.40743e-40	2.27072e-38	4.40736e-38	4.23399e-38	4.30698e-38	4.39116e-36	6.68167e-38	1.06981e-36	2.10184e-36	6.20609e-36	
N17	6.88382e-37	2.68568e-32	4.32592e-30	1.16146e-26	4.30252e-21	7.38846e-18	1.20661e-11	1.28496e-15	9.63096e-11	1.55432e-12	2.43481e-17	1.31317e-11	1.13643e-05	0.996017	0.00397113	1.79464e-08	2.13889e-14	1.20961e-20	2.96056e-24	4.15402e-28	7.94647e-31	4.33652e-35	3.43493e-38	8.06855e-42	7.31304e-46	2.44859e-46	2.13224e-45	9.05179e-46	4.52495e-49	1.32136e-49	1.30682e-53	3.46736e-56	2.6799e-59	6.52294e-62	2.70289e-64	6.73054e-68	4.24368e-72	6.47949e-74	4.84673e-76	4.90972e-78	3.78097e-80	8.16173e-81	1.33718e-84	1.06893e-85	6.50048e-88	3.83605e-90	
N18	8.9852e-37	5.38871e-33	2.11517e-31	6.07242e-28	1.78031e-22	3.28136e-19	3.8226e-13	2.00833e-17	1.3724e-12	2.19503e-15	4.09406e-17	2.56786e-11	1.61024e-05	0.99969	0.000293431	1.71996e-09	2.72202e-15	5.28195e-21	1.43883e-23	2.72274e-27	7.52241e-30	3.31268e-35	8.42989e-40	6.20473e-46	4.43379e-52	5.5174e-55	1.2608e-59	1.03758e-62	2.03651e-69	1.91462e-73	2.96045e-80	9.99311e-86	4.33501e-92	5.9858e-98	1.10872e-103	8.03135e-111	1.56736e-118	9.81958e-124	7.68662e-39	1.92119e-38	3.98212e-38	2.45891e-36	5.14734e-38	1.64976e-37	3.11363e-37	1.99624e-36	
L_arboreum	0	0	0	0	0	0	0	0	0	0	0	0	0	1	0	0	0	0	0	0	0	0	0	0	0	0	0	0	0	0	0	0	0	0	0	0	0	0	0	0	0	0	0	0	0	0	
L_elegans	0	0	0	0	0	0	0	0	0	0	0	0	0	1	0	0	0	0	0	0	0	0	0	0	0	0	0	0	0	0	0	0	0	0	0	0	0	0	0	0	0	0	0	0	0	0	
L_campanulatum	0	0	0	0	0	0	0	0	0	0	0	0	0	1	0	0	0	0	0	0	0	0	0	0	0	0	0	0	0	0	0	0	0	0	0	0	0	0	0	0	0	0	0	0	0	0	
N19	8.05146e-37	1.12035e-33	6.93522e-30	1.34286e-25	1.99534e-19	1.78343e-18	6.40337e-12	5.22364e-14	7.74035e-11	3.37757e-11	1.58904e-14	1.3532e-12	2.46987e-06	0.869933	0.130064	4.5499e-07	3.54812e-13	2.77421e-18	8.20166e-21	8.01833e-25	1.31758e-27	1.68042e-32	8.37257e-35	1.57665e-38	2.35249e-41	2.53836e-41	2.98137e-43	1.93629e-43	1.50116e-47	1.69909e-49	5.40401e-53	2.72008e-55	5.50931e-59	7.58955e-62	3.51594e-64	7.79367e-68	4.77966e-71	1.72656e-71	1.49196e-73	1.5989e-75	1.35287e-77	4.48665e-78	2.35905e-82	6.17509e-85	3.41153e-87	4.07352e-88	
L_capitatum	0	0	0	0	0	0	0	0	0	0	0	0	0	1	0	0	0	0	0	0	0	0	0	0	0	0	0	0	0	0	0	0	0	0	0	0	0	0	0	0	0	0	0	0	0	0	
N20	6.74422e-34	1.17e-29	6.83884e-27	4.13243e-25	9.44888e-20	7.04845e-20	7.4601e-14	6.96841e-15	8.30319e-13	1.35689e-11	2.50783e-12	1.28669e-12	7.16472e-07	0.17597	0.824018	1.11484e-05	2.95827e-11	3.68689e-15	8.36801e-17	4.2619e-20	5.81933e-22	4.89319e-28	1.12777e-32	1.23367e-38	3.54665e-43	3.32335e-45	2.1984e-49	1.0944e-51	3.2792e-58	6.80592e-63	2.43467e-68	6.17383e-73	2.87703e-79	7.68497e-85	1.46968e-89	1.14426e-95	7.19501e-101	1.4445e-103	4.3808e-108	1.48362e-112	4.04025e-117	5.68055e-120	6.59562e-127	3.1724e-132	4.27541e-137	3.19578e-140	
L_gyaricum	0	0	0	0	0	0	0	0	0	0	0	0	0	0	1	0	0	0	0	0	0	0	0	0	0	0	0	0	0	0	0	0	0	0	0	0	0	0	0	0	0	0	0	0	0	0	
L_tauricum	0	0	0	0	0	0	0	0	0	0	0	0	0	0	1	0	0	0	0	0	0	0	0	0	0	0	0	0	0	0	0	0	0	0	0	0	0	0	0	0	0	0	0	0	0	0	
L_flavum	0	0	0	0	0	0	0	0	0	0	0	0	0	0	1	0	0	0	0	0	0	0	0	0	0	0	0	0	0	0	0	0	0	0	0	0	0	0	0	0	0	0	0	0	0	0	
L_nodiflorum	0	0	0	0	0	0	0	0	0	0	0	0	1	0	0	0	0	0	0	0	0	0	0	0	0	0	0	0	0	0	0	0	0	0	0	0	0	0	0	0	0	0	0	0	0	0	
N21	1.98686e-21	1.1038e-16	1.76236e-12	1.32168e-10	5.23345e-06	1.98495e-06	0.000280283	0.000111187	0.122372	0.875249	0.00194106	3.81155e-05	6.3447e-07	2.05837e-09	5.86963e-13	1.44055e-16	6.15194e-20	3.50018e-22	4.72886e-26	2.7222e-29	2.22365e-32	2.10218e-36	3.79155e-40	1.79166e-43	5.42286e-47	1.26944e-49	2.29405e-53	2.41231e-56	1.32869e-60	3.29544e-64	2.14583e-68	6.10464e-72	3.82241e-76	1.0669e-79	2.86944e-83	4.74112e-86	1.79406e-90	4.79818e-94	9.7613e-98	2.39622e-101	2.94272e-105	2.51063e-108	9.8908e-113	1.43643e-116	4.72966e-120	5.30031e-123	
N22	1.06238e-24	4.22073e-19	3.28605e-14	2.72452e-12	1.53936e-07	5.09337e-08	3.5496e-06	5.34049e-06	0.0438271	0.95579	0.000373822	6.05396e-08	5.73532e-11	1.96172e-14	7.16461e-18	2.44854e-22	2.69072e-26	2.82638e-29	5.33775e-34	2.58293e-37	2.55845e-42	1.41192e-46	2.16568e-51	1.03587e-55	1.98898e-60	1.75532e-62	1.94197e-64	9.95441e-67	2.64663e-69	1.20671e-70	1.00955e-73	5.30176e-76	1.40918e-78	1.21024e-80	7.77027e-83	3.94119e-84	2.75564e-87	1.60915e-89	6.84783e-92	2.49262e-93	1.69095e-96	5.52138e-99	4.1406e-102	6.20974e-104	2.02966e-106	3.22957e-108	
N23	2.74922e-31	6.85693e-24	2.79374e-17	5.39223e-15	1.56749e-10	3.27835e-10	4.59949e-09	1.09481e-07	0.0803004	0.919697	2.93475e-06	2.10361e-12	1.74146e-17	2.48448e-22	1.81714e-26	3.92307e-33	4.08808e-39	3.69547e-44	2.60282e-50	3.77669e-55	5.40636e-63	1.28777e-49	9.56639e-34	1.81612e-34	1.92786e-35	8.20351e-35	1.32446e-34	1.41799e-34	1.74175e-34	3.37633e-33	1.97561e-34	1.01622e-34	5.132e-35	3.06629e-35	1.16328e-35	1.42297e-34	1.03636e-35	6.56809e-35	1.04996e-34	1.8794e-33	1.258e-34	7.15414e-35	6.7041e-36	5.42304e-35	3.49094e-35	1.0108e-34	
L_corymbulosum	0	0	0	0	0	0	0	0	1	0	0	0	0	0	0	0	0	0	0	0	0	0	0	0	0	0	0	0	0	0	0	0	0	0	0	0	0	0	0	0	0	0	0	0	0	0	
L_trigynum	0	0	0	0	0	0	0	0	0	1	0	0	0	0	0	0	0	0	0	0	0	0	0	0	0	0	0	0	0	0	0	0	0	0	0	0	0	0	0	0	0	0	0	0	0	0	
L_tenue1	0	0	0	0	0	0	0	0	0	1	0	0	0	0	0	0	0	0	0	0	0	0	0	0	0	0	0	0	0	0	0	0	0	0	0	0	0	0	0	0	0	0	0	0	0	0	
L_maritimum	0	0	0	0	0	0	0	0	0	1	0	0	0	0	0	0	0	0	0	0	0	0	0	0	0	0	0	0	0	0	0	0	0	0	0	0	0	0	0	0	0	0	0	0	0	0	
L_catharticum	0	0	0	0	0	0	0	1	0	0	0	0	0	0	0	0	0	0	0	0	0	0	0	0	0	0	0	0	0	0	0	0	0	0	0	0	0	0	0	0	0	0	0	0	0	0	
N24	2.21328e-15	1.49489e-11	1.59301e-08	4.04116e-07	5.06019e-06	0.000516337	0.000278484	0.0123835	0.967317	0.019452	4.68408e-05	3.29012e-07	2.92254e-09	9.87876e-12	1.03076e-14	2.43855e-17	2.70321e-20	2.46793e-22	5.79102e-26	7.81419e-29	2.33568e-32	1.32939e-35	5.05219e-39	1.35995e-41	5.16617e-45	1.88929e-47	2.52895e-50	1.48119e-53	3.09881e-57	4.32563e-60	9.59481e-64	5.73888e-66	7.23909e-69	7.20059e-71	3.06408e-73	5.19929e-75	2.55604e-78	4.24539e-81	3.36675e-84	1.64347e-86	7.74938e-90	1.31905e-92	4.43519e-96	1.10182e-98	2.93008e-101	2.48465e-103	
N25	2.43348e-19	4.22971e-14	6.18892e-10	4.13001e-08	3.07282e-06	0.000573907	0.00087484	0.0137462	0.959271	0.0255277	3.71407e-06	3.54349e-09	7.46944e-10	5.01566e-11	4.53768e-13	5.7491e-16	2.4649e-19	9.98139e-22	3.31057e-26	9.30287e-30	3.38046e-34	2.43386e-38	9.91378e-43	3.70732e-46	1.78633e-50	1.63374e-40	3.19658e-38	5.9699e-37	9.19742e-39	9.60928e-40	1.64409e-39	1.3794e-40	6.29894e-43	6.11289e-44	1.9077e-45	3.81123e-46	1.07853e-48	1.58235e-50	1.1251e-52	9.19273e-54	3.85058e-56	8.56718e-58	2.60246e-60	1.05685e-61	3.51711e-63	5.50118e-64	
N26	5.03128e-22	4.24983e-16	4.94013e-11	7.52145e-09	4.06858e-07	0.00137697	0.000146566	0.0120449	0.98377	0.00266067	7.09018e-08	4.59542e-10	1.43346e-11	1.13786e-13	9.54763e-17	4.23082e-20	4.81877e-23	6.18284e-25	9.76575e-29	1.53401e-30	4.58718e-34	1.66937e-37	5.13207e-41	6.21025e-45	8.82282e-50	8.05715e-53	1.32401e-56	4.16985e-54	2.82451e-56	2.5465e-56	5.90961e-57	5.02701e-58	8.24934e-61	1.54685e-59	1.70475e-62	1.79327e-63	5.70954e-67	5.95221e-69	4.41937e-71	5.95821e-72	2.54553e-75	3.46328e-76	1.26906e-79	9.53334e-81	1.36446e-82	3.4407e-84	
N27	1.22216e-25	2.2952e-19	3.75515e-14	1.49563e-11	1.39493e-09	3.80489e-05	3.68068e-07	0.000542409	0.999264	0.000146469	6.78205e-07	7.54446e-06	1.12304e-07	2.10577e-10	3.1643e-12	1.26422e-11	3.57089e-13	1.22391e-12	4.67084e-17	7.31421e-20	1.99654e-24	1.55513e-28	5.2637e-33	9.21527e-36	4.37643e-41	1.67638e-42	9.97422e-41	2.34674e-40	1.66827e-42	3.21572e-43	2.10034e-44	6.13547e-45	1.09305e-47	9.56657e-48	1.03723e-49	2.85087e-50	9.22373e-54	4.49457e-56	9.72308e-59	1.08818e-59	5.44944e-63	5.78262e-65	1.80437e-68	5.75148e-70	3.73553e-72	4.51324e-73	
N28	7.671e-27	4.61678e-21	4.65939e-16	1.83502e-13	1.36258e-11	2.42343e-07	1.41977e-09	1.56807e-05	0.0870679	9.51653e-06	5.52653e-07	9.42159e-05	6.75292e-06	1.18438e-08	5.78166e-09	3.45782e-06	0.000758325	0.911167	0.000873164	3.13512e-06	1.91591e-09	4.14422e-13	1.33876e-16	7.38123e-19	4.87329e-22	1.02956e-23	2.08756e-26	1.01728e-29	5.37664e-34	3.96469e-37	2.10017e-41	6.3267e-44	2.04076e-48	6.83083e-51	3.42886e-54	1.88505e-56	2.86567e-61	3.98257e-65	1.8034e-69	1.72999e-72	1.0751e-76	5.89394e-80	1.42251e-84	6.03488e-88	6.68967e-91	4.20759e-93	
C_selaginoides	0	0	0	0	0	0	0	0	0	0	0	0	0	0	0	0	0	1	0	0	0	0	0	0	0	0	0	0	0	0	0	0	0	0	0	0	0	0	0	0	0	0	0	0	0	0	
N29	8.38642e-31	1.06983e-24	2.23627e-19	9.59923e-17	6.19286e-15	3.54097e-10	4.95137e-12	2.06009e-07	0.00252735	8.98544e-08	1.00543e-08	8.16592e-06	1.28805e-07	1.34414e-10	3.51363e-10	3.61912e-07	0.000566347	0.996302	0.000595351	1.0285e-07	4.50319e-11	1.15581e-12	5.69034e-14	3.1384e-14	1.82839e-16	6.32151e-19	3.69689e-21	1.75164e-25	2.96502e-29	4.40994e-31	5.32202e-33	4.04958e-33	2.08264e-34	2.2636e-34	1.01786e-35	2.44562e-36	3.32879e-40	1.99897e-43	9.26817e-48	7.90176e-51	1.68376e-54	1.15785e-58	3.61856e-63	9.85583e-67	1.81494e-69	5.91169e-72	
L_littorale	0	0	0	0	0	0	0	0	0	0	0	0	0	0	0	0	0	0	0	0	0	0	0	0	0	0	0	0	0	0	0	0	0	0	0	1	0	0	0	0	0	0	0	0	0	0	
N30	7.14695e-36	3.01078e-29	2.15047e-23	1.17607e-20	1.28785e-18	2.87695e-13	9.10044e-15	1.04532e-09	5.8068e-05	6.76839e-10	4.66242e-11	1.92042e-07	7.33899e-10	1.87691e-13	1.73989e-13	8.42637e-09	0.00025803	0.999398	0.000286173	1.20587e-08	1.9518e-13	5.15196e-18	6.53232e-20	3.42856e-21	5.49851e-24	4.92012e-27	1.91754e-29	2.32227e-34	1.05107e-38	9.98189e-44	1.641e-48	2.03339e-49	5.26988e-50	5.69241e-48	6.76104e-49	6.43798e-50	2.62387e-52	3.21007e-55	2.34614e-58	8.57586e-61	6.34311e-63	3.89708e-65	1.51024e-65	2.01446e-66	4.44055e-67	6.88599e-68	
N31	1.56445e-38	6.2956e-32	4.26152e-26	5.08118e-23	1.01247e-20	3.26128e-15	5.00367e-16	7.59367e-11	3.29259e-06	3.17718e-11	2.00675e-12	1.81996e-08	4.70096e-11	3.75096e-14	5.95549e-13	3.17453e-08	0.000173225	0.999636	0.000187432	5.88568e-09	2.64619e-13	2.13496e-15	4.28328e-16	5.32315e-15	2.51846e-16	4.5591e-19	6.92345e-21	8.12774e-26	1.13017e-29	7.32332e-32	7.05528e-34	4.44358e-33	1.64424e-33	1.3332e-32	1.45455e-33	2.53379e-33	1.06395e-37	5.73513e-41	7.69344e-46	7.92735e-49	1.79003e-52	2.76776e-57	7.484e-62	1.28685e-65	2.33567e-68	1.39274e-70	
L_macraei	0	0	0	0	0	0	0	0	0	0	0	0	0	0	0	0	0	0	0	0	0	0	0	0	0	0	0	0	0	0	0	0	0	0	0	1	0	0	0	0	0	0	0	0	0	0	
L_prostratum	0	0	0	0	0	0	0	0	0	0	0	0	0	0	0	0	0	1	0	0	0	0	0	0	0	0	0	0	0	0	0	0	0	0	0	0	0	0	0	0	0	0	0	0	0	0	
L_oligophyllum	0	0	0	0	0	0	0	0	0	0	0	0	0	0	0	0	0	1	0	0	0	0	0	0	0	0	0	0	0	0	0	0	0	0	0	0	0	0	0	0	0	0	0	0	0	0	
N32	1.11947e-25	8.02428e-20	3.79883e-15	6.79281e-12	1.91039e-09	7.18723e-06	4.76489e-07	0.000506074	0.999012	0.000463961	1.47454e-06	7.37606e-06	1.53766e-06	2.38328e-08	4.22228e-11	2.3299e-12	6.63584e-14	2.03575e-15	6.80807e-20	1.51258e-24	3.45678e-29	1.37165e-33	1.69303e-37	1.13945e-39	1.2178e-43	6.86051e-47	2.05438e-49	2.286e-52	1.95709e-53	2.57388e-55	9.33185e-57	7.69437e-57	1.84412e-58	1.61889e-57	5.03517e-59	2.94175e-59	3.70478e-62	1.2553e-63	1.21906e-66	9.2225e-68	1.26963e-69	2.66188e-72	5.09518e-75	1.23469e-76	3.08884e-77	1.92657e-77	
N33	9.33098e-26	5.48183e-20	1.77916e-15	4.23667e-12	1.89515e-09	1.92669e-06	2.42703e-06	0.00183894	0.965878	0.00179789	2.97582e-05	0.00019069	0.0223802	0.00753525	0.000289612	4.93043e-05	3.25981e-06	3.10677e-06	2.63803e-10	3.60502e-13	8.58033e-17	5.99284e-21	9.47218e-25	2.32979e-27	5.70156e-31	8.12584e-33	5.92236e-36	1.06226e-39	1.18035e-44	4.82862e-48	7.88441e-53	1.70443e-55	1.70373e-60	7.69656e-63	2.65357e-66	2.07358e-68	1.02404e-73	9.28152e-78	2.28735e-82	1.87677e-85	4.28835e-90	1.00679e-93	4.09059e-99	6.74501e-103	2.35658e-106	1.04771e-108	
L_kingii	0	0	0	0	0	0	0	0	0	0	0	0	1	0	0	0	0	0	0	0	0	0	0	0	0	0	0	0	0	0	0	0	0	0	0	0	0	0	0	0	0	0	0	0	0	0	
N34	1.56769e-25	6.67219e-20	2.04394e-15	2.32369e-12	2.30203e-09	1.88084e-07	6.34215e-06	0.00347672	0.85365	0.0303334	0.000146362	0.00100897	0.0217761	0.00576502	0.00726997	0.00724791	0.00858237	0.0606905	4.63286e-05	1.14386e-07	8.35475e-11	9.45242e-15	3.09618e-18	1.5126e-20	1.21569e-23	1.04455e-25	9.22006e-30	5.85986e-33	1.91297e-37	5.72287e-41	2.43805e-45	1.2269e-48	3.95364e-53	6.588e-56	2.56495e-59	1.02951e-61	1.56899e-66	4.63063e-70	1.04669e-73	1.45696e-77	4.48805e-82	2.69563e-85	3.75796e-90	4.3167e-94	2.70953e-97	5.97949e-100	
L_rupestre	0	0	0	0	0	0	0	0	0	0	0	0	0	0	0	0	0	1	0	0	0	0	0	0	0	0	0	0	0	0	0	0	0	0	0	0	0	0	0	0	0	0	0	0	0	0	
L_vernale	0	0	0	0	0	0	0	0	0	0	0	0	0	0	1	0	0	0	0	0	0	0	0	0	0	0	0	0	0	0	0	0	0	0	0	0	0	0	0	0	0	0	0	0	0	0	
L_striatum	0	0	0	0	0	0	0	0	1	0	0	0	0	0	0	0	0	0	0	0	0	0	0	0	0	0	0	0	0	0	0	0	0	0	0	0	0	0	0	0	0	0	0	0	0	0	
N35	1.8496e-19	1.07341e-14	1.43198e-10	1.82839e-08	9.85477e-07	0.0072892	0.00554114	0.123592	0.863207	0.000368885	7.70739e-07	6.85364e-08	3.15403e-09	7.76266e-12	7.22545e-14	1.07711e-14	2.48921e-15	3.834e-15	1.43452e-18	5.30841e-21	1.70077e-24	6.98314e-28	2.20865e-31	4.33285e-34	2.69343e-37	2.91566e-39	4.09506e-42	1.69084e-45	1.15319e-49	1.67263e-52	9.1328e-57	1.45739e-59	1.14726e-63	4.65197e-66	3.62667e-69	2.62435e-71	8.9632e-76	2.39388e-79	2.57559e-83	5.86672e-86	3.54478e-90	1.71033e-93	5.53906e-98	3.82396e-101	2.87792e-104	1.3813e-106	
He_micranthum	0	0	0	0	0	0	0	0	0	0	0	0	0	0	0	0	0	1	0	0	0	0	0	0	0	0	0	0	0	0	0	0	0	0	0	0	0	0	0	0	0	0	0	0	0	0	
S_digynum	0	0	0	0	0	1	0	0	0	0	0	0	0	0	0	0	0	0	0	0	0	0	0	0	0	0	0	0	0	0	0	0	0	0	0	0	0	0	0	0	0	0	0	0	0	0	
N36	2.94007e-28	5.33416e-22	1.61058e-17	3.3836e-14	1.36971e-09	1.77274e-11	2.20657e-07	2.56344e-06	1.06798e-05	0.0026819	1.56407e-07	1.80615e-10	2.25744e-06	0.00675683	0.988789	0.00175553	1.09239e-06	2.08548e-09	4.35189e-14	2.46831e-18	4.19074e-23	9.07456e-27	7.16163e-29	4.49876e-30	6.12522e-32	6.40245e-33	1.84284e-34	2.11539e-36	7.37832e-39	1.29224e-40	4.22915e-43	1.76289e-44	7.07535e-47	4.49244e-48	8.77109e-50	7.81638e-51	1.83789e-53	1.65502e-55	6.48083e-58	1.6023e-59	6.4046e-62	1.0061e-63	2.25053e-66	3.24093e-68	1.11945e-69	9.28034e-71	
N37	2.98592e-33	2.57977e-26	3.04044e-21	4.13448e-17	6.40938e-12	2.02027e-14	3.27938e-09	3.47579e-08	1.26132e-07	0.000235814	4.05715e-09	9.15407e-13	6.25179e-08	0.00156355	0.997737	0.000463256	3.84192e-08	8.01339e-12	5.70889e-17	1.61304e-19	1.41977e-23	1.22957e-27	9.33726e-32	1.98969e-35	1.93662e-38	2.26031e-39	6.84985e-41	8.4766e-39	3.44598e-42	3.5807e-42	6.33172e-46	9.78119e-47	2.38094e-50	1.64262e-51	9.93518e-55	1.19022e-55	1.88376e-59	3.17793e-61	3.08218e-63	6.01776e-64	1.72033e-67	1.02355e-67	2.01042e-71	5.49441e-72	1.11984e-73	3.30083e-75	
N38	2.93396e-33	8.00253e-28	7.90116e-23	1.00346e-18	7.36235e-14	5.52294e-16	9.2264e-11	8.31512e-10	3.89731e-09	3.21532e-05	1.23239e-09	2.26305e-13	1.40444e-08	0.00056065	0.99913	0.000276679	1.04591e-08	3.75527e-13	6.42101e-17	1.28676e-18	9.42879e-22	1.58102e-24	3.57571e-28	4.59126e-33	1.35e-38	3.93828e-42	5.50478e-46	4.5561e-48	1.07449e-52	6.34408e-55	1.0882e-60	1.79003e-64	3.66321e-68	2.34449e-70	1.71822e-72	2.61384e-75	5.27695e-79	9.24019e-81	4.52624e-82	6.40074e-82	5.45819e-85	2.59006e-85	2.51153e-88	7.69427e-89	1.36112e-90	2.28752e-92	
N39	4.60677e-38	2.09141e-31	1.98278e-26	8.33342e-23	7.40079e-18	1.52661e-19	3.40267e-14	4.94938e-13	1.09872e-11	3.75493e-07	1.38777e-11	1.40429e-14	1.76445e-09	0.00013297	0.999715	0.000151176	3.39559e-09	2.71711e-14	1.02892e-18	7.94332e-22	1.19387e-24	7.15056e-28	4.18886e-32	2.43523e-37	4.351e-43	8.53694e-48	2.87797e-52	1.68428e-55	4.5307e-60	1.27551e-63	1.20059e-69	7.98823e-75	1.26649e-80	4.68755e-86	1.65147e-91	1.23321e-97	1.41447e-104	5.96989e-111	1.5378e-117	6.36699e-38	7.04378e-38	1.43063e-36	9.70204e-37	1.06945e-35	2.01982e-35	3.96644e-35	
L_acuticarpum	0	0	0	0	0	0	0	0	0	0	0	0	0	0	1	0	0	0	0	0	0	0	0	0	0	0	0	0	0	0	0	0	0	0	0	0	0	0	0	0	0	0	0	0	0	0	
L_gracile	0	0	0	0	0	0	0	0	0	0	0	0	0	0	1	0	0	0	0	0	0	0	0	0	0	0	0	0	0	0	0	0	0	0	0	0	0	0	0	0	0	0	0	0	0	0	
L_heterostylum	0	0	0	0	0	0	0	0	0	0	0	0	0	0	1	0	0	0	0	0	0	0	0	0	0	0	0	0	0	0	0	0	0	0	0	0	0	0	0	0	0	0	0	0	0	0	
L_africanum	0	0	0	0	0	0	0	0	0	0	0	0	0	0	1	0	0	0	0	0	0	0	0	0	0	0	0	0	0	0	0	0	0	0	0	0	0	0	0	0	0	0	0	0	0	0	
L_comptonii	0	0	0	0	0	0	0	0	0	0	0	0	0	0	1	0	0	0	0	0	0	0	0	0	0	0	0	0	0	0	0	0	0	0	0	0	0	0	0	0	0	0	0	0	0	0	
Ra_linoides	0	0	0	0	0	0	0	0	1	0	0	0	0	0	0	0	0	0	0	0	0	0	0	0	0	0	0	0	0	0	0	0	0	0	0	0	0	0	0	0	0	0	0	0	0	0	
N40	1.56333e-11	2.66673e-08	2.33309e-06	0.00015555	0.000656396	0.00316227	0.00276775	0.128811	0.833978	0.0302917	0.000173184	1.35496e-06	1.16493e-08	7.04913e-11	2.21906e-13	6.73766e-16	1.20375e-18	1.25646e-20	6.84522e-24	2.12738e-26	1.02218e-29	1.25629e-32	6.40788e-36	1.52554e-38	7.04964e-42	2.29128e-44	3.66924e-47	3.20162e-50	1.31113e-53	3.11037e-56	9.04351e-60	1.54363e-62	5.36396e-66	7.2442e-69	6.36862e-72	2.39303e-74	4.9875e-78	3.63919e-81	1.62833e-84	3.56983e-87	8.30116e-91	6.06399e-94	1.41693e-97	2.09391e-100	2.07931e-103	6.99302e-106	
N41	3.88585e-12	7.37213e-09	1.38356e-06	7.53422e-05	0.000364293	0.00222991	0.00286936	0.0986682	0.861423	0.0341198	0.000236253	1.22799e-05	1.47986e-07	2.20998e-09	8.63862e-12	2.68545e-13	3.01577e-16	1.58985e-17	8.14822e-21	8.19887e-23	6.00356e-26	1.83327e-28	2.39638e-31	6.79146e-33	2.87913e-36	3.62273e-38	1.94209e-40	4.2212e-43	1.83397e-46	1.84408e-48	1.38842e-51	3.32084e-53	8.92447e-57	2.54081e-59	5.56382e-62	1.46788e-63	3.29866e-67	4.89495e-70	3.85776e-73	4.84448e-75	1.47513e-78	3.20661e-81	8.59671e-85	6.01517e-87	1.32167e-89	2.62124e-91	
N42	7.85468e-14	3.71709e-10	1.09399e-07	8.71744e-06	7.33089e-05	0.000694747	0.00360527	0.0668479	0.889859	0.0386268	0.000275975	7.5943e-06	1.96587e-07	9.44995e-09	1.28259e-10	5.09751e-12	2.92465e-14	1.46662e-15	2.01737e-18	1.34955e-20	1.57732e-23	3.41999e-26	4.54115e-29	4.269e-31	2.5752e-34	1.37297e-36	3.50884e-39	4.31801e-42	1.78062e-45	5.00504e-48	2.30451e-51	1.04797e-53	2.78258e-57	4.46169e-60	4.6068e-63	2.5022e-65	4.8434e-69	3.40475e-72	1.28698e-75	2.9795e-78	6.89411e-82	5.97155e-85	1.12326e-88	1.64556e-91	2.30113e-94	1.0077e-96	
N43	2.32444e-14	7.7929e-11	2.17812e-08	1.72525e-06	2.28111e-05	0.00050117	0.00133226	0.0727913	0.86636	0.057441	0.00144522	9.48295e-05	7.87739e-06	1.70676e-06	1.72934e-07	2.67303e-08	8.67985e-10	1.28172e-10	4.43924e-13	5.38651e-15	1.28529e-17	4.59271e-20	9.94269e-23	1.24979e-24	1.84021e-27	2.04755e-29	9.50571e-32	2.14304e-34	1.71085e-37	7.54105e-40	5.70554e-43	3.55297e-45	2.13075e-48	8.02604e-51	1.73324e-53	1.62074e-55	6.66232e-59	9.15955e-62	6.71283e-65	2.6436e-67	1.31677e-70	2.26374e-73	8.93133e-77	2.2641e-79	6.61825e-82	5.57519e-84	
N44	7.76019e-22	1.26577e-16	2.62955e-12	1.51015e-10	2.84591e-09	1.21392e-05	1.74905e-07	0.000607456	0.998552	0.000828067	1.48257e-07	4.03184e-11	7.73926e-15	1.31933e-18	1.46512e-22	1.69682e-26	1.02235e-30	9.20937e-35	1.91797e-39	5.61479e-44	9.248e-49	2.54441e-53	5.96835e-58	3.21046e-62	5.11066e-67	9.5221e-62	3.70027e-59	1.34072e-57	5.60672e-59	2.79578e-60	2.00949e-59	4.65242e-61	9.09556e-63	3.21865e-61	2.66833e-63	6.05783e-65	2.89362e-67	2.78251e-69	1.44052e-71	1.71575e-73	8.62287e-76	9.37552e-78	4.9198e-80	9.7755e-82	2.59544e-83	9.50677e-85	
N45	3.89656e-28	1.86056e-21	6.54211e-16	7.92666e-14	3.51534e-12	2.21796e-07	2.23841e-10	2.0914e-05	0.99994	3.84439e-05	2.03934e-10	7.29743e-15	3.08976e-18	1.05742e-22	2.51201e-28	3.83402e-30	1.82452e-32	1.78774e-32	4.57792e-36	1.90514e-37	1.39307e-40	8.14633e-43	1.01211e-45	4.78574e-47	6.53647e-50	2.76428e-50	5.82571e-52	3.24539e-54	1.0283e-57	6.79138e-59	2.42382e-62	3.9532e-63	1.51329e-66	7.56468e-68	1.162e-69	5.91686e-70	1.16148e-73	5.83297e-76	1.07827e-78	1.87499e-79	8.06161e-83	8.90646e-85	2.23279e-88	2.10513e-89	7.97004e-92	1.79774e-92	
N46	1.62006e-32	2.40719e-25	3.8699e-19	1.1445e-16	1.97478e-14	6.36614e-09	2.78101e-12	2.32188e-06	0.999993	4.93265e-06	3.47075e-12	1.3205e-16	2.85417e-19	8.20931e-24	3.6356e-30	4.82477e-35	4.9032e-40	1.46123e-42	6.7693e-45	3.75135e-47	4.46104e-50	5.68501e-51	3.46876e-54	4.03024e-56	4.07385e-59	9.25522e-51	8.74249e-47	3.93758e-44	2.57315e-45	1.97399e-44	1.24459e-43	2.21963e-42	8.36935e-44	1.84256e-39	3.36262e-39	4.72636e-37	4.02872e-39	2.12228e-39	2.8743e-40	3.70024e-39	2.80546e-40	5.12752e-40	4.32366e-42	1.3419e-41	2.11333e-41	2.43951e-39	
N47	3.4266e-33	1.52964e-26	8.99958e-21	1.52158e-17	7.55254e-15	5.48526e-10	7.16097e-11	1.18074e-05	0.999968	2.03627e-05	6.80246e-11	1.83619e-14	1.54894e-16	1.93315e-20	3.74875e-26	2.14125e-30	2.29553e-34	1.20948e-36	7.11807e-43	1.63412e-47	1.41449e-52	1.49204e-58	9.96353e-64	9.71629e-68	1.74837e-72	2.71481e-68	8.77524e-66	1.31924e-64	1.28473e-67	3.0659e-69	1.34122e-69	8.58831e-71	5.40216e-74	3.98812e-71	5.1951e-73	2.8249e-73	3.08427e-77	1.13142e-79	1.05079e-82	3.35767e-84	4.28412e-87	5.25079e-89	5.77854e-93	3.48478e-95	8.80135e-97	4.01653e-97	
N48	6.94739e-35	8.08259e-28	1.28987e-21	2.27053e-18	1.25023e-15	3.84531e-10	4.15444e-11	9.00994e-06	0.999975	1.55296e-05	3.98068e-11	3.9752e-15	5.9755e-18	2.74878e-22	4.05068e-28	8.72134e-33	3.31305e-37	3.0917e-40	1.36672e-46	1.16323e-51	3.707e-57	2.82989e-63	4.84297e-68	7.70461e-70	2.89627e-72	8.77303e-73	1.93495e-70	3.87997e-69	4.24218e-72	5.49927e-74	3.86223e-74	1.04059e-75	6.96061e-79	2.96593e-76	1.88199e-78	2.44731e-79	2.63458e-83	4.69092e-86	2.27896e-89	2.82593e-91	1.67397e-94	8.10812e-97	7.45267e-101	1.81938e-103	1.63741e-105	1.28375e-106	
N49	1.47933e-37	5.63632e-30	2.76373e-23	6.28253e-20	4.45842e-17	4.42427e-11	3.01451e-12	2.42958e-06	0.999993	4.23888e-06	2.9465e-12	1.21177e-16	1.19861e-19	2.2476e-24	8.28645e-31	6.47798e-36	7.99841e-41	3.62356e-44	1.91194e-46	3.66227e-49	7.44676e-52	9.47957e-52	5.59911e-55	4.88731e-57	7.65756e-60	7.2789e-61	2.54151e-63	2.09551e-66	7.28898e-71	9.81445e-74	5.22447e-78	2.72353e-80	3.29783e-85	2.34059e-38	4.19207e-38	2.516e-36	5.01685e-38	2.69861e-38	3.85785e-39	1.88107e-38	3.50145e-39	6.45493e-39	1.43099e-40	1.46061e-40	5.5615e-40	3.13414e-38	
N50	1.49451e-40	2.181e-32	4.08605e-25	1.53952e-21	1.78828e-18	6.60296e-12	2.76743e-13	7.36631e-07	0.999998	1.27558e-06	2.66605e-13	4.78715e-18	2.76064e-21	2.09597e-26	2.12896e-33	5.98354e-39	2.61109e-44	4.73701e-48	5.99322e-56	1.858e-62	7.80566e-70	1.55287e-38	3.43528e-39	1.25613e-38	9.29592e-39	5.95822e-37	1.16268e-36	5.96662e-37	1.11547e-38	1.24208e-38	6.97171e-40	6.03613e-39	1.59054e-40	8.93863e-39	1.61657e-38	1.31881e-36	1.93573e-38	1.02954e-38	1.39839e-39	6.77687e-39	1.29796e-39	2.45282e-39	3.95271e-41	3.7771e-41	1.52344e-40	1.18753e-38	
L_alpinum	0	0	0	0	0	0	0	0	1	0	0	0	0	0	0	0	0	0	0	0	0	0	0	0	0	0	0	0	0	0	0	0	0	0	0	0	0	0	0	0	0	0	0	0	0	0	
L_punctatum1	0	0	0	0	0	0	0	0	1	0	0	0	0	0	0	0	0	0	0	0	0	0	0	0	0	0	0	0	0	0	0	0	0	0	0	0	0	0	0	0	0	0	0	0	0	0	
L_perenne	0	0	0	0	0	0	0	0	1	0	0	0	0	0	0	0	0	0	0	0	0	0	0	0	0	0	0	0	0	0	0	0	0	0	0	0	0	0	0	0	0	0	0	0	0	0	
L_lewisii	0	0	0	0	0	0	0	0	1	0	0	0	0	0	0	0	0	0	0	0	0	0	0	0	0	0	0	0	0	0	0	0	0	0	0	0	0	0	0	0	0	0	0	0	0	0	
L_leonii	0	0	0	0	0	0	0	0	1	0	0	0	0	0	0	0	0	0	0	0	0	0	0	0	0	0	0	0	0	0	0	0	0	0	0	0	0	0	0	0	0	0	0	0	0	0	
N51	1.36771e-31	2.99852e-25	8.67974e-20	1.00784e-16	3.5875e-14	1.8949e-09	6.99763e-10	3.68792e-05	0.999901	6.23207e-05	6.42287e-10	2.65329e-13	1.60945e-15	2.99854e-19	1.79287e-24	1.57568e-28	2.58521e-32	9.97961e-35	1.94595e-40	7.00501e-45	1.04947e-49	3.63312e-55	4.39559e-60	7.29537e-64	2.48795e-68	2.95816e-71	2.14972e-75	4.07566e-80	5.62843e-86	1.86447e-90	4.08842e-96	7.33675e-100	1.13113e-105	7.02072e-109	2.76342e-113	2.10395e-116	1.3392e-122	1.32748e-127	3.4474e-133	2.08402e-137	6.34387e-143	1.44583e-147	6.06332e-154	6.02576e-159	2.24152e-163	6.54182e-167	
L_austr_mauritanicum	0	0	0	0	0	0	0	0	1	0	0	0	0	0	0	0	0	0	0	0	0	0	0	0	0	0	0	0	0	0	0	0	0	0	0	0	0	0	0	0	0	0	0	0	0	0	
L_austriacum	0	0	0	0	0	0	0	0	1	0	0	0	0	0	0	0	0	0	0	0	0	0	0	0	0	0	0	0	0	0	0	0	0	0	0	0	0	0	0	0	0	0	0	0	0	0	
L_pallescens	0	0	0	0	0	0	0	0	1	0	0	0	0	0	0	0	0	0	0	0	0	0	0	0	0	0	0	0	0	0	0	0	0	0	0	0	0	0	0	0	0	0	0	0	0	0	
L_pycnophyllum	0	0	0	0	0	0	0	0	1	0	0	0	0	0	0	0	0	0	0	0	0	0	0	0	0	0	0	0	0	0	0	0	0	0	0	0	0	0	0	0	0	0	0	0	0	0	
N52	6.18615e-20	3.86818e-15	1.74538e-11	2.5563e-09	4.60912e-07	8.81669e-06	9.94365e-05	0.00909357	0.390962	0.0924648	0.00224045	0.00223126	0.00582932	0.0046772	0.0528549	0.159373	0.134735	0.145196	0.00023211	4.61884e-07	2.33188e-10	1.24476e-13	4.06577e-17	4.35962e-20	1.21735e-23	1.21581e-26	5.54331e-30	1.39072e-33	1.61378e-37	5.40451e-41	4.80957e-45	1.73875e-48	1.60423e-52	5.69843e-56	1.08369e-59	5.75968e-63	3.21315e-67	4.24894e-71	3.10024e-75	6.63762e-79	3.7773e-83	5.17209e-87	2.42788e-91	4.34879e-95	1.10393e-98	4.96213e-102	
L_aroanium1	0	0	0	0	0	0	0	0	0	0	0	0	0	0	0	0	0	1	0	0	0	0	0	0	0	0	0	0	0	0	0	0	0	0	0	0	0	0	0	0	0	0	0	0	0	0	
L_nervosum	0	0	0	0	0	0	0	0	0	0	0	0	0	0	1	0	0	0	0	0	0	0	0	0	0	0	0	0	0	0	0	0	0	0	0	0	0	0	0	0	0	0	0	0	0	0	
N53	1.36464e-16	2.39752e-12	1.49313e-09	2.82051e-07	1.01161e-05	0.000103674	0.0183821	0.0606384	0.866543	0.0540766	0.000127371	3.20755e-05	5.87103e-05	2.7774e-05	3.62127e-07	2.58087e-09	4.255e-12	3.85046e-14	1.16113e-17	1.72248e-20	6.40466e-24	4.41956e-27	1.85529e-30	4.36507e-33	1.2714e-36	2.65256e-39	2.2361e-42	8.54686e-46	1.22003e-49	9.32899e-53	1.15129e-56	1.12042e-59	1.11339e-63	6.73396e-67	2.2717e-70	3.21829e-73	2.00885e-77	4.11698e-81	4.45273e-85	2.53138e-88	1.78374e-92	4.14891e-96	2.30309e-100	8.13821e-104	3.11244e-107	3.19421e-110	
N54	4.50002e-18	9.85211e-14	2.41314e-10	2.99703e-08	3.53681e-06	2.95355e-05	0.0221702	0.0225083	0.326975	0.0467231	0.000219304	0.000741094	0.0395732	0.490104	0.0420312	0.00887826	2.99558e-05	1.29482e-05	2.52152e-08	1.86857e-09	5.12092e-12	3.09915e-14	7.0614e-17	4.86533e-18	2.23855e-21	9.21475e-23	6.05406e-25	1.07017e-27	2.23279e-31	1.99673e-33	6.81898e-37	2.14762e-38	2.25987e-42	7.17914e-45	1.46315e-47	4.76431e-49	3.70378e-53	3.00651e-56	9.95663e-60	1.07067e-61	1.32638e-65	1.82399e-68	1.37962e-72	6.00005e-75	7.05775e-78	1.22304e-79	
N55	3.68366e-20	8.9934e-16	2.18947e-12	4.15285e-10	1.03804e-06	2.34005e-06	0.00276374	0.00150183	0.0217436	0.0970835	0.00211869	0.000169673	0.0158404	0.668332	0.183768	0.00575532	0.00013017	0.000690671	7.24552e-05	2.46728e-05	2.65664e-06	1.7677e-08	9.77644e-11	1.65936e-12	3.53333e-15	6.87839e-17	2.0105e-19	1.09222e-21	5.75683e-25	1.5121e-27	8.7013e-31	3.91282e-33	1.41168e-36	2.91141e-39	4.10709e-42	3.59239e-44	7.7023e-48	7.84672e-51	1.53461e-53	1.213e-54	2.25912e-56	2.53613e-57	2.05437e-59	7.28972e-61	4.99346e-62	1.03983e-62	
N56	5.05071e-32	2.08671e-25	1.87062e-20	2.92117e-17	4.42124e-12	2.20296e-14	3.30677e-09	5.75644e-09	1.81426e-08	9.17826e-05	6.22969e-09	1.82188e-12	6.88983e-08	0.00141288	0.998351	0.000144525	1.28228e-08	3.4209e-12	2.55297e-16	2.01798e-20	6.62368e-25	5.80525e-30	2.84091e-35	1.30611e-40	6.49082e-46	1.98601e-50	1.51838e-55	2.8475e-60	6.42406e-66	4.53467e-71	1.09607e-76	2.98514e-82	4.40849e-88	3.26156e-94	2.6832e-100	5.37555e-106	1.69019e-112	1.27473e-118	9.83748e-126	5.92037e-33	3.89871e-33	8.32566e-33	3.3103e-33	3.252e-33	2.70571e-33	8.68185e-33	
L_bienne	0	0	0	0	0	0	0	0	0	0	0	0	0	0	1	0	0	0	0	0	0	0	0	0	0	0	0	0	0	0	0	0	0	0	0	0	0	0	0	0	0	0	0	0	0	0	
L_usitatissimum	0	0	0	0	0	0	0	0	0	0	0	0	0	0	1	0	0	0	0	0	0	0	0	0	0	0	0	0	0	0	0	0	0	0	0	0	0	0	0	0	0	0	0	0	0	0	
L_hologynum	0	0	0	0	0	0	0	0	0	0	0	0	0	0	0	0	0	0	0	0	1	0	0	0	0	0	0	0	0	0	0	0	0	0	0	0	0	0	0	0	0	0	0	0	0	0	
L_narbonense	0	0	0	0	0	0	0	0	0	0	0	0	0	1	0	0	0	0	0	0	0	0	0	0	0	0	0	0	0	0	0	0	0	0	0	0	0	0	0	0	0	0	0	0	0	0	
N57	3.31639e-16	4.07376e-12	1.27952e-09	1.05947e-06	1.35867e-05	0.000248974	0.00200211	0.194468	0.797356	0.00590048	9.76117e-06	7.64184e-08	8.83882e-10	4.16231e-12	3.16399e-15	1.23233e-18	3.53551e-22	5.47057e-25	2.63547e-28	3.64521e-31	5.41874e-34	1.59364e-37	6.17935e-41	2.60826e-44	8.23659e-48	1.63567e-50	8.12119e-54	1.29042e-56	2.23026e-60	1.31115e-63	2.02845e-67	8.1532e-71	1.26036e-74	3.31841e-78	7.35815e-82	6.48019e-85	8.22589e-89	4.91664e-92	2.17354e-95	1.31737e-98	4.53332e-102	4.93091e-105	6.40414e-109	2.3933e-112	1.3739e-115	1.71977e-118	
L_decumbens1	0	0	0	0	0	0	0	0	1	0	0	0	0	0	0	0	0	0	0	0	0	0	0	0	0	0	0	0	0	0	0	0	0	0	0	0	0	0	0	0	0	0	0	0	0	0	
L_grandiflorum	0	0	0	0	0	0	0	1	0	0	0	0	0	0	0	0	0	0	0	0	0	0	0	0	0	0	0	0	0	0	0	0	0	0	0	0	0	0	0	0	0	0	0	0	0	0	
L_stelleroides	0	0	0	0	0	0	0	0	1	0	0	0	0	0	0	0	0	0	0	0	0	0	0	0	0	0	0	0	0	0	0	0	0	0	0	0	0	0	0	0	0	0	0	0	0	0	
N58	5.97681e-13	1.94807e-09	1.94443e-08	3.9338e-05	4.64863e-05	1.43939e-05	0.00312289	0.955983	0.0406454	0.000147934	2.00878e-07	4.21881e-10	7.79554e-13	1.07704e-15	9.09706e-19	8.23598e-22	5.69702e-25	7.86991e-28	2.54763e-31	1.38502e-34	3.81592e-38	1.33827e-41	3.56163e-45	2.23412e-48	6.37706e-52	4.19381e-55	1.80845e-58	6.19178e-62	1.33478e-65	5.56618e-69	9.7937e-73	3.91595e-76	7.93091e-80	3.31454e-83	9.19021e-87	5.22855e-90	8.11737e-94	2.28726e-97	4.16014e-101	1.34443e-104	2.04728e-108	5.65659e-112	8.89105e-116	3.52625e-119	1.82803e-122	1.35906e-125	
N59	1.53986e-15	2.39369e-11	5.0585e-10	5.13112e-06	3.11558e-06	6.28353e-07	0.000793085	0.992155	0.00703911	3.90886e-06	1.1343e-09	7.42898e-12	2.14541e-15	1.93327e-18	4.62352e-22	2.02744e-24	9.19077e-29	1.8722e-31	5.71291e-36	2.53545e-39	1.51072e-43	2.62431e-47	4.41734e-51	1.28993e-53	2.87111e-58	1.26889e-61	4.11372e-65	6.5701e-69	1.74684e-73	1.08112e-76	1.28403e-80	2.7909e-83	4.7227e-88	6.7269e-92	6.75291e-96	1.23265e-98	1.98835e-103	2.02422e-107	9.9498e-112	7.21294e-115	1.84921e-119	3.625e-123	6.66569e-128	3.01635e-131	8.74669e-135	1.36825e-137	
N60	4.18328e-17	1.21626e-12	5.92497e-11	7.9299e-07	3.35663e-07	2.07654e-07	0.000517666	0.997445	0.00203559	5.42979e-07	3.55736e-10	7.21815e-12	7.59621e-16	7.18256e-19	2.80164e-22	2.80345e-24	8.44245e-29	8.45257e-32	2.06187e-36	5.50351e-40	6.17197e-44	1.57442e-47	7.03856e-51	3.53163e-53	6.41025e-58	1.47182e-61	4.15599e-65	8.65355e-69	2.02187e-73	2.28194e-76	6.89e-80	2.38069e-82	3.67085e-87	4.61429e-91	2.30555e-95	5.52688e-98	8.2777e-103	8.87809e-107	4.21709e-111	2.21238e-114	8.65988e-119	3.14081e-122	5.63952e-127	4.34208e-130	3.21674e-133	8.34695e-136	
L_hirsutum	0	0	0	0	0	0	0	1	0	0	0	0	0	0	0	0	0	0	0	0	0	0	0	0	0	0	0	0	0	0	0	0	0	0	0	0	0	0	0	0	0	0	0	0	0	0	
L_seljukorum	0	0	0	0	0	0	0	1	0	0	0	0	0	0	0	0	0	0	0	0	0	0	0	0	0	0	0	0	0	0	0	0	0	0	0	0	0	0	0	0	0	0	0	0	0	0	
L_viscosum	0	0	0	0	0	0	0	1	0	0	0	0	0	0	0	0	0	0	0	0	0	0	0	0	0	0	0	0	0	0	0	0	0	0	0	0	0	0	0	0	0	0	0	0	0	0	
L_pubescens	0	0	0	0	0	0	0	1	0	0	0	0	0	0	0	0	0	0	0	0	0	0	0	0	0	0	0	0	0	0	0	0	0	0	0	0	0	0	0	0	0	0	0	0	0	0	
Re_indica	0	0	0	0	0	0	0	0	0	0	1	0	0	0	0	0	0	0	0	0	0	0	0	0	0	0	0	0	0	0	0	0	0	0	0	0	0	0	0	0	0	0	0	0	0	0	
