NODE	1	2	3	4	5	6	7	8	9	10	11	12	13	14	15	16	17	18	19	20	21	22	23	24	25	26	27	28	29	30	31	32	33	34	35	36	37	38	39	40	41	42	43	44	45	46	
N1	2.20757e-08	4.44468e-06	0.000144707	0.00287625	0.00647394	0.0224446	0.0240914	0.216318	0.657037	0.0695012	0.00110615	2.58639e-06	1.37235e-09	2.31494e-13	7.99955e-19	4.47718e-21	1.80907e-23	5.5039e-26	1.30243e-28	2.45972e-31	3.78552e-34	4.82982e-37	5.18249e-40	4.73397e-43	3.71965e-46	2.53663e-49	1.51312e-52	7.94878e-56	3.69947e-59	1.5335e-62	5.68805e-66	1.89577e-69	5.69847e-73	1.54994e-76	3.82589e-80	8.59316e-84	1.76032e-87	3.2957e-91	5.64963e-95	8.88192e-99	1.28239e-102	1.70249e-106	2.08041e-110	2.3421e-114	2.43427e-118	2.52851e-122	
N2	9.99654e-09	1.65578e-06	6.78542e-05	0.00148302	0.00384906	0.0140254	0.0190754	0.216872	0.69419	0.0499618	0.000469669	4.15922e-06	2.38635e-08	2.15717e-10	6.86481e-13	2.91934e-15	1.50188e-18	2.26426e-20	3.25286e-24	2.29282e-26	2.6491e-30	4.75933e-33	5.00199e-37	1.20933e-39	5.8464e-44	1.43125e-46	1.0761e-49	3.60706e-53	1.54987e-57	5.31639e-60	1.30384e-64	3.17774e-67	1.35006e-71	3.07523e-75	2.71121e-79	1.23198e-81	9.27048e-87	2.32101e-90	1.68398e-94	3.99358e-97	3.21373e-102	6.94582e-106	8.53149e-111	1.67601e-113	5.02014e-118	4.57523e-121	
N3	9.79498e-12	4.79663e-09	4.48646e-07	1.43531e-05	6.79146e-05	0.0014186	0.00114199	0.0568895	0.919555	0.0208338	7.79661e-05	2.70319e-07	3.88684e-10	4.85697e-13	2.76443e-16	1.76715e-19	3.99596e-23	2.69975e-26	2.38151e-30	5.67056e-34	4.07047e-38	4.67624e-42	2.73323e-46	6.29962e-50	1.90012e-54	2.61574e-58	1.97331e-62	1.01929e-66	1.97827e-71	1.90943e-75	2.7293e-80	2.51123e-84	2.82744e-89	1.20778e-93	2.39405e-98	6.97581e-102	2.92444e-106	6.96775e-110	6.05631e-114	1.87898e-117	6.87288e-122	1.10141e-125	2.49789e-130	5.04735e-134	7.1102e-138	3.25412e-141	
N4	1.18998e-13	1.62648e-10	3.94531e-08	2.06213e-06	2.76907e-05	0.000358735	0.000862985	0.0554203	0.93088	0.0124362	1.18591e-05	2.40521e-08	7.74726e-11	1.14121e-13	4.72559e-17	4.07766e-20	5.64862e-24	3.19051e-26	6.91708e-31	5.26543e-34	1.22378e-38	1.8661e-42	4.5922e-47	2.10259e-50	2.25357e-55	7.11309e-50	5.38278e-49	3.75435e-49	5.79755e-51	8.34556e-51	5.60888e-53	1.805e-53	7.1085e-56	5.19931e-56	7.05592e-58	3.09709e-58	1.73658e-61	3.18262e-63	1.5241e-65	2.51879e-66	2.5561e-69	5.35114e-71	3.87157e-74	5.42801e-75	3.48272e-77	5.42567e-78	
N5	7.67919e-16	3.221e-12	2.55396e-09	1.88318e-07	6.86127e-06	0.000120418	0.000855842	0.0203183	0.958414	0.0202672	1.59493e-05	9.84429e-07	9.45966e-09	4.96845e-11	1.70832e-14	1.18826e-16	4.14857e-21	3.67775e-23	3.25871e-28	1.91152e-31	3.43045e-36	2.23724e-40	5.81144e-45	1.17009e-47	3.1103e-53	2.35821e-56	2.59471e-60	8.06241e-65	1.38946e-70	4.02913e-74	1.62685e-79	2.29285e-82	1.38152e-88	6.80559e-93	8.53803e-98	1.0606e-100	3.52321e-107	6.94957e-112	2.81152e-117	5.4702e-121	4.72921e-127	1.07444e-131	2.59806e-138	3.11498e-142	1.89465e-147	5.31131e-151	
N6	2.26993e-16	5.08097e-13	2.92422e-10	2.46226e-08	5.84752e-07	6.54439e-05	5.81903e-05	0.00920739	0.981322	0.00933617	1.01651e-05	2.435e-08	1.1181e-10	1.70944e-13	6.99481e-17	4.61121e-20	1.04963e-23	5.24509e-26	1.6677e-30	1.05988e-33	3.83367e-38	4.69587e-42	1.97429e-46	9.20838e-50	2.09301e-54	1.9878e-57	3.4471e-61	1.9545e-65	2.55785e-70	2.51394e-72	1.44857e-75	5.49622e-77	5.57464e-80	2.18875e-81	1.06762e-83	1.16458e-84	2.93809e-88	1.75405e-90	2.81728e-93	1.05414e-94	4.78492e-98	3.27905e-100	8.43465e-104	1.92656e-105	7.09854e-108	3.25412e-109	
N7	1.77192e-24	3.07428e-19	1.01809e-14	1.31662e-12	1.55048e-09	3.54584e-07	9.97956e-08	0.000108451	0.99183	0.00806111	2.15492e-07	9.05959e-12	6.64816e-16	1.11142e-20	3.98494e-26	1.95833e-31	2.05853e-34	5.37458e-36	2.33737e-39	7.69856e-42	4.48854e-45	4.69775e-48	2.5896e-51	1.10392e-53	5.522e-57	4.30008e-59	7.67886e-62	4.52051e-65	5.96474e-69	9.88729e-72	6.60566e-76	8.14933e-79	2.44163e-83	8.13669e-35	7.11213e-35	8.9344e-34	7.65838e-35	9.20398e-35	3.23287e-35	1.36293e-34	2.72751e-35	4.56492e-35	4.47266e-36	1.33956e-35	2.09358e-35	2.53459e-34	
L_corymbiferum	0	0	0	0	0	0	0	0	1	0	0	0	0	0	0	0	0	0	0	0	0	0	0	0	0	0	0	0	0	0	0	0	0	0	0	0	0	0	0	0	0	0	0	0	0	0	
N8	3.50712e-28	4.22552e-22	6.22275e-17	2.67066e-14	1.62656e-10	9.61103e-09	2.121e-08	6.48245e-06	0.981157	0.0188362	4.13797e-08	1.62378e-12	1.75934e-15	3.80564e-20	1.79831e-26	1.38367e-31	2.88621e-37	1.70657e-40	2.25018e-48	5.22845e-54	1.77687e-61	3.69897e-51	3.13803e-37	1.24704e-36	1.75431e-37	2.30448e-35	4.55845e-35	2.30857e-35	1.98532e-37	1.2783e-36	2.76359e-38	6.65442e-37	6.50792e-39	1.92841e-37	1.89034e-37	5.07465e-35	2.0458e-37	2.29099e-37	4.76899e-38	7.17768e-37	4.71774e-38	9.18061e-38	3.78824e-40	4.22363e-39	3.21451e-39	4.25349e-37	
L_gallicum	0	0	0	0	0	0	0	0	0	1	0	0	0	0	0	0	0	0	0	0	0	0	0	0	0	0	0	0	0	0	0	0	0	0	0	0	0	0	0	0	0	0	0	0	0	0	
L_strictum	0	0	0	0	0	0	0	0	1	0	0	0	0	0	0	0	0	0	0	0	0	0	0	0	0	0	0	0	0	0	0	0	0	0	0	0	0	0	0	0	0	0	0	0	0	0	
N9	3.79592e-19	2.63542e-15	4.42623e-12	4.74942e-10	1.35354e-08	6.50989e-06	2.15378e-06	0.00237336	0.995424	0.00219296	6.13895e-07	4.46783e-10	9.82579e-13	5.17955e-16	6.57153e-20	1.62276e-23	2.0619e-27	9.37164e-29	4.47318e-33	2.28531e-36	4.73194e-40	5.23668e-41	2.38129e-42	5.17204e-43	7.57925e-47	1.76655e-49	5.30856e-53	3.98937e-57	4.67728e-62	1.70697e-63	3.48463e-65	3.2033e-65	4.89043e-67	1.75749e-67	8.84345e-69	5.03382e-69	9.98058e-74	2.17844e-77	7.95282e-82	4.34562e-85	3.61692e-90	2.99592e-94	7.60784e-100	1.17806e-103	3.76822e-108	1.37477e-111	
L_setaceum	0	0	0	0	0	0	0	0	1	0	0	0	0	0	0	0	0	0	0	0	0	0	0	0	0	0	0	0	0	0	0	0	0	0	0	0	0	0	0	0	0	0	0	0	0	0	
N10	1.35428e-26	3.72929e-21	2.47694e-16	4.23116e-14	1.77372e-12	7.20572e-08	1.29253e-09	7.03876e-05	0.999901	2.8535e-05	5.93061e-08	2.497e-08	9.37617e-12	5.30359e-16	2.44692e-17	3.93283e-18	1.48874e-20	4.15893e-20	4.6308e-26	5.80364e-31	9.86253e-37	1.28025e-21	3.16864e-20	4.7113e-18	2.53101e-20	3.4324e-21	4.05721e-23	1.11993e-25	3.15885e-29	2.18298e-28	3.68935e-27	4.69898e-24	5.0354e-23	3.86331e-20	2.54224e-18	2.88567e-15	2.53667e-18	3.83434e-20	8.95225e-23	3.82426e-24	2.62845e-27	1.87357e-29	2.34102e-33	2.39114e-35	6.12864e-38	2.18474e-39	
L_suffruticosum1	0	0	0	0	0	0	0	0	0	0	0	0	0	0	0	0	0	0	0	0	0	0	0	0	0	0	0	0	0	0	0	0	0	0	0	1	0	0	0	0	0	0	0	0	0	0	
L_tenuifolium1	0	0	0	0	0	0	0	0	1	0	0	0	0	0	0	0	0	0	0	0	0	0	0	0	0	0	0	0	0	0	0	0	0	0	0	0	0	0	0	0	0	0	0	0	0	0	
N11	5.44288e-17	2.37792e-13	2.51604e-10	1.80931e-08	5.31021e-06	3.99237e-05	0.00615036	0.00550267	0.860266	0.126457	0.000539311	0.000546266	0.000452764	3.99564e-05	3.73403e-08	1.62978e-10	5.78003e-14	8.22841e-16	2.65014e-20	1.43262e-23	8.82159e-28	6.57501e-32	3.94558e-36	5.27763e-39	1.01104e-43	1.58157e-46	3.16799e-50	1.70603e-54	1.02064e-59	2.43155e-63	1.71682e-68	1.47646e-71	3.80195e-77	8.40428e-81	3.14203e-85	4.00541e-88	5.06156e-94	1.97068e-98	1.62976e-103	2.80954e-107	1.11874e-112	5.01462e-117	4.51325e-123	3.5402e-127	9.98078e-132	4.80672e-135	
N12	2.1175e-22	6.81766e-18	7.00347e-14	3.9287e-12	9.97233e-10	4.43552e-07	0.000219311	5.49425e-05	0.0306211	0.00036062	4.75176e-06	0.000208083	0.18065	0.781315	0.00656342	1.93099e-06	5.05692e-10	9.13431e-13	2.0498e-17	8.98618e-21	7.46779e-26	3.54102e-30	5.19417e-35	2.23305e-37	5.72593e-40	1.36414e-40	4.01514e-40	2.37127e-42	4.61968e-45	2.88498e-46	1.72262e-49	1.78439e-51	4.21162e-54	3.57665e-56	1.39891e-58	1.14681e-59	3.88245e-63	3.23658e-65	8.22673e-68	4.4329e-69	1.59245e-72	8.76282e-75	3.50981e-78	1.101e-79	3.36754e-82	7.36377e-84	
N13	7.91776e-27	9.20399e-22	2.22529e-17	3.63763e-15	1.43176e-11	3.0631e-09	2.07221e-05	9.4378e-07	0.00104066	2.02304e-05	2.2088e-08	2.0296e-06	0.0213222	0.970358	0.00723455	9.15936e-07	1.47129e-10	1.35276e-12	1.24372e-16	1.48155e-20	3.22935e-25	4.53032e-30	4.14414e-35	1.61349e-38	7.15191e-44	1.09685e-46	4.20906e-53	9.61695e-57	9.45226e-60	4.80702e-58	5.50997e-59	1.55711e-55	3.37901e-56	3.72935e-56	3.26521e-56	2.68215e-54	4.98504e-56	2.76434e-54	1.07991e-50	1.30284e-50	3.40076e-52	6.8143e-51	9.84188e-53	8.90266e-52	6.26986e-52	3.35231e-50	
N14	3.31194e-32	1.78749e-26	2.88791e-21	6.93644e-19	7.12558e-15	4.21228e-12	1.83978e-07	5.59366e-10	3.1034e-06	1.44386e-09	1.51214e-13	5.26928e-09	0.00032725	0.999525	0.000144242	1.88281e-09	7.82118e-15	2.0294e-18	1.21879e-22	2.78357e-27	1.57078e-31	1.37677e-37	4.81525e-43	4.88188e-49	6.90189e-55	2.81472e-59	3.91319e-66	3.79571e-71	3.47265e-79	5.70241e-86	3.43526e-35	3.519e-35	4.78613e-36	1.95519e-36	1.51285e-36	3.96756e-36	4.46921e-37	7.79092e-36	1.4427e-35	1.00637e-35	3.25292e-36	9.38669e-35	3.2451e-36	5.22994e-36	8.30519e-36	9.2825e-35	
L_album	0	0	0	0	0	0	0	0	0	0	0	0	0	1	0	0	0	0	0	0	0	0	0	0	0	0	0	0	0	0	0	0	0	0	0	0	0	0	0	0	0	0	0	0	0	0	
L_mucronatum1	0	0	0	0	0	0	0	0	0	0	0	0	0	1	0	0	0	0	0	0	0	0	0	0	0	0	0	0	0	0	0	0	0	0	0	0	0	0	0	0	0	0	0	0	0	0	
N15	1.81437e-35	6.11607e-28	2.77642e-22	3.09437e-19	3.68427e-14	6.40995e-13	7.60448e-08	1.60723e-09	3.44957e-06	5.55248e-07	1.87605e-11	6.83247e-10	0.000113163	0.943603	0.056279	6.17865e-07	3.44032e-12	3.48758e-15	9.79496e-20	1.70869e-25	3.64414e-27	1.11723e-30	3.01038e-33	1.58972e-35	6.54868e-38	1.32035e-38	3.82368e-42	3.97631e-43	3.32946e-47	1.28198e-49	5.89059e-53	1.40588e-55	1.96168e-59	9.42211e-63	1.42847e-65	3.71266e-67	3.97706e-71	1.37953e-72	2.86361e-75	1.56632e-78	2.08558e-82	6.33736e-84	7.38624e-89	3.03126e-92	1.41818e-95	1.13836e-97	
N16	5.19016e-39	1.1108e-33	4.068e-27	1.08954e-23	6.64777e-18	2.79521e-16	6.77487e-10	7.63586e-13	1.40297e-08	3.03629e-09	3.53903e-15	6.15484e-13	2.68358e-06	0.949279	0.0507186	2.59082e-08	2.29903e-15	4.68758e-21	6.15459e-26	1.56646e-31	1.02624e-33	4.81768e-34	4.77771e-34	7.17049e-36	9.75241e-38	2.24363e-35	4.35656e-36	1.19231e-33	8.44435e-36	1.0637e-33	5.14755e-36	6.85202e-36	9.19938e-37	4.69309e-37	4.50272e-37	1.56671e-38	1.01606e-40	1.93705e-38	3.84037e-38	3.13618e-38	1.01707e-38	4.49856e-36	1.45261e-38	1.01615e-36	2.01714e-36	5.89597e-36	
N17	1.07974e-35	1.65363e-31	8.7148e-28	1.16324e-25	1.08609e-20	3.60723e-17	1.47256e-11	2.77466e-15	1.57042e-10	1.63568e-12	1.44709e-17	5.53714e-12	6.59755e-06	0.998114	0.0018796	2.89045e-09	9.92011e-16	1.35107e-22	2.03595e-26	4.47993e-31	2.70024e-32	2.47328e-34	9.58903e-37	6.48432e-41	1.29184e-45	8.95761e-47	2.04404e-49	7.12762e-50	4.2104e-54	9.06571e-55	9.07634e-60	1.14772e-62	2.55922e-66	1.17066e-69	8.01697e-73	1.36668e-77	2.55447e-83	7.61884e-86	5.48152e-39	1.0581e-38	1.29232e-38	2.55381e-36	3.56511e-38	2.70225e-36	5.35455e-36	1.03754e-35	
N18	1.79179e-35	1.59498e-31	5.0321e-28	7.96643e-27	4.37145e-22	1.55145e-18	4.49736e-13	5.20599e-17	2.23773e-12	1.8093e-15	1.2377e-17	1.0694e-11	9.24763e-06	0.999887	0.000103533	2.07961e-10	9.56289e-17	8.62737e-23	1.32316e-25	5.47974e-30	5.60372e-33	2.83913e-39	9.56791e-45	3.88102e-52	9.3477e-60	5.00981e-64	2.42338e-36	4.05025e-34	2.98548e-36	6.33543e-35	9.75111e-37	9.90552e-37	9.73438e-38	4.64056e-38	4.42049e-38	1.40156e-39	2.20734e-41	2.88613e-39	5.72883e-39	1.05028e-38	1.26988e-38	2.53905e-36	1.45128e-38	1.07755e-37	2.0338e-37	1.79478e-36	
L_arboreum	0	0	0	0	0	0	0	0	0	0	0	0	0	1	0	0	0	0	0	0	0	0	0	0	0	0	0	0	0	0	0	0	0	0	0	0	0	0	0	0	0	0	0	0	0	0	
L_elegans	0	0	0	0	0	0	0	0	0	0	0	0	0	1	0	0	0	0	0	0	0	0	0	0	0	0	0	0	0	0	0	0	0	0	0	0	0	0	0	0	0	0	0	0	0	0	
L_campanulatum	0	0	0	0	0	0	0	0	0	0	0	0	0	1	0	0	0	0	0	0	0	0	0	0	0	0	0	0	0	0	0	0	0	0	0	0	0	0	0	0	0	0	0	0	0	0	
N19	6.56438e-37	8.99425e-32	7.93347e-28	9.78821e-25	6.49321e-19	9.03766e-18	8.0488e-12	8.13885e-14	1.6643e-10	5.46594e-11	6.85675e-15	5.82195e-13	1.43767e-06	0.9076	0.0923988	1.01656e-07	2.15223e-14	1.08613e-19	6.15443e-23	3.27176e-28	4.01701e-30	2.45747e-34	6.63453e-37	3.60793e-41	1.61034e-44	1.55368e-44	3.78307e-47	2.03339e-47	1.96078e-52	1.1979e-54	1.2831e-58	1.7586e-61	4.60107e-66	1.40389e-69	1.06943e-72	1.75738e-77	5.38478e-82	2.8411e-83	2.30631e-37	4.27259e-37	5.18954e-37	1.44389e-34	5.64288e-37	8.62331e-37	1.28004e-36	8.43303e-35	
L_capitatum	0	0	0	0	0	0	0	0	0	0	0	0	0	1	0	0	0	0	0	0	0	0	0	0	0	0	0	0	0	0	0	0	0	0	0	0	0	0	0	0	0	0	0	0	0	0	
N20	6.06729e-33	2.70635e-29	1.12421e-26	9.85942e-25	2.8163e-19	3.00231e-19	8.15111e-14	7.19591e-15	2.00045e-12	2.28207e-11	1.22988e-12	4.86561e-13	3.56523e-07	0.153388	0.846608	3.80625e-06	2.87901e-12	2.04599e-16	2.22198e-18	2.87591e-22	1.86876e-24	2.37838e-31	1.56467e-36	2.3966e-43	8.49577e-49	2.9468e-51	1.61283e-56	2.47471e-59	3.23226e-67	1.20414e-72	4.95139e-79	8.81982e-85	1.17477e-92	1.79725e-99	1.21162e-105	4.09432e-114	1.64094e-121	3.00643e-125	1.98458e-132	1.8661e-37	2.23026e-37	8.32238e-35	2.41596e-37	2.10762e-37	2.31284e-37	4.75483e-35	
L_gyaricum	0	0	0	0	0	0	0	0	0	0	0	0	0	0	1	0	0	0	0	0	0	0	0	0	0	0	0	0	0	0	0	0	0	0	0	0	0	0	0	0	0	0	0	0	0	0	
L_tauricum	0	0	0	0	0	0	0	0	0	0	0	0	0	0	1	0	0	0	0	0	0	0	0	0	0	0	0	0	0	0	0	0	0	0	0	0	0	0	0	0	0	0	0	0	0	0	
L_flavum	0	0	0	0	0	0	0	0	0	0	0	0	0	0	1	0	0	0	0	0	0	0	0	0	0	0	0	0	0	0	0	0	0	0	0	0	0	0	0	0	0	0	0	0	0	0	
L_nodiflorum	0	0	0	0	0	0	0	0	0	0	0	0	1	0	0	0	0	0	0	0	0	0	0	0	0	0	0	0	0	0	0	0	0	0	0	0	0	0	0	0	0	0	0	0	0	0	
N21	2.53541e-18	1.42743e-14	1.95023e-11	4.28313e-09	1.18237e-05	6.90214e-06	0.000357857	0.000327889	0.165723	0.831858	0.00169409	1.96027e-05	2.19162e-07	4.58018e-10	5.80978e-14	6.81387e-18	8.70613e-22	2.93696e-24	1.15297e-28	2.63596e-32	7.12316e-36	1.23282e-40	5.69536e-45	7.43503e-49	2.50386e-53	2.30851e-56	4.7727e-61	1.44799e-64	5.27338e-70	3.29809e-74	2.25044e-79	1.1651e-83	4.58905e-89	1.47133e-93	2.73757e-98	1.10037e-101	1.20144e-107	5.654e-112	1.10494e-116	1.75424e-121	6.8205e-127	9.69806e-131	6.30167e-137	6.6649e-142	8.33158e-147	8.89489e-151	
N22	1.21358e-21	4.60813e-17	3.0966e-13	6.61274e-11	3.40814e-07	1.63473e-07	4.86314e-06	1.86392e-05	0.0694922	0.930134	0.000349845	3.69466e-08	2.286e-11	4.63763e-15	9.18139e-19	1.3899e-23	4.8803e-28	2.50381e-31	9.93162e-37	2.31804e-40	3.85884e-46	8.34905e-51	2.29342e-56	5.97498e-61	2.32776e-64	7.5171e-66	3.30878e-66	4.30233e-65	3.12055e-67	3.35064e-66	8.51117e-70	4.23083e-72	7.28367e-75	1.02502e-73	2.37708e-76	1.07513e-77	7.69158e-82	2.44738e-84	2.22253e-87	6.6996e-89	4.4548e-93	7.22817e-96	6.29897e-100	1.04671e-101	6.54443e-105	3.42615e-107	
N23	1.86459e-28	5.5247e-22	2.01719e-16	8.70106e-14	4.85792e-10	8.72145e-10	1.06634e-08	3.55412e-07	0.114469	0.885528	2.77058e-06	1.52893e-12	7.40703e-18	3.46782e-23	5.74107e-28	1.17828e-32	2.5717e-33	1.32059e-32	3.84834e-33	1.37866e-31	3.97881e-33	5.72891e-33	9.37374e-34	1.78236e-34	1.6447e-35	9.74182e-35	1.62725e-34	1.32742e-34	8.10083e-35	3.67101e-33	8.56196e-35	8.06366e-35	5.68882e-35	3.24332e-35	7.39202e-36	1.79283e-34	3.63946e-36	3.85486e-35	3.59042e-35	2.05086e-33	3.86509e-35	4.07409e-35	1.67386e-36	6.25464e-35	3.4779e-35	1.03682e-34	
L_corymbulosum	0	0	0	0	0	0	0	0	1	0	0	0	0	0	0	0	0	0	0	0	0	0	0	0	0	0	0	0	0	0	0	0	0	0	0	0	0	0	0	0	0	0	0	0	0	0	
L_trigynum	0	0	0	0	0	0	0	0	0	1	0	0	0	0	0	0	0	0	0	0	0	0	0	0	0	0	0	0	0	0	0	0	0	0	0	0	0	0	0	0	0	0	0	0	0	0	
L_tenue1	0	0	0	0	0	0	0	0	0	1	0	0	0	0	0	0	0	0	0	0	0	0	0	0	0	0	0	0	0	0	0	0	0	0	0	0	0	0	0	0	0	0	0	0	0	0	
L_maritimum	0	0	0	0	0	0	0	0	0	1	0	0	0	0	0	0	0	0	0	0	0	0	0	0	0	0	0	0	0	0	0	0	0	0	0	0	0	0	0	0	0	0	0	0	0	0	
L_catharticum	0	0	0	0	0	0	0	1	0	0	0	0	0	0	0	0	0	0	0	0	0	0	0	0	0	0	0	0	0	0	0	0	0	0	0	0	0	0	0	0	0	0	0	0	0	0	
N24	4.45628e-13	3.28643e-10	7.28411e-08	1.59542e-06	2.08126e-05	0.000779174	0.000697825	0.0285942	0.947609	0.0222449	5.22088e-05	2.97483e-07	1.34334e-09	2.82907e-12	1.61979e-15	2.31389e-18	6.01742e-22	2.894e-24	1.59292e-28	1.08042e-31	7.6969e-36	1.71287e-39	2.06293e-43	4.69062e-46	4.60896e-50	1.42575e-52	1.12364e-55	2.95012e-59	1.50504e-63	1.81049e-66	7.05231e-71	1.23287e-73	3.12252e-78	1.53061e-81	2.09784e-85	5.70412e-88	5.87268e-93	1.03113e-96	4.80726e-101	3.58221e-104	5.9156e-109	1.06096e-112	8.74425e-118	3.89517e-121	3.79126e-125	4.11482e-128	
N25	4.30298e-17	7.3599e-13	2.58689e-09	1.11797e-07	1.25386e-05	0.000885618	0.00115914	0.0201553	0.947386	0.0303971	3.82012e-06	2.54508e-09	3.08943e-10	1.67268e-11	1.31477e-13	8.43393e-17	1.02287e-20	8.96832e-21	4.07951e-21	2.74362e-22	1.08022e-24	2.25195e-26	9.88288e-29	7.00646e-30	1.56999e-32	2.15812e-33	4.96822e-35	3.46822e-37	3.68122e-40	1.95018e-41	1.64058e-44	1.29395e-45	9.50268e-49	2.27426e-50	1.38702e-52	2.58464e-53	7.5331e-57	6.08712e-59	1.22587e-61	6.62835e-63	3.96487e-66	3.7171e-68	1.09275e-71	3.94775e-73	1.69387e-75	1.26585e-76	
N26	1.63465e-19	1.27054e-14	2.22857e-10	2.78057e-08	2.3235e-06	0.00177242	0.000307668	0.0181342	0.976673	0.0031101	6.79717e-08	1.65076e-10	2.5442e-12	1.3099e-14	7.11277e-18	5.07552e-22	8.26265e-26	8.29658e-28	4.00851e-32	5.21131e-34	3.39974e-38	4.82056e-42	4.58762e-46	1.90606e-50	5.55252e-56	4.5077e-59	2.08937e-60	3.3408e-58	5.81469e-61	7.02132e-61	1.40692e-62	1.00855e-63	4.65081e-67	1.5928e-66	8.8953e-70	2.43719e-71	7.16765e-76	6.11019e-78	1.92683e-80	1.53107e-81	5.05329e-86	5.30353e-87	1.76404e-91	1.3939e-92	5.19895e-95	2.88231e-97	
N27	2.94352e-23	5.95547e-18	2.16092e-13	7.83735e-11	5.94882e-09	4.79729e-05	7.75176e-07	0.000931278	0.998864	0.000151317	4.61026e-07	3.96686e-06	3.08618e-08	2.76134e-11	1.46016e-13	4.02261e-13	6.36648e-15	2.9425e-14	2.12539e-19	2.39901e-22	5.99971e-25	2.32272e-25	4.20757e-28	6.26118e-29	1.15551e-32	1.49705e-33	1.67133e-35	7.26795e-38	7.51765e-42	2.22302e-42	1.6753e-41	8.6634e-40	4.46102e-41	1.49841e-38	9.22075e-39	8.48596e-37	1.78448e-38	2.14918e-38	5.94096e-39	1.70401e-37	5.88839e-39	4.24636e-38	4.89216e-38	9.08587e-37	5.23575e-37	1.51705e-35	
N28	2.14856e-24	1.27289e-19	2.32155e-15	6.18244e-13	4.59415e-11	2.55331e-07	3.49081e-09	2.36346e-05	0.0743687	8.98809e-06	5.51916e-07	0.000101554	3.31244e-06	2.89698e-09	6.61444e-10	7.70338e-07	0.000201212	0.925092	0.000198844	4.08291e-07	5.95321e-11	3.81803e-15	2.55063e-19	3.37828e-22	2.18713e-26	1.79103e-28	7.50285e-32	6.34832e-36	2.89256e-41	7.66147e-45	2.92985e-47	4.28613e-48	1.01571e-50	1.69757e-49	3.37328e-51	6.97883e-51	4.51864e-55	2.11349e-57	3.2271e-60	1.34041e-61	1.32457e-64	3.70006e-66	1.0965e-67	2.02553e-69	1.63648e-71	4.02994e-72	
C_selaginoides	0	0	0	0	0	0	0	0	0	0	0	0	0	0	0	0	0	1	0	0	0	0	0	0	0	0	0	0	0	0	0	0	0	0	0	0	0	0	0	0	0	0	0	0	0	0	
N29	1.84946e-28	2.36007e-23	9.17074e-19	2.6524e-16	1.89153e-14	3.26683e-10	9.90363e-12	2.50064e-07	0.0018529	7.34472e-08	8.24376e-09	7.64408e-06	4.9761e-08	2.61361e-11	5.28958e-11	8.71794e-08	0.000114452	0.997922	0.000102623	5.28761e-09	5.51777e-13	1.70507e-14	6.91291e-16	5.33559e-16	3.73392e-19	2.4767e-22	4.32224e-25	1.79153e-30	2.59398e-35	1.79152e-37	4.13513e-34	2.45537e-31	6.32397e-30	7.73542e-24	1.12912e-22	4.3716e-20	2.07048e-22	1.31558e-23	1.67878e-26	3.0832e-27	4.97798e-29	3.25333e-31	2.05706e-31	3.72889e-33	3.03012e-34	2.21019e-34	
L_littorale	0	0	0	0	0	0	0	0	0	0	0	0	0	0	0	0	0	0	0	0	0	0	0	0	0	0	0	0	0	0	0	0	0	0	0	1	0	0	0	0	0	0	0	0	0	0	
N30	1.64812e-33	6.44873e-28	8.20139e-23	3.25661e-20	3.92743e-18	2.81215e-13	1.71046e-14	1.24999e-09	3.86488e-05	5.34718e-10	3.33653e-11	1.6907e-07	2.58127e-10	3.57193e-14	9.77205e-15	5.91792e-10	5.92743e-05	0.999848	5.38499e-05	3.83215e-10	1.2665e-15	1.01161e-20	2.48068e-23	1.39596e-24	2.83692e-28	5.05784e-32	7.98916e-35	2.59008e-40	4.54615e-43	2.73176e-46	1.19674e-47	1.9686e-48	1.28451e-50	3.71169e-51	2.91392e-52	2.93937e-53	4.03802e-57	6.72e-61	4.24582e-65	6.42654e-67	1.6066e-69	2.24486e-73	8.50636e-77	1.03094e-78	1.56385e-79	1.83124e-80	
N31	6.90279e-33	1.54218e-29	1.76097e-25	1.3887e-22	3.24118e-20	3.19228e-15	8.49665e-16	7.62083e-11	1.97693e-06	2.22215e-11	1.34588e-12	1.5324e-08	1.56491e-11	6.39586e-15	2.99084e-14	4.74411e-09	3.66592e-05	0.999928	3.29126e-05	1.75627e-10	8.80856e-16	5.41582e-18	1.4904e-18	4.05809e-17	5.78076e-19	1.75631e-22	1.00233e-24	8.51331e-31	1.43469e-35	2.36673e-39	8.51138e-42	1.49219e-40	2.67899e-41	5.19861e-40	2.77504e-41	1.02375e-40	8.28341e-47	4.03678e-51	8.81085e-58	1.56757e-61	9.37081e-67	6.89148e-74	2.25578e-34	1.51589e-36	7.51237e-38	6.96984e-38	
L_macraei	0	0	0	0	0	0	0	0	0	0	0	0	0	0	0	0	0	0	0	0	0	0	0	0	0	0	0	0	0	0	0	0	0	0	0	1	0	0	0	0	0	0	0	0	0	0	
L_prostratum	0	0	0	0	0	0	0	0	0	0	0	0	0	0	0	0	0	1	0	0	0	0	0	0	0	0	0	0	0	0	0	0	0	0	0	0	0	0	0	0	0	0	0	0	0	0	
L_oligophyllum	0	0	0	0	0	0	0	0	0	0	0	0	0	0	0	0	0	1	0	0	0	0	0	0	0	0	0	0	0	0	0	0	0	0	0	0	0	0	0	0	0	0	0	0	0	0	
N32	2.54947e-23	1.88845e-18	2.4721e-14	2.26018e-11	4.9972e-09	7.79431e-06	5.84531e-07	0.000672133	0.998823	0.00049155	9.33109e-07	3.86482e-06	5.89313e-07	3.97983e-09	3.39226e-12	5.14795e-14	6.93595e-16	1.33748e-17	9.09714e-23	5.16715e-28	4.47009e-33	6.43493e-38	1.30011e-42	1.80499e-43	9.00845e-46	7.80698e-47	3.29539e-47	8.40636e-51	2.0727e-53	1.80378e-56	7.06838e-60	2.4092e-60	1.56834e-63	1.07772e-63	6.2812e-66	3.31448e-66	2.62638e-70	1.67768e-72	1.677e-76	1.18951e-77	5.33528e-80	1.42777e-83	7.00376e-87	4.544e-89	1.63762e-90	9.08424e-91	
N33	2.1118e-23	1.21175e-18	1.27937e-14	1.128e-11	4.88483e-09	2.39208e-06	2.66207e-06	0.00144186	0.980998	0.00205914	2.46058e-05	0.000123284	0.0129248	0.00234118	7.28582e-05	8.96545e-06	1.83395e-07	1.58887e-07	3.13675e-12	2.65829e-15	1.50119e-19	3.29198e-24	1.16827e-28	7.07139e-32	1.50593e-36	7.53456e-39	9.67982e-43	2.68988e-47	2.19504e-53	2.92349e-57	3.86433e-63	1.57027e-66	6.54086e-73	5.99613e-68	2.15719e-67	2.15068e-65	1.57507e-68	1.97261e-69	8.01491e-72	7.43091e-73	3.25532e-75	5.10778e-76	3.91271e-80	8.42218e-82	4.89422e-84	2.00501e-84	
L_kingii	0	0	0	0	0	0	0	0	0	0	0	0	1	0	0	0	0	0	0	0	0	0	0	0	0	0	0	0	0	0	0	0	0	0	0	0	0	0	0	0	0	0	0	0	0	0	
N34	3.7231e-23	1.59905e-18	1.2739e-14	8.32515e-12	5.85669e-09	3.42608e-07	9.81501e-06	0.00333503	0.916707	0.0375411	0.000153199	0.000688477	0.0129497	0.00240951	0.00236191	0.00264913	0.00182488	0.019365	4.69874e-06	4.75086e-09	8.12543e-13	2.08615e-17	1.58926e-21	2.37424e-24	2.2627e-28	8.40641e-31	9.73999e-36	1.21431e-39	3.37577e-45	2.87362e-49	1.23183e-54	1.15881e-58	2.04692e-64	4.89889e-68	1.14747e-72	1.28222e-75	5.47382e-82	3.59606e-86	7.71121e-91	7.25937e-96	7.14069e-102	4.54857e-106	1.08339e-112	1.136e-117	2.19239e-122	5.78028e-126	
L_rupestre	0	0	0	0	0	0	0	0	0	0	0	0	0	0	0	0	0	1	0	0	0	0	0	0	0	0	0	0	0	0	0	0	0	0	0	0	0	0	0	0	0	0	0	0	0	0	
L_vernale	0	0	0	0	0	0	0	0	0	0	0	0	0	0	1	0	0	0	0	0	0	0	0	0	0	0	0	0	0	0	0	0	0	0	0	0	0	0	0	0	0	0	0	0	0	0	
L_striatum	0	0	0	0	0	0	0	0	1	0	0	0	0	0	0	0	0	0	0	0	0	0	0	0	0	0	0	0	0	0	0	0	0	0	0	0	0	0	0	0	0	0	0	0	0	0	
N35	6.25553e-17	3.74074e-13	8.42148e-10	7.17943e-08	5.75483e-06	0.00761299	0.00756507	0.145239	0.839166	0.000410057	9.36446e-07	6.32812e-08	1.6501e-09	2.16895e-12	1.20651e-14	1.53992e-15	2.02567e-16	4.57817e-16	4.08923e-20	9.08187e-23	6.71404e-27	9.97221e-31	7.09553e-35	3.20547e-38	2.17813e-42	8.62862e-45	2.41455e-48	1.65747e-52	9.7522e-58	5.2424e-61	2.05339e-66	8.03241e-70	4.57733e-75	2.22852e-78	1.15668e-82	2.61044e-85	2.81666e-91	1.36913e-95	1.38796e-100	5.3131e-104	1.46742e-109	7.61809e-114	5.99722e-120	9.72137e-124	2.44209e-128	1.29319e-131	
He_micranthum	0	0	0	0	0	0	0	0	0	0	0	0	0	0	0	0	0	1	0	0	0	0	0	0	0	0	0	0	0	0	0	0	0	0	0	0	0	0	0	0	0	0	0	0	0	0	
S_digynum	0	0	0	0	0	1	0	0	0	0	0	0	0	0	0	0	0	0	0	0	0	0	0	0	0	0	0	0	0	0	0	0	0	0	0	0	0	0	0	0	0	0	0	0	0	0	
N36	6.27075e-27	2.99816e-21	6.31164e-17	5.86084e-14	1.87223e-09	2.78896e-11	1.71438e-07	9.92582e-07	9.93063e-06	0.00308016	1.28585e-07	6.17074e-11	9.08528e-07	0.00383387	0.992307	0.000766231	1.13612e-07	9.92273e-11	3.25931e-16	4.59877e-21	5.75352e-26	2.38438e-28	8.21945e-31	3.14054e-32	9.58868e-35	7.4377e-36	1.01419e-37	4.33343e-40	3.32152e-43	4.72166e-45	3.14503e-48	9.11328e-50	4.98542e-53	1.33605e-54	5.34657e-57	4.01486e-58	9.10195e-62	3.80351e-64	3.81508e-67	5.02458e-69	3.13556e-72	1.5827e-74	2.76902e-78	1.76909e-80	7.29769e-83	2.88577e-84	
N37	2.9191e-31	2.92671e-25	1.61062e-20	8.50384e-17	8.13314e-12	5.00233e-14	2.00028e-09	9.28686e-09	1.21367e-07	0.0002669	2.97515e-09	2.39581e-13	1.72757e-08	0.000709047	0.998885	0.000139225	1.93499e-09	2.0163e-13	4.21937e-19	8.52222e-22	1.10642e-26	4.2263e-30	4.4197e-32	8.47246e-35	1.73292e-38	1.7029e-39	1.67438e-42	1.40656e-42	1.07205e-46	1.1912e-46	2.8477e-51	2.96865e-52	1.75148e-56	2.4858e-58	1.09609e-61	2.02266e-63	2.72252e-68	3.86921e-70	1.67979e-72	1.70327e-73	2.31474e-78	1.19344e-78	1.33155e-83	4.16402e-84	1.77193e-86	8.77686e-89	
N38	3.91207e-32	1.03842e-26	3.72383e-22	2.31003e-18	8.59489e-14	1.154e-15	4.69892e-11	1.8693e-10	4.27015e-09	3.56165e-05	1.04035e-09	5.31579e-14	3.11522e-09	0.000223559	0.999661	7.94253e-05	7.19908e-10	1.65447e-14	8.67666e-19	1.11219e-20	1.35546e-24	9.80526e-28	5.30165e-32	8.26398e-38	2.27902e-44	1.89337e-48	2.58861e-53	8.75345e-56	4.70352e-58	6.34695e-55	1.97467e-59	1.39664e-60	8.34844e-64	2.85948e-66	5.20938e-66	1.2607e-69	2.46584e-74	2.45055e-76	4.69405e-78	6.7448e-76	2.52242e-80	8.26525e-81	8.82518e-85	1.94117e-85	7.19972e-88	2.2066e-90	
N39	5.5033e-36	2.47323e-30	7.74765e-26	1.79724e-22	8.05931e-18	2.39837e-19	1.49795e-14	1.88985e-13	1.36084e-11	4.0958e-07	1.18204e-11	2.74706e-15	4.37408e-10	5.92635e-05	0.999889	5.16117e-05	3.33441e-10	6.74209e-16	1.23817e-20	4.3026e-24	1.83369e-27	4.72739e-31	6.88504e-36	5.7902e-42	1.12935e-48	6.31207e-54	2.30963e-59	5.63786e-63	1.54967e-68	1.69342e-72	8.48643e-80	1.37797e-85	3.45884e-92	1.59767e-98	7.75822e-105	3.5364e-112	1.54516e-120	1.05408e-127	3.11764e-135	4.32863e-38	1.42308e-38	9.22679e-37	3.18152e-37	1.03445e-35	2.01715e-35	3.67874e-35	
L_acuticarpum	0	0	0	0	0	0	0	0	0	0	0	0	0	0	1	0	0	0	0	0	0	0	0	0	0	0	0	0	0	0	0	0	0	0	0	0	0	0	0	0	0	0	0	0	0	0	
L_gracile	0	0	0	0	0	0	0	0	0	0	0	0	0	0	1	0	0	0	0	0	0	0	0	0	0	0	0	0	0	0	0	0	0	0	0	0	0	0	0	0	0	0	0	0	0	0	
L_heterostylum	0	0	0	0	0	0	0	0	0	0	0	0	0	0	1	0	0	0	0	0	0	0	0	0	0	0	0	0	0	0	0	0	0	0	0	0	0	0	0	0	0	0	0	0	0	0	
L_africanum	0	0	0	0	0	0	0	0	0	0	0	0	0	0	1	0	0	0	0	0	0	0	0	0	0	0	0	0	0	0	0	0	0	0	0	0	0	0	0	0	0	0	0	0	0	0	
L_comptonii	0	0	0	0	0	0	0	0	0	0	0	0	0	0	1	0	0	0	0	0	0	0	0	0	0	0	0	0	0	0	0	0	0	0	0	0	0	0	0	0	0	0	0	0	0	0	
Ra_linoides	0	0	0	0	0	0	0	0	1	0	0	0	0	0	0	0	0	0	0	0	0	0	0	0	0	0	0	0	0	0	0	0	0	0	0	0	0	0	0	0	0	0	0	0	0	0	
N40	2.23511e-09	4.23234e-07	1.97587e-05	0.000505286	0.00153478	0.00630549	0.0171874	0.261481	0.688572	0.0242671	0.000125263	8.83533e-07	3.95762e-09	1.53023e-11	2.31134e-14	4.50733e-17	1.97714e-20	1.01084e-22	1.27539e-26	1.83617e-29	1.96029e-33	8.17781e-37	8.3996e-41	8.33827e-44	3.93737e-48	3.47479e-51	1.11705e-54	1.59217e-58	5.47701e-63	3.83162e-66	8.1336e-71	4.72634e-74	9.79222e-79	1.52411e-82	8.76167e-87	8.73808e-90	5.8836e-95	5.70513e-99	1.69454e-103	6.86379e-107	5.16472e-112	4.35287e-116	2.60401e-121	6.75967e-125	2.37191e-129	8.28023e-133	
N41	7.88705e-10	1.68471e-07	1.05264e-05	0.000256801	0.000955717	0.00509646	0.0157552	0.21263	0.735899	0.02919	0.000198178	7.83252e-06	4.8169e-08	5.26858e-10	9.2738e-13	1.66783e-14	4.82015e-18	1.25343e-19	1.46704e-23	7.90196e-26	1.47676e-29	1.54277e-32	3.52646e-36	3.83569e-38	1.66707e-42	6.33615e-45	6.84235e-48	3.10372e-51	1.02895e-55	3.36877e-58	1.85093e-62	1.57062e-64	2.38869e-69	1.09464e-72	1.43618e-76	1.23251e-78	9.41071e-84	2.58113e-87	1.77301e-91	4.41305e-94	5.61275e-99	1.98746e-102	1.42629e-107	2.58736e-110	1.96579e-114	5.13447e-117	
N42	1.78715e-11	8.78049e-09	9.80036e-07	3.26831e-05	0.000233789	0.00244449	0.0168117	0.134875	0.811599	0.0337903	0.000207906	4.03204e-06	5.39859e-08	2.08101e-09	1.39492e-11	3.38462e-13	4.87417e-16	1.20521e-17	4.00803e-21	1.4208e-23	4.08876e-27	3.13069e-30	7.92672e-34	2.96194e-36	1.76787e-40	2.5196e-43	1.30393e-46	2.90117e-50	1.00999e-54	9.11392e-58	3.31541e-62	5.11584e-65	7.47017e-70	1.59431e-73	1.049e-77	1.6682e-80	1.09957e-85	1.18511e-89	3.60682e-94	1.65871e-97	1.50848e-102	1.74086e-106	8.8518e-112	2.58923e-115	1.25469e-119	7.30147e-123	
N43	5.41021e-12	1.95631e-09	1.99304e-07	7.99754e-06	0.000115734	0.00169814	0.00463276	0.104089	0.825561	0.0625762	0.00124957	6.61996e-05	2.93299e-06	5.27197e-07	3.94811e-08	5.90605e-09	6.68278e-11	6.82229e-12	6.71377e-15	4.55645e-17	3.08207e-20	3.96544e-23	1.8363e-26	9.9012e-29	1.45888e-32	4.65548e-35	4.68101e-38	2.07024e-41	1.47072e-45	2.10414e-48	1.402e-52	3.20082e-55	1.12944e-59	5.71209e-63	8.94905e-67	2.60558e-69	3.99619e-74	8.90363e-78	5.59724e-82	4.66279e-85	1.06194e-89	2.74552e-93	3.19689e-98	1.59304e-101	1.92548e-105	2.39406e-108	
N44	3.10594e-19	5.39842e-15	2.16094e-11	1.23652e-09	1.75545e-08	2.34307e-05	6.80861e-07	0.0013479	0.997631	0.000997227	1.58349e-07	2.72047e-11	3.02023e-15	2.852e-19	1.4365e-23	7.16238e-28	1.03287e-32	4.45711e-37	1.27107e-37	1.29863e-39	1.9441e-41	1.60514e-40	6.34661e-43	1.13282e-44	2.4007e-47	2.25904e-49	1.82086e-51	6.08007e-54	9.63984e-57	1.27527e-58	1.73001e-61	2.82927e-63	2.57822e-66	1.81549e-68	2.54059e-71	4.18513e-73	1.91833e-76	6.17777e-79	5.94776e-82	4.14132e-84	2.47337e-87	7.67393e-90	2.94745e-93	1.93234e-95	6.06891e-98	7.48904e-100	
N45	1.35402e-25	8.84126e-20	6.17313e-15	8.72268e-13	2.54077e-11	4.32857e-07	1.37908e-09	6.45993e-05	0.999888	4.72074e-05	2.27803e-10	5.05521e-15	6.77613e-19	3.92087e-24	8.72826e-29	1.32944e-30	1.93762e-33	1.77836e-33	1.72951e-37	7.57779e-39	2.28505e-42	8.89768e-45	4.90683e-48	1.3389e-49	3.26753e-53	1.04892e-53	9.16025e-56	1.95858e-58	1.16139e-62	6.74991e-64	4.05835e-68	5.00265e-69	3.5736e-73	4.16997e-75	9.56371e-78	3.96875e-78	6.17463e-83	1.60131e-85	8.08496e-89	5.35347e-90	2.88117e-94	8.84932e-97	1.35025e-101	8.87701e-103	3.59696e-106	1.67545e-107	
N46	8.63674e-30	1.77907e-23	4.22363e-18	1.69624e-15	1.40743e-13	1.26786e-08	1.993e-11	7.97701e-06	0.999986	6.22043e-06	4.22475e-12	1.20079e-16	1.11471e-19	1.5057e-24	2.66933e-31	3.75756e-35	3.50564e-38	2.54062e-38	7.63375e-40	1.89702e-39	8.03128e-40	1.15008e-38	1.84275e-39	8.99488e-39	8.00962e-40	2.2099e-37	4.39648e-37	2.21177e-37	9.05124e-40	7.73402e-39	1.15328e-40	4.8533e-39	2.04537e-41	8.84356e-40	8.71285e-40	4.90415e-37	9.43113e-40	1.05217e-39	2.13148e-40	4.33813e-39	2.12501e-40	4.17808e-40	6.26334e-43	1.28183e-41	7.91303e-42	1.92919e-39	
N47	2.67115e-29	1.09535e-24	9.88043e-20	1.31236e-16	4.37069e-14	1.07229e-09	2.92178e-10	2.89386e-05	0.999945	2.64401e-05	8.78258e-11	1.19619e-14	6.57527e-17	4.61125e-21	4.69628e-27	1.07914e-31	2.24209e-36	5.45501e-39	1.22433e-42	7.69009e-45	4.17376e-47	7.44105e-48	7.2908e-51	1.07202e-52	1.55989e-55	6.56198e-56	4.4314e-58	7.19321e-61	2.13668e-65	1.57046e-67	1.83256e-71	4.66463e-73	1.06365e-77	1.95732e-78	4.0175e-81	1.78258e-81	1.53847e-86	2.92954e-89	9.58049e-93	8.99756e-95	1.99235e-98	5.17054e-101	2.98673e-106	9.79844e-109	1.64814e-111	3.36187e-112	
N48	3.14004e-32	3.68831e-26	9.83522e-21	1.56584e-17	6.33602e-15	6.73719e-10	1.67764e-10	2.19254e-05	0.999958	2.01507e-05	5.11797e-11	2.55759e-15	2.50635e-18	6.42897e-23	4.89706e-29	4.03689e-34	2.94912e-39	1.32061e-42	1.03491e-44	3.5572e-47	1.04319e-49	4.5291e-50	2.25142e-53	1.51184e-55	1.00038e-58	8.61526e-60	2.24743e-62	1.32343e-65	2.5694e-70	5.14125e-73	1.5289e-77	5.51125e-80	2.60203e-85	6.6735e-38	6.59687e-38	7.31744e-36	7.1475e-38	7.98989e-38	1.70713e-38	1.02036e-37	1.64662e-38	3.21298e-38	3.52811e-40	1.00634e-39	1.63101e-39	1.51218e-37	
N49	6.10943e-35	2.64766e-28	2.14098e-22	4.42475e-19	2.33306e-16	8.02302e-11	1.24821e-11	5.97957e-06	0.999989	5.48641e-06	3.77511e-12	7.89205e-17	4.49458e-20	3.58772e-25	4.01363e-32	1.14076e-35	2.22136e-38	4.63488e-39	6.11529e-44	6.18399e-47	5.52257e-51	5.26854e-38	1.12296e-38	3.88403e-38	1.34275e-38	1.20614e-36	2.37337e-36	1.20916e-36	1.52973e-38	4.2864e-38	1.87438e-39	1.95849e-38	2.71413e-40	1.48189e-38	1.46991e-38	2.63701e-36	1.59231e-38	1.77534e-38	3.68222e-39	2.42876e-38	3.59917e-39	7.07811e-39	4.81528e-41	1.50575e-40	2.31269e-40	3.30249e-38	
N50	3.48665e-34	1.30502e-29	2.25858e-24	8.60741e-21	8.51175e-18	1.17488e-11	1.12266e-12	1.79078e-06	0.999997	1.64857e-06	3.40762e-13	3.05909e-18	9.27835e-22	2.31974e-27	4.16275e-35	2.51862e-36	2.33478e-36	3.79726e-34	2.7969e-36	2.968e-36	5.61796e-37	1.86437e-38	3.9753e-39	1.36786e-38	5.06988e-39	6.19983e-37	1.22516e-36	6.21122e-37	5.7822e-39	1.52482e-38	6.64258e-40	6.83644e-39	6.32028e-41	5.62146e-39	5.59459e-39	1.36332e-36	6.06039e-39	6.7422e-39	1.37072e-39	8.65067e-39	1.34982e-39	2.67163e-39	1.18679e-41	3.47738e-41	5.546e-41	1.24062e-38	
L_alpinum	0	0	0	0	0	0	0	0	1	0	0	0	0	0	0	0	0	0	0	0	0	0	0	0	0	0	0	0	0	0	0	0	0	0	0	0	0	0	0	0	0	0	0	0	0	0	
L_punctatum1	0	0	0	0	0	0	0	0	1	0	0	0	0	0	0	0	0	0	0	0	0	0	0	0	0	0	0	0	0	0	0	0	0	0	0	0	0	0	0	0	0	0	0	0	0	0	
L_perenne	0	0	0	0	0	0	0	0	1	0	0	0	0	0	0	0	0	0	0	0	0	0	0	0	0	0	0	0	0	0	0	0	0	0	0	0	0	0	0	0	0	0	0	0	0	0	
L_lewisii	0	0	0	0	0	0	0	0	1	0	0	0	0	0	0	0	0	0	0	0	0	0	0	0	0	0	0	0	0	0	0	0	0	0	0	0	0	0	0	0	0	0	0	0	0	0	
L_leonii	0	0	0	0	0	0	0	0	1	0	0	0	0	0	0	0	0	0	0	0	0	0	0	0	0	0	0	0	0	0	0	0	0	0	0	0	0	0	0	0	0	0	0	0	0	0	
N51	7.47161e-29	1.60457e-23	7.69748e-19	7.48089e-16	1.8801e-13	3.29904e-09	2.73265e-09	8.81113e-05	0.999831	8.1146e-05	8.31729e-10	1.70634e-13	6.93336e-16	7.47694e-20	2.46125e-25	9.19329e-30	3.50356e-34	7.51978e-37	2.88609e-43	5.28186e-48	1.52269e-53	1.16181e-59	2.27088e-65	5.20556e-70	1.11378e-75	2.50264e-79	1.50749e-84	1.75284e-90	5.73403e-98	1.44484e-103	4.56787e-111	1.08852e-116	1.93252e-125	8.29795e-38	8.21017e-38	8.89547e-36	8.89633e-38	9.94044e-38	2.12294e-38	1.20075e-37	2.04536e-38	3.99522e-38	4.4858e-40	1.1952e-39	2.01697e-39	1.88165e-37	
L_austr_mauritanicum	0	0	0	0	0	0	0	0	1	0	0	0	0	0	0	0	0	0	0	0	0	0	0	0	0	0	0	0	0	0	0	0	0	0	0	0	0	0	0	0	0	0	0	0	0	0	
L_austriacum	0	0	0	0	0	0	0	0	1	0	0	0	0	0	0	0	0	0	0	0	0	0	0	0	0	0	0	0	0	0	0	0	0	0	0	0	0	0	0	0	0	0	0	0	0	0	
L_pallescens	0	0	0	0	0	0	0	0	1	0	0	0	0	0	0	0	0	0	0	0	0	0	0	0	0	0	0	0	0	0	0	0	0	0	0	0	0	0	0	0	0	0	0	0	0	0	
L_pycnophyllum	0	0	0	0	0	0	0	0	1	0	0	0	0	0	0	0	0	0	0	0	0	0	0	0	0	0	0	0	0	0	0	0	0	0	0	0	0	0	0	0	0	0	0	0	0	0	
N52	2.75479e-17	1.90987e-13	2.5747e-10	2.51529e-08	3.38675e-06	4.12147e-05	0.000272379	0.0131477	0.569414	0.151171	0.00339678	0.0029561	0.00462691	0.00323278	0.0324738	0.098521	0.0514762	0.0692384	2.81702e-05	2.7088e-08	3.29461e-12	5.97869e-16	3.97663e-20	1.45102e-23	4.39169e-28	1.20654e-31	1.13964e-35	4.44041e-40	5.00763e-45	4.92345e-49	3.3816e-54	3.19589e-58	1.7302e-63	7.39475e-68	9.96699e-73	1.25307e-76	2.28111e-82	3.47357e-87	1.62093e-92	5.50645e-97	1.06001e-102	1.27864e-107	1.28648e-113	2.26738e-118	1.78947e-123	7.10325e-128	
L_aroanium1	0	0	0	0	0	0	0	0	0	0	0	0	0	0	0	0	0	1	0	0	0	0	0	0	0	0	0	0	0	0	0	0	0	0	0	0	0	0	0	0	0	0	0	0	0	0	
L_nervosum	0	0	0	0	0	0	0	0	0	0	0	0	0	0	1	0	0	0	0	0	0	0	0	0	0	0	0	0	0	0	0	0	0	0	0	0	0	0	0	0	0	0	0	0	0	0	
N53	3.19249e-14	5.70244e-11	1.85565e-08	1.18269e-06	2.84207e-05	0.000430545	0.057569	0.0797045	0.82096	0.0411524	7.9297e-05	2.50048e-05	3.34929e-05	1.60034e-05	1.08186e-07	3.70619e-10	1.32844e-13	5.23755e-16	3.01479e-20	1.66012e-23	9.26419e-28	1.58026e-31	9.95885e-36	7.00577e-39	1.76259e-43	9.25839e-47	2.23772e-50	2.21955e-51	2.64278e-53	1.49981e-53	8.23323e-56	1.1479e-55	1.57801e-58	3.87329e-60	2.93381e-62	3.37427e-63	2.24314e-66	5.86313e-68	1.89386e-69	1.00086e-70	1.06453e-73	1.19928e-75	7.96447e-79	2.43612e-80	1.63418e-82	1.0846e-83	
N54	1.93028e-15	4.2855e-12	2.58387e-09	1.69608e-07	9.53054e-06	0.000149899	0.0432315	0.0268283	0.285682	0.0330934	0.000136502	0.000686829	0.0313576	0.541605	0.0328827	0.00433384	2.8966e-06	4.77691e-07	1.99986e-10	1.37626e-11	1.31657e-14	3.62919e-17	1.76875e-20	4.76751e-22	2.05035e-26	2.57973e-28	3.37496e-31	1.07478e-34	1.875e-39	6.2897e-42	1.57606e-46	1.79389e-48	9.9097e-54	4.46968e-57	5.13287e-61	5.43387e-63	1.3705e-68	2.17921e-72	7.16589e-77	1.34444e-79	7.6856e-85	1.30628e-88	2.57446e-94	3.25397e-97	1.32519e-101	2.71856e-104	
N55	1.48763e-17	3.85149e-14	2.48826e-11	3.43708e-09	2.2408e-06	9.32512e-06	0.00393884	0.0014008	0.019126	0.0716966	0.00141332	8.14432e-05	0.00928692	0.746285	0.144285	0.0024062	8.92262e-06	5.32177e-05	3.91922e-06	1.99146e-06	2.22707e-07	3.64866e-10	4.79705e-13	2.84825e-15	6.02309e-19	4.2846e-21	2.08417e-24	2.92925e-27	1.15364e-31	8.99754e-35	4.82206e-39	6.09988e-42	1.24561e-46	4.17576e-50	4.00931e-53	9.77982e-54	7.7015e-57	1.53102e-58	1.30592e-60	3.79644e-62	8.77835e-65	6.57868e-66	4.48857e-69	7.19091e-71	9.17895e-73	1.01324e-73	
N56	1.10064e-29	4.92946e-24	1.50038e-19	1.41809e-16	1.13622e-11	8.36222e-14	3.11687e-09	2.49308e-09	1.65405e-08	7.03032e-05	3.54624e-09	6.50948e-13	3.11037e-08	0.00117739	0.998702	5.01563e-05	9.96996e-10	1.2963e-13	3.1361e-18	1.30263e-22	1.75222e-27	1.9008e-33	9.19722e-40	4.36563e-46	1.34171e-52	4.64135e-58	3.9294e-65	2.37115e-32	3.91512e-33	9.98936e-33	8.04291e-33	7.92214e-33	2.95316e-33	5.17712e-34	2.39083e-34	8.521e-34	1.63766e-34	1.10969e-33	8.76834e-34	6.05637e-33	2.19383e-33	1.58473e-32	1.92897e-33	2.64839e-33	1.23404e-33	9.34881e-33	
L_bienne	0	0	0	0	0	0	0	0	0	0	0	0	0	0	1	0	0	0	0	0	0	0	0	0	0	0	0	0	0	0	0	0	0	0	0	0	0	0	0	0	0	0	0	0	0	0	
L_usitatissimum	0	0	0	0	0	0	0	0	0	0	0	0	0	0	1	0	0	0	0	0	0	0	0	0	0	0	0	0	0	0	0	0	0	0	0	0	0	0	0	0	0	0	0	0	0	0	
L_hologynum	0	0	0	0	0	0	0	0	0	0	0	0	0	0	0	0	0	0	0	0	1	0	0	0	0	0	0	0	0	0	0	0	0	0	0	0	0	0	0	0	0	0	0	0	0	0	
L_narbonense	0	0	0	0	0	0	0	0	0	0	0	0	0	1	0	0	0	0	0	0	0	0	0	0	0	0	0	0	0	0	0	0	0	0	0	0	0	0	0	0	0	0	0	0	0	0	
N57	6.7386e-14	9.2796e-11	1.95973e-08	4.72676e-06	4.67621e-05	0.000765108	0.00703762	0.271972	0.71457	0.00559565	8.40197e-06	4.23244e-08	3.76166e-10	1.34877e-12	4.4374e-16	6.37448e-20	5.88879e-24	5.89899e-27	8.7161e-31	4.43983e-34	2.87511e-37	1.57351e-41	1.52192e-45	1.25416e-49	5.48368e-54	4.51866e-57	2.99337e-61	1.74282e-64	2.13703e-69	3.15457e-73	4.30694e-78	3.26124e-82	4.28666e-87	1.31436e-91	3.24816e-96	5.65058e-100	2.66514e-105	2.95199e-109	1.33255e-113	6.797e-118	1.25027e-122	3.01219e-126	8.74826e-132	2.79029e-136	9.22727e-141	1.25059e-144	
L_decumbens1	0	0	0	0	0	0	0	0	1	0	0	0	0	0	0	0	0	0	0	0	0	0	0	0	0	0	0	0	0	0	0	0	0	0	0	0	0	0	0	0	0	0	0	0	0	0	
L_grandiflorum	0	0	0	0	0	0	0	1	0	0	0	0	0	0	0	0	0	0	0	0	0	0	0	0	0	0	0	0	0	0	0	0	0	0	0	0	0	0	0	0	0	0	0	0	0	0	
L_stelleroides	0	0	0	0	0	0	0	0	1	0	0	0	0	0	0	0	0	0	0	0	0	0	0	0	0	0	0	0	0	0	0	0	0	0	0	0	0	0	0	0	0	0	0	0	0	0	
N58	4.61023e-11	1.72135e-08	3.92031e-07	8.96579e-05	0.000103725	9.1359e-05	0.0122133	0.944501	0.042808	0.000191816	2.57503e-07	3.91892e-10	4.32312e-13	3.73554e-16	1.72405e-19	7.63395e-23	1.82004e-26	1.20914e-29	1.07611e-33	2.42334e-37	1.68448e-41	1.86939e-45	1.03489e-49	2.0925e-53	7.87338e-58	1.32985e-61	1.14871e-65	6.1275e-70	1.4026e-74	1.42295e-78	2.09423e-83	1.78056e-87	2.5949e-92	1.37882e-96	3.05301e-101	3.56773e-105	2.17962e-110	6.41461e-115	7.49046e-120	3.34058e-124	1.97382e-129	4.85091e-134	1.88716e-139	5.94737e-144	1.40755e-148	9.81009e-153	
N59	1.67474e-13	2.70568e-10	1.43661e-08	1.14974e-05	8.44056e-06	6.45254e-06	0.00391038	0.9874	0.00865696	6.0374e-06	1.65367e-09	6.37333e-12	1.22484e-15	7.81867e-19	7.69358e-23	1.70037e-25	2.3115e-30	2.62905e-33	1.85618e-38	4.75976e-42	7.20612e-47	3.91339e-51	8.69302e-56	9.17216e-59	2.1591e-64	3.22644e-68	2.03363e-72	6.07037e-77	1.13536e-82	1.95908e-86	1.26993e-91	8.20953e-95	6.15741e-101	1.50453e-105	8.30228e-111	4.10567e-114	1.80302e-120	2.65745e-125	9.57997e-131	1.01212e-134	8.41502e-141	1.74902e-145	5.76785e-152	4.21643e-156	2.17827e-161	3.40653e-165	
N60	5.33368e-15	1.54083e-11	1.55718e-09	1.7522e-06	1.11065e-06	1.85139e-06	0.00222837	0.994757	0.00300849	1.00932e-06	4.63882e-10	5.86237e-12	4.56265e-16	3.16519e-19	3.63426e-23	2.1965e-25	2.03122e-30	1.29913e-33	7.33472e-39	1.15982e-42	3.73969e-47	2.09385e-51	1.18551e-55	2.53967e-58	5.0066e-64	4.37081e-68	2.69955e-72	1.14625e-76	1.79997e-82	4.27792e-86	9.18959e-91	1.08385e-93	7.49231e-100	2.00368e-104	6.3486e-110	5.01475e-113	2.35675e-119	4.29184e-124	2.05813e-129	1.61842e-133	3.20677e-139	1.38711e-143	5.04601e-150	5.88974e-154	9.87341e-159	4.47191e-162	
L_hirsutum	0	0	0	0	0	0	0	1	0	0	0	0	0	0	0	0	0	0	0	0	0	0	0	0	0	0	0	0	0	0	0	0	0	0	0	0	0	0	0	0	0	0	0	0	0	0	
L_seljukorum	0	0	0	0	0	0	0	1	0	0	0	0	0	0	0	0	0	0	0	0	0	0	0	0	0	0	0	0	0	0	0	0	0	0	0	0	0	0	0	0	0	0	0	0	0	0	
L_viscosum	0	0	0	0	0	0	0	1	0	0	0	0	0	0	0	0	0	0	0	0	0	0	0	0	0	0	0	0	0	0	0	0	0	0	0	0	0	0	0	0	0	0	0	0	0	0	
L_pubescens	0	0	0	0	0	0	0	1	0	0	0	0	0	0	0	0	0	0	0	0	0	0	0	0	0	0	0	0	0	0	0	0	0	0	0	0	0	0	0	0	0	0	0	0	0	0	
Re_indica	0	0	0	0	0	0	0	0	0	0	1	0	0	0	0	0	0	0	0	0	0	0	0	0	0	0	0	0	0	0	0	0	0	0	0	0	0	0	0	0	0	0	0	0	0	0	
