NODE	1	2	3	4	5	6	7	8	9	10	11	12	13	14	15	16	17	18	19	20	21	22	23	24	25	26	27	28	29	30	31	32	33	34	35	36	37	38	39	40	41	42	43	44	45	46	
N1	0.105443	0.332155	0.412538	0.142034	0.0078074	2.28663e-05	2.17617e-23	1.60785e-34	1.0164e-42	3.3468e-43	5.91293e-44	1.33706e-53	1.31757e-63	8.72737e-74	4.45677e-84	1.92762e-94	7.31348e-105	2.25224e-115	5.53276e-126	1.20098e-136	2.26469e-147	3.40609e-158	6.55039e-169	1.09899e-179	1.55841e-190	2.04772e-201	2.43235e-212	2.3716e-223	2.71754e-219	8.99506e-230	1.68708e-240	2.10155e-251	2.02314e-262	1.76842e-273	1.47308e-284	1.17647e-295	9.02414e-307	6.65886e-318	0	0	5.1814e-40	5.1814e-40	5.1814e-40	5.1814e-40	5.1814e-40	5.1814e-40	
N2	0.0343011	0.211269	0.436953	0.27489	0.0415874	0.00100025	3.99227e-15	1.20377e-27	2.4462e-47	3.79731e-58	3.46698e-64	1.52793e-64	2.59814e-64	6.80976e-64	1.15292e-63	1.17555e-63	7.33806e-64	2.94939e-64	4.59712e-64	1.0903e-63	1.56148e-63	1.19434e-63	7.47119e-64	3.01182e-64	4.73217e-64	1.14677e-63	1.73233e-63	1.4882e-63	1.11256e-63	3.35271e-50	1.52702e-37	4.94939e-36	1.2005e-34	1.37256e-33	3.9242e-33	2.86572e-33	8.65336e-34	5.50824e-34	6.81691e-34	6.26547e-34	3.45499e-34	1.22788e-34	1.48362e-34	3.4202e-34	5.38434e-34	1.77314e-33	
N3	3.85951e-06	9.27974e-05	0.00277837	0.0541901	0.362671	0.580264	3.75601e-11	3.1685e-22	1.27292e-42	3.53202e-54	3.56615e-64	3.59133e-64	4.61604e-64	4.07527e-64	3.35509e-64	3.69571e-64	4.93644e-64	6.83435e-64	8.89501e-64	7.93251e-64	5.9278e-64	3.91315e-64	5.32918e-64	7.42755e-64	9.69137e-64	8.65204e-64	6.468e-64	4.27141e-64	1.63048e-38	2.53147e-37	1.66104e-36	2.3639e-35	8.69656e-34	1.42506e-32	4.28787e-32	6.08957e-32	5.63652e-32	4.37685e-32	3.03468e-32	2.16775e-32	1.75544e-32	1.53429e-32	1.27953e-32	9.86095e-33	8.02369e-33	6.29569e-32	
N4	1.64114e-07	8.09528e-06	0.000140384	0.00412298	0.0925605	0.477584	0.378508	0.0470756	3.04393e-13	2.93946e-35	4.44873e-57	5.55837e-77	4.82467e-88	1.56907e-99	1.03064e-110	3.60716e-121	7.73795e-132	7.45141e-143	2.63619e-154	4.27261e-166	1.45278e-177	2.06665e-188	2.67139e-199	1.61341e-210	3.7047e-222	4.01373e-234	9.35983e-246	7.63845e-244	1.39492e-254	9.46789e-266	3.39862e-277	2.49762e-288	3.33272e-299	1.38587e-309	2.01332e-320	0	7.80606e-33	2.07751e-33	4.24405e-34	2.68004e-34	5.67291e-34	6.69174e-34	3.02996e-34	8.33172e-35	4.68519e-35	1.53231e-33	
N5	7.76724e-09	3.39765e-07	1.13501e-05	0.000436593	0.0243689	0.269337	0.487575	0.200645	0.0176268	3.1656e-23	3.11968e-44	5.44569e-64	1.38173e-64	1.83947e-65	5.05735e-66	2.57691e-65	1.49804e-64	2.51884e-64	1.59971e-64	4.95663e-65	1.10524e-65	2.59644e-65	1.50949e-64	2.5381e-64	1.61195e-64	4.99454e-65	1.11369e-65	2.6163e-65	2.16768e-39	1.36607e-38	1.43936e-38	6.17067e-39	1.91027e-38	3.15396e-36	2.40421e-34	1.91263e-33	3.84285e-33	1.0372e-33	1.66917e-34	3.75999e-35	8.54209e-35	1.32362e-34	7.27867e-35	1.97085e-35	4.61202e-36	2.6905e-34	
N6	7.50753e-11	8.09062e-09	3.02616e-07	4.29988e-06	0.000837385	0.031548	0.250103	0.539138	0.178369	5.06419e-23	2.8652e-45	9.44604e-66	8.5884e-66	6.55482e-66	3.45909e-66	1.44174e-66	2.02636e-66	9.59815e-66	1.6872e-65	1.28019e-65	5.68365e-66	1.46411e-66	2.06815e-66	9.80278e-66	1.72321e-65	1.30752e-65	5.80549e-66	1.49648e-66	3.32142e-55	2.73225e-46	6.6745e-43	4.55554e-41	1.21092e-40	4.59803e-40	8.32384e-40	9.42775e-38	1.1072e-34	6.39792e-33	3.27947e-33	1.18413e-33	3.72487e-34	3.37806e-34	4.29533e-34	3.34008e-34	1.70788e-34	1.13751e-33	
N7	1.05761e-18	2.1644e-14	6.64086e-11	6.64381e-18	4.27478e-13	6.72183e-09	1.92573e-05	0.0118991	0.988082	1.06022e-22	2.32808e-46	6.06833e-69	3.05295e-81	7.02546e-86	2.18694e-95	1.40758e-105	4.50354e-118	1.62056e-130	1.70866e-142	4.40599e-154	5.24755e-164	1.85095e-174	3.31607e-187	6.93673e-200	4.37796e-212	2.48794e-224	7.61447e-237	1.35697e-249	1.59149e-262	2.20928e-275	9.35719e-288	3.60127e-300	7.51803e-313	0	0	5.61584e-34	1.14961e-33	2.27578e-33	2.59922e-33	1.84757e-33	9.05721e-34	3.52451e-34	1.86059e-34	2.13575e-34	2.23818e-34	7.83837e-34	
L_corymbiferum	0	0	0	0	0	0	0	0	1	0	0	0	0	0	0	0	0	0	0	0	0	0	0	0	0	0	0	0	0	0	0	0	0	0	0	0	0	0	0	0	0	0	0	0	0	0	
N8	5.35758e-23	1.51752e-17	4.3041e-13	1.90318e-17	7.97739e-18	2.86442e-12	1.50986e-07	0.00129084	0.998709	1.76723e-12	3.38558e-37	1.45045e-62	4.23059e-87	5.27549e-110	1.2426e-133	2.17364e-159	1.39492e-185	1.48872e-211	8.23901e-235	1.63645e-258	6.91497e-283	2.44099e-309	0	0	0	0	0	0	0	0	0	0	0	2.47033e-322	1.91814e-36	1.37793e-37	6.69707e-36	1.50343e-34	9.16146e-34	5.92082e-35	1.9211e-36	4.14052e-38	2.98051e-38	6.54907e-37	3.9908e-36	4.08378e-36	
L_gallicum	0	0	0	0	0	0	0	0	0	1	0	0	0	0	0	0	0	0	0	0	0	0	0	0	0	0	0	0	0	0	0	0	0	0	0	0	0	0	0	0	0	0	0	0	0	0	
L_strictum	0	0	0	0	0	0	0	0	1	0	0	0	0	0	0	0	0	0	0	0	0	0	0	0	0	0	0	0	0	0	0	0	0	0	0	0	0	0	0	0	0	0	0	0	0	0	
N9	6.47574e-14	4.88178e-11	8.12892e-09	2.38528e-08	3.78411e-05	0.00628758	0.0158208	0.294242	0.683612	6.01368e-22	2.04096e-35	4.84458e-47	1.39263e-61	4.85842e-72	7.51809e-83	4.29788e-94	1.01366e-105	3.81894e-117	2.77221e-131	6.10189e-142	4.88577e-153	1.52649e-164	2.0652e-176	4.6803e-188	2.12376e-202	3.02359e-213	1.61297e-224	3.44414e-236	3.25961e-248	5.30604e-260	1.22323e-272	1.28427e-283	5.12544e-295	8.29236e-307	6.01283e-319	0	4.40149e-33	7.44212e-33	6.33929e-33	3.08081e-33	9.96225e-34	2.91768e-34	2.75552e-34	4.02041e-34	3.37883e-34	1.14054e-33	
L_setaceum	0	0	0	0	0	0	0	0	1	0	0	0	0	0	0	0	0	0	0	0	0	0	0	0	0	0	0	0	0	0	0	0	0	0	0	0	0	0	0	0	0	0	0	0	0	0	
N10	1.19163e-18	8.82099e-14	7.65436e-10	3.59673e-12	4.10757e-07	0.00616753	1.52424e-06	0.00353944	0.990291	3.64441e-11	2.48637e-22	3.90633e-34	6.01432e-53	3.64222e-63	1.04682e-73	5.36276e-85	8.79444e-97	5.73301e-109	7.04893e-127	4.18984e-137	5.4337e-148	1.28915e-159	1.00314e-171	3.14889e-184	1.86928e-202	5.31054e-213	3.21676e-224	3.42698e-236	1.12692e-248	1.36339e-261	6.66611e-278	4.91837e-289	4.68177e-301	8.28093e-15	2.70024e-14	4.00962e-14	7.81207e-25	8.61361e-36	1.96244e-47	9.23911e-60	1.92337e-72	2.29894e-85	4.50798e-98	7.60921e-110	5.38604e-122	4.51101e-134	
L_suffruticosum1	0	0	0	0	0	0	0	0	0	0	0	0	0	0	0	0	0	0	0	0	0	0	0	0	0	0	0	0	0	0	0	0	0	0	0	1	0	0	0	0	0	0	0	0	0	0	
L_tenuifolium1	0	0	0	0	0	0	0	0	1	0	0	0	0	0	0	0	0	0	0	0	0	0	0	0	0	0	0	0	0	0	0	0	0	0	0	0	0	0	0	0	0	0	0	0	0	0	
N11	3.1345e-09	3.68403e-09	3.31757e-07	1.41224e-05	0.00293258	0.0976157	0.39212	0.202465	0.304852	3.76582e-11	4.33502e-22	1.35518e-32	8.29331e-33	6.82944e-43	5.79374e-54	7.16691e-65	1.60533e-64	7.37894e-64	1.20239e-63	8.73172e-64	2.77709e-64	5.10408e-65	1.62846e-64	7.48619e-64	1.21987e-63	8.85865e-64	2.81746e-64	5.17832e-65	2.86743e-41	1.25408e-39	6.62809e-39	4.41872e-39	1.75607e-39	2.08789e-39	1.4722e-37	6.96022e-36	3.63219e-35	2.70117e-35	1.14763e-34	9.07394e-34	2.87819e-33	5.08598e-33	6.88009e-33	4.33855e-33	1.55703e-33	1.58103e-32	
N12	9.67613e-12	6.29185e-12	5.32588e-15	7.9942e-12	4.06984e-08	2.65524e-05	0.00141622	0.000898466	8.24097e-06	0.000565492	0.0154829	0.160432	0.82117	6.71587e-11	2.45658e-33	1.89122e-56	4.66566e-78	1.60084e-89	1.83005e-100	9.65826e-112	2.18538e-123	1.6146e-135	2.24497e-147	3.55677e-159	2.03601e-170	1.39292e-169	1.71462e-180	1.28739e-192	6.39051e-205	6.54492e-217	2.50307e-228	5.39079e-240	9.01907e-252	4.8273e-264	1.74248e-276	1.67392e-288	8.08163e-299	3.82234e-309	2.45155e-320	0	9.81616e-32	3.14215e-32	2.43275e-32	3.46816e-32	3.09201e-32	1.04731e-31	
N13	8.27764e-14	2.25472e-13	2.95047e-20	3.94594e-16	1.47452e-11	5.54827e-08	1.23121e-05	3.25508e-05	2.45637e-09	1.52784e-06	0.000322574	0.0209279	0.461009	0.517694	5.35005e-24	6.34305e-47	2.1647e-67	2.71412e-67	2.33263e-67	4.20438e-68	5.7777e-68	6.62429e-68	1.86657e-67	2.72503e-67	2.3422e-67	4.22164e-68	5.80141e-68	8.20157e-47	6.17321e-43	5.55319e-43	4.77774e-43	8.70974e-44	1.33311e-43	4.03123e-43	2.46799e-42	2.22012e-42	1.91015e-42	3.53803e-43	6.09431e-42	4.07732e-37	3.02635e-33	2.63742e-33	1.76233e-33	2.40879e-34	2.39794e-35	1.11213e-34	
N14	9.16214e-18	5.39116e-16	2.41437e-28	4.86741e-25	1.06049e-18	1.91828e-13	1.37577e-09	7.85557e-08	1.75417e-15	1.28308e-12	1.32877e-08	4.23829e-05	0.0311896	0.968768	6.62014e-24	6.65129e-48	2.1437e-72	1.12176e-96	3.69706e-120	1.88073e-144	2.6049e-169	1.64651e-194	2.05277e-219	3.0889e-243	2.68414e-267	3.2819e-292	1.24889e-317	0	0	0	0	0	0	0	0	0	0	0	0	0	2.52943e-35	1.85064e-34	9.53984e-34	8.33291e-34	2.69798e-34	1.23795e-34	
L_album	0	0	0	0	0	0	0	0	0	0	0	0	0	1	0	0	0	0	0	0	0	0	0	0	0	0	0	0	0	0	0	0	0	0	0	0	0	0	0	0	0	0	0	0	0	0	
L_mucronatum1	0	0	0	0	0	0	0	0	0	0	0	0	0	1	0	0	0	0	0	0	0	0	0	0	0	0	0	0	0	0	0	0	0	0	0	0	0	0	0	0	0	0	0	0	0	0	
N15	3.43202e-18	4.37072e-16	5.07637e-25	4.95128e-26	1.66669e-19	4.42068e-14	5.14179e-10	6.35793e-08	7.76674e-14	1.4284e-13	2.6285e-09	1.21999e-05	0.0145818	0.985406	6.7601e-13	3.83887e-34	1.9628e-46	1.00406e-57	6.85068e-69	6.58718e-81	3.92206e-93	7.78883e-106	3.05274e-117	1.79933e-128	1.15647e-139	2.2102e-149	6.23585e-160	6.63938e-173	1.47933e-184	5.1961e-196	9.02577e-208	2.51432e-220	2.47991e-233	1.78743e-246	2.7551e-258	6.82299e-270	8.49765e-282	1.72278e-294	1.2532e-307	6.744e-321	0	1.00068e-33	3.08602e-33	1.62519e-33	3.21834e-34	1.49802e-34	
N16	9.02608e-22	1.02216e-18	1.47533e-32	3.43902e-32	8.53745e-26	6.34407e-19	1.34334e-13	1.48503e-10	1.75002e-19	3.02198e-18	5.83793e-13	7.54777e-08	0.00164502	0.998355	1.05419e-22	1.17017e-43	2.24956e-45	8.41637e-47	1.48428e-45	4.913e-45	1.20507e-44	4.90694e-46	1.30992e-47	2.15121e-46	7.76897e-44	1.02402e-38	4.13638e-35	1.67358e-36	4.46756e-38	7.25916e-37	2.03173e-35	6.54617e-35	4.14104e-35	1.67546e-36	4.47253e-38	7.26733e-37	2.03402e-35	6.55353e-35	4.14569e-35	1.67735e-36	4.4775e-38	7.27548e-37	2.03624e-35	6.56053e-35	4.15005e-35	2.07585e-36	
N17	5.44908e-23	5.90531e-21	6.77106e-35	3.44507e-33	9.23947e-31	8.72632e-23	1.69379e-16	8.55484e-13	9.39848e-22	4.66812e-20	1.01288e-15	1.80357e-09	0.000360344	0.99964	8.11053e-25	1.7546e-46	8.28111e-60	2.24109e-73	8.46687e-84	4.74983e-94	5.60578e-107	1.48165e-120	2.27957e-134	4.49329e-147	1.02531e-155	3.9872e-164	5.85767e-176	8.56624e-190	7.61591e-204	8.90802e-217	2.68773e-226	4.56141e-237	9.29992e-251	8.90281e-265	5.25269e-279	4.12389e-292	8.42742e-302	9.75651e-313	0	0	7.97007e-39	2.64451e-39	2.43031e-36	1.34579e-34	9.57163e-36	1.04988e-36	
N18	8.35147e-23	4.98194e-23	1.15377e-36	4.72194e-35	8.32383e-34	2.13441e-26	3.3749e-19	7.14654e-15	1.0838e-23	4.44826e-22	2.48903e-18	5.28218e-11	8.59633e-05	0.999914	1.1458e-24	1.64118e-49	6.97828e-75	1.23127e-100	6.03848e-124	6.80971e-146	1.51578e-171	1.25624e-197	5.19931e-224	1.77936e-250	5.53245e-272	1.20408e-294	5.66693e-321	0	0	0	0	0	0	0	0	0	0	0	9.08531e-36	3.17629e-37	7.29418e-39	1.7926e-40	5.12544e-37	1.30402e-34	9.10239e-36	9.82196e-37	
L_arboreum	0	0	0	0	0	0	0	0	0	0	0	0	0	1	0	0	0	0	0	0	0	0	0	0	0	0	0	0	0	0	0	0	0	0	0	0	0	0	0	0	0	0	0	0	0	0	
L_elegans	0	0	0	0	0	0	0	0	0	0	0	0	0	1	0	0	0	0	0	0	0	0	0	0	0	0	0	0	0	0	0	0	0	0	0	0	0	0	0	0	0	0	0	0	0	0	
L_campanulatum	0	0	0	0	0	0	0	0	0	0	0	0	0	1	0	0	0	0	0	0	0	0	0	0	0	0	0	0	0	0	0	0	0	0	0	0	0	0	0	0	0	0	0	0	0	0	
N19	1.29521e-23	4.95445e-21	2.05666e-26	7.34448e-35	2.69228e-31	3.49821e-23	8.90349e-17	7.17563e-13	4.6674e-16	2.04294e-21	4.04999e-16	8.76265e-10	0.000225541	0.999774	4.23033e-12	3.51423e-37	1.80443e-58	4.49791e-72	7.16139e-82	2.07879e-91	8.38582e-103	4.33884e-115	5.16806e-129	7.20502e-141	2.63695e-150	4.96819e-161	1.21779e-174	1.37824e-188	9.48786e-203	7.92051e-215	1.78677e-224	2.12538e-235	3.35531e-249	2.48611e-263	1.13591e-277	6.3656e-290	9.72719e-300	7.89392e-311	0	0	2.56305e-38	5.53625e-38	3.46971e-35	1.22831e-33	6.16988e-35	6.05043e-36	
L_capitatum	0	0	0	0	0	0	0	0	0	0	0	0	0	1	0	0	0	0	0	0	0	0	0	0	0	0	0	0	0	0	0	0	0	0	0	0	0	0	0	0	0	0	0	0	0	0	
N20	3.67894e-23	3.68664e-21	8.88462e-20	6.79698e-31	4.19167e-28	2.00942e-25	4.07507e-19	1.08225e-14	9.83653e-15	4.97142e-23	2.50908e-18	3.07408e-11	3.59239e-05	0.524209	0.475755	2.68108e-25	2.53164e-50	7.11261e-76	1.3e-97	2.35267e-119	7.33956e-145	8.44074e-171	4.31863e-197	2.85585e-222	4.32152e-243	1.56145e-265	1.16563e-291	3.68056e-318	0	0	0	0	0	0	0	0	0	0	0	0	0	1.32583e-39	6.74303e-36	1.00065e-33	3.69394e-35	3.28287e-36	
L_gyaricum	0	0	0	0	0	0	0	0	0	0	0	0	0	0	1	0	0	0	0	0	0	0	0	0	0	0	0	0	0	0	0	0	0	0	0	0	0	0	0	0	0	0	0	0	0	0	
L_tauricum	0	0	0	0	0	0	0	0	0	0	0	0	0	0	1	0	0	0	0	0	0	0	0	0	0	0	0	0	0	0	0	0	0	0	0	0	0	0	0	0	0	0	0	0	0	0	
L_flavum	0	0	0	0	0	0	0	0	0	0	0	0	0	0	1	0	0	0	0	0	0	0	0	0	0	0	0	0	0	0	0	0	0	0	0	0	0	0	0	0	0	0	0	0	0	0	
L_nodiflorum	0	0	0	0	0	0	0	0	0	0	0	0	1	0	0	0	0	0	0	0	0	0	0	0	0	0	0	0	0	0	0	0	0	0	0	0	0	0	0	0	0	0	0	0	0	0	
N21	4.19579e-12	5.25491e-11	6.68964e-09	4.56889e-08	3.91881e-06	0.00107473	0.0390182	0.280878	0.679025	7.30804e-11	2.44115e-32	5.85399e-54	4.24653e-65	1.64456e-76	3.21356e-88	4.45502e-100	7.02842e-112	3.6953e-123	2.0879e-134	3.93526e-146	5.98282e-158	8.06187e-170	1.48096e-181	6.3567e-193	2.22958e-204	2.63339e-216	2.59124e-228	2.32562e-240	4.52627e-243	6.77955e-253	2.73649e-263	2.3938e-275	1.86551e-287	1.86092e-299	1.93984e-310	2.03802e-320	0	8.66371e-33	5.7887e-33	4.67765e-33	3.55267e-33	3.96948e-33	4.97647e-33	2.91938e-33	1.14221e-33	2.25984e-33	
N22	7.72788e-17	2.12541e-14	3.02005e-11	2.07113e-11	2.0801e-11	1.74499e-07	0.000171509	0.0278054	0.972023	1.1363e-10	3.792e-33	8.81209e-55	6.06909e-67	5.95437e-79	1.47698e-90	2.86257e-102	2.21629e-114	8.64867e-127	1.16024e-138	3.01837e-150	8.45117e-162	3.08775e-173	3.92289e-185	8.71071e-198	6.9338e-210	1.03972e-221	1.08409e-233	3.87825e-243	1.64257e-252	1.46217e-262	8.20781e-275	8.82581e-287	6.69896e-299	4.34636e-311	3.87347e-321	0	1.10478e-33	2.74524e-33	5.04945e-33	5.94575e-33	2.83332e-33	8.03446e-34	1.97019e-34	1.36252e-34	2.11286e-34	7.38858e-34	
N23	5.3284e-25	3.87643e-20	9.4501e-15	1.55679e-16	1.72245e-20	1.11457e-14	3.84122e-09	0.000162812	0.999837	9.56437e-11	3.52165e-35	2.22544e-60	4.66855e-86	7.20423e-112	2.41001e-136	3.981e-161	3.43451e-187	9.49038e-214	1.31115e-240	3.95004e-266	8.84642e-292	1.68694e-168	7.64894e-33	1.11857e-33	1.39676e-34	7.38077e-34	7.73879e-33	2.71259e-32	7.71012e-33	1.12751e-33	1.40792e-34	7.43973e-34	7.8006e-33	2.73429e-32	7.77179e-33	1.13653e-33	1.41917e-34	7.49915e-34	7.86291e-33	2.75615e-32	7.83395e-33	1.14531e-33	1.13029e-34	2.29599e-35	1.55924e-34	8.76355e-34	
L_corymbulosum	0	0	0	0	0	0	0	0	1	0	0	0	0	0	0	0	0	0	0	0	0	0	0	0	0	0	0	0	0	0	0	0	0	0	0	0	0	0	0	0	0	0	0	0	0	0	
L_trigynum	0	0	0	0	0	0	0	0	0	1	0	0	0	0	0	0	0	0	0	0	0	0	0	0	0	0	0	0	0	0	0	0	0	0	0	0	0	0	0	0	0	0	0	0	0	0	
L_tenue1	0	0	0	0	0	0	0	0	0	1	0	0	0	0	0	0	0	0	0	0	0	0	0	0	0	0	0	0	0	0	0	0	0	0	0	0	0	0	0	0	0	0	0	0	0	0	
L_maritimum	0	0	0	0	0	0	0	0	0	1	0	0	0	0	0	0	0	0	0	0	0	0	0	0	0	0	0	0	0	0	0	0	0	0	0	0	0	0	0	0	0	0	0	0	0	0	
L_catharticum	0	0	0	0	0	0	0	1	0	0	0	0	0	0	0	0	0	0	0	0	0	0	0	0	0	0	0	0	0	0	0	0	0	0	0	0	0	0	0	0	0	0	0	0	0	0	
N24	7.72729e-08	2.58091e-06	8.55357e-05	0.00407345	0.128911	0.866927	4.96914e-11	5.37827e-22	7.2259e-32	1.72581e-42	4.34636e-53	1.21422e-63	3.38156e-74	3.37497e-85	1.59207e-96	4.91623e-108	5.52678e-119	1.11022e-129	1.25594e-140	5.47452e-152	1.27263e-163	1.63968e-175	1.06346e-186	1.2867e-197	9.12194e-209	2.57881e-220	4.00469e-232	3.53248e-244	1.51532e-245	4.55493e-255	3.1463e-265	7.30369e-277	3.54482e-288	2.79403e-299	8.69166e-311	4.5454e-322	0	2.75828e-32	1.45555e-32	5.52458e-33	2.05281e-33	1.80386e-33	2.25359e-33	1.84567e-33	9.77905e-34	6.52582e-33	
N25	3.34839e-10	1.50985e-07	3.05086e-05	4.9949e-05	0.0211245	0.978795	2.24639e-11	1.35222e-22	3.46581e-32	2.09495e-33	2.74879e-33	3.47221e-33	1.06449e-32	2.40991e-32	1.95442e-32	1.82806e-43	1.19197e-54	1.74697e-64	4.29218e-64	4.9877e-64	3.23937e-64	5.8869e-65	3.54938e-65	1.45622e-64	4.36811e-64	2.60392e-53	5.95384e-52	5.94487e-51	1.3763e-40	4.49589e-37	4.68904e-35	5.43991e-35	3.32973e-35	1.25279e-35	6.51146e-36	2.13231e-35	9.51761e-35	1.10415e-34	6.75888e-35	2.93496e-35	2.22498e-34	6.47444e-33	1.22652e-31	1.37368e-31	8.37795e-32	3.74898e-31	
N26	1.14668e-11	9.88287e-09	4.91652e-06	3.10296e-05	0.0164688	0.983495	4.9073e-13	5.74167e-23	1.86464e-32	1.63427e-42	4.8445e-52	1.00922e-61	4.37379e-62	1.80456e-60	2.8479e-59	3.46314e-59	5.18546e-60	1.21029e-60	1.11706e-62	3.46913e-62	3.6455e-62	2.62749e-63	1.4576e-63	2.36529e-63	1.11904e-62	3.47924e-62	3.65617e-62	2.4072e-42	6.67789e-41	2.36393e-38	3.211e-36	1.03218e-33	1.49893e-32	2.36375e-33	1.31946e-33	2.50084e-33	1.0987e-32	2.54033e-32	1.78704e-32	2.81441e-33	1.52553e-33	1.71222e-33	4.96398e-33	1.07956e-32	7.38256e-33	1.17167e-33	
N27	4.39113e-12	5.59518e-10	8.92274e-07	2.24321e-06	0.00544796	0.993962	0.000239206	0.000133683	0.000213825	5.19449e-15	1.16264e-23	2.28657e-32	9.40065e-35	1.42543e-34	1.42327e-34	4.35721e-34	8.472e-32	2.09936e-30	3.63416e-42	1.75109e-54	1.75134e-65	5.4156e-66	2.98652e-64	5.10976e-63	1.09609e-63	6.37041e-52	8.39954e-53	5.6211e-46	2.49795e-42	2.65861e-39	6.75332e-38	4.62033e-37	2.33834e-37	2.64973e-37	1.45948e-35	2.45403e-34	4.67543e-35	5.51798e-36	5.36054e-37	3.11e-38	3.76966e-37	1.55275e-35	4.83552e-35	5.17667e-35	1.84837e-35	1.00392e-32	
N28	1.5643e-16	1.47318e-13	1.34642e-09	2.58143e-08	0.000117089	0.0374147	1.20903e-08	2.72769e-07	2.43516e-06	8.52291e-06	1.04382e-05	0.000300727	3.15835e-07	7.12091e-06	6.3586e-05	0.000222911	0.00324915	0.958603	1.59979e-22	2.84537e-44	2.28803e-55	6.2901e-67	9.07679e-78	4.84276e-87	3.62219e-101	2.80599e-112	8.0949e-124	8.88609e-136	5.83378e-147	1.61661e-156	3.21221e-168	3.09464e-179	5.63338e-191	1.46876e-203	3.87098e-215	6.5013e-225	3.67916e-237	1.47073e-249	5.31205e-262	7.76238e-275	1.01782e-287	2.52515e-298	3.71178e-310	9.28843e-322	0	7.86123e-33	
C_selaginoides	0	0	0	0	0	0	0	0	0	0	0	0	0	0	0	0	0	1	0	0	0	0	0	0	0	0	0	0	0	0	0	0	0	0	0	0	0	0	0	0	0	0	0	0	0	0	
N29	9.47638e-21	9.8746e-17	8.0098e-12	1.15195e-09	2.18346e-05	0.0168778	4.40623e-11	1.08579e-09	2.68237e-08	6.03304e-07	4.83228e-06	0.000256482	1.58844e-10	1.48568e-08	1.1723e-06	3.43504e-05	0.00153488	0.981268	1.17394e-15	3.45423e-27	1.73908e-37	4.24128e-38	1.07419e-37	1.93451e-35	4.23584e-39	6.2004e-39	1.61392e-38	1.12883e-34	2.73877e-31	1.26944e-26	2.13238e-26	1.46078e-24	2.92446e-23	5.92631e-23	3.57665e-22	6.69419e-20	3.05485e-31	4.50627e-43	1.20745e-54	2.20687e-66	5.65876e-78	1.3527e-87	5.65115e-99	8.92881e-110	5.32753e-121	1.17701e-130	
L_littorale	0	0	0	0	0	0	0	0	0	0	0	0	0	0	0	0	0	0	0	0	0	0	0	0	0	0	0	0	0	0	0	0	0	0	0	1	0	0	0	0	0	0	0	0	0	0	
N30	2.24633e-27	4.7967e-22	6.26256e-16	1.07262e-12	1.49051e-07	0.000391084	9.88467e-15	4.1393e-13	9.25813e-12	6.52938e-10	3.98921e-08	8.09703e-06	1.59259e-12	6.90526e-11	5.3287e-09	1.5023e-06	0.000476151	0.999123	6.42364e-24	5.24449e-48	1.69091e-72	2.54397e-96	9.97547e-119	1.95624e-139	1.4243e-163	1.74337e-122	4.85401e-133	4.64447e-143	2.20619e-152	1.48279e-160	2.87229e-172	3.5279e-185	1.54682e-197	2.03397e-209	7.75086e-221	9.76105e-231	2.19579e-243	1.28982e-256	4.82599e-270	1.58845e-283	6.13956e-296	2.35022e-305	1.91869e-317	0	3.09092e-36	1.93213e-33	
N31	1.42227e-30	2.1232e-24	1.61502e-17	1.27873e-13	5.93345e-08	0.000300578	2.65579e-14	3.10986e-13	1.80163e-12	8.31067e-11	1.63353e-08	7.02591e-06	7.26142e-14	1.25822e-12	1.89172e-10	2.3438e-07	0.000247556	0.999445	2.62097e-17	8.82158e-29	1.05638e-40	5.66271e-53	9.83727e-64	1.89302e-72	7.09335e-90	5.97175e-102	2.47251e-114	1.10016e-125	1.4524e-135	1.4093e-144	3.25642e-160	1.55847e-172	3.84799e-185	1.06227e-196	8.99852e-207	5.76531e-216	2.32551e-240	2.22402e-265	9.31627e-291	4.44024e-315	0	0	0	0	1.5537e-125	9.6614e-134	
L_macraei	0	0	0	0	0	0	0	0	0	0	0	0	0	0	0	0	0	0	0	0	0	0	0	0	0	0	0	0	0	0	0	0	0	0	0	1	0	0	0	0	0	0	0	0	0	0	
L_prostratum	0	0	0	0	0	0	0	0	0	0	0	0	0	0	0	0	0	1	0	0	0	0	0	0	0	0	0	0	0	0	0	0	0	0	0	0	0	0	0	0	0	0	0	0	0	0	
L_oligophyllum	0	0	0	0	0	0	0	0	0	0	0	0	0	0	0	0	0	1	0	0	0	0	0	0	0	0	0	0	0	0	0	0	0	0	0	0	0	0	0	0	0	0	0	0	0	0	
N32	3.83183e-12	5.34111e-11	1.3448e-07	1.44067e-07	0.001133	0.514575	0.470291	0.0110092	0.00299177	1.52127e-14	1.97943e-23	2.26689e-32	5.45161e-44	4.13054e-66	2.54674e-88	1.72281e-110	5.96318e-120	7.64541e-130	3.05369e-142	5.54683e-155	5.98815e-168	2.76979e-181	1.51357e-191	1.16398e-201	2.90818e-214	8.78594e-215	7.75558e-228	6.87925e-240	1.70911e-249	6.06455e-260	1.53344e-272	2.01547e-285	1.73265e-298	3.87974e-310	1.11654e-319	0	8.31256e-32	2.34084e-32	1.22092e-33	2.63199e-34	3.76118e-32	9.19757e-31	1.28444e-31	9.05067e-33	4.90181e-34	1.0874e-30	
N33	2.17124e-13	1.60317e-11	1.12115e-07	4.11731e-09	6.2347e-05	0.0374863	0.0358875	0.00790956	0.0130345	0.000650005	0.00103145	0.316939	0.586999	1.57991e-11	5.7728e-23	3.28626e-45	6.69881e-66	1.1894e-85	1.64787e-97	1.32246e-109	5.46258e-122	1.00893e-134	2.48286e-145	5.23664e-155	5.86101e-167	2.53448e-179	5.98463e-192	2.05512e-195	9.73137e-205	1.66309e-213	1.23904e-225	3.8477e-238	1.06552e-250	9.52389e-264	1.10262e-274	1.59486e-284	9.35323e-297	5.22122e-309	4.96536e-321	0	4.24974e-35	2.69556e-32	1.45205e-32	3.20739e-33	3.87781e-34	3.6461e-32	
L_kingii	0	0	0	0	0	0	0	0	0	0	0	0	1	0	0	0	0	0	0	0	0	0	0	0	0	0	0	0	0	0	0	0	0	0	0	0	0	0	0	0	0	0	0	0	0	0	
N34	1.97814e-16	9.06499e-14	3.03966e-09	8.92059e-11	7.65443e-06	0.0189806	4.96128e-05	0.000442602	0.00123893	5.93762e-05	0.000530032	0.19627	0.0324104	0.261367	0.488645	4.80223e-12	2.37492e-23	1.62559e-32	9.55064e-55	7.09825e-78	2.22729e-101	5.11182e-125	1.8008e-148	9.6769e-170	3.25012e-193	2.74154e-217	1.42977e-241	7.0187e-266	6.37326e-290	1.01826e-311	0	0	0	0	0	0	0	0	0	0	0	0	8.263e-311	9.88131e-324	0	1.94759e-31	
L_rupestre	0	0	0	0	0	0	0	0	0	0	0	0	0	0	0	0	0	1	0	0	0	0	0	0	0	0	0	0	0	0	0	0	0	0	0	0	0	0	0	0	0	0	0	0	0	0	
L_vernale	0	0	0	0	0	0	0	0	0	0	0	0	0	0	1	0	0	0	0	0	0	0	0	0	0	0	0	0	0	0	0	0	0	0	0	0	0	0	0	0	0	0	0	0	0	0	
L_striatum	0	0	0	0	0	0	0	0	1	0	0	0	0	0	0	0	0	0	0	0	0	0	0	0	0	0	0	0	0	0	0	0	0	0	0	0	0	0	0	0	0	0	0	0	0	0	
N35	1.3104e-13	4.2007e-10	6.64768e-07	1.32678e-05	0.0119232	0.988063	9.07723e-14	1.33475e-23	1.5697e-33	1.15248e-44	2.3553e-56	1.98575e-68	4.25852e-81	1.04367e-91	4.01656e-102	1.17767e-113	1.15603e-125	1.3167e-136	3.12378e-159	1.76434e-181	9.34047e-204	3.89544e-227	6.72461e-251	2.30943e-273	5.36346e-297	5.30478e-320	0	0	0	0	0	0	0	1.22248e-198	3.86718e-211	2.92303e-222	1.74409e-234	5.0672e-246	2.11126e-257	9.34989e-270	2.05388e-282	5.89352e-295	1.67551e-307	3.11326e-319	0	2.65625e-32	
He_micranthum	0	0	0	0	0	0	0	0	0	0	0	0	0	0	0	0	0	1	0	0	0	0	0	0	0	0	0	0	0	0	0	0	0	0	0	0	0	0	0	0	0	0	0	0	0	0	
S_digynum	0	0	0	0	0	1	0	0	0	0	0	0	0	0	0	0	0	0	0	0	0	0	0	0	0	0	0	0	0	0	0	0	0	0	0	0	0	0	0	0	0	0	0	0	0	0	
N36	5.92307e-16	9.16174e-12	2.15486e-08	1.34491e-16	6.94814e-12	3.09043e-08	5.00135e-06	0.000155009	0.000547976	2.19592e-10	3.42631e-08	4.50608e-05	0.00710288	0.219343	0.772801	3.20169e-24	5.08632e-43	3.0354e-53	1.03615e-64	1.45441e-76	1.25053e-88	1.19252e-100	7.26338e-112	1.44759e-122	2.59146e-134	4.81934e-145	8.63901e-156	2.41256e-167	8.35547e-179	9.92023e-190	8.40288e-202	3.42962e-214	8.85256e-227	1.69164e-239	4.05404e-251	3.39467e-262	2.06235e-274	6.12805e-287	1.16696e-299	1.60936e-312	0	0	4.043e-32	1.82008e-32	5.50381e-33	9.5606e-32	
N37	4.5542e-18	1.67963e-13	5.43502e-10	1.72416e-20	3.48058e-15	6.90408e-11	3.85017e-08	2.89429e-06	1.4817e-05	5.50836e-12	7.3513e-10	4.02997e-06	0.00218665	0.163738	0.834053	9.39419e-25	1.74803e-45	4.50625e-57	7.30021e-68	3.40724e-79	5.13148e-91	7.94999e-104	2.63841e-116	1.30061e-126	1.16421e-137	4.44943e-148	8.57039e-159	3.22238e-171	6.0807e-184	1.78276e-194	7.34887e-206	9.95288e-218	4.41544e-230	1.4009e-243	1.82917e-256	3.78208e-267	1.11813e-278	1.10239e-290	3.60792e-303	8.54459e-317	0	0	1.14477e-34	1.84445e-34	1.03313e-34	5.97715e-36	
N38	5.52189e-20	4.87016e-15	2.39857e-11	5.4622e-21	3.38622e-18	2.60139e-13	4.62864e-10	8.42099e-08	6.92871e-07	1.77385e-12	2.79682e-11	3.46961e-07	0.000600782	0.108851	0.890547	5.64526e-24	4.5695e-48	3.01809e-71	3.63836e-82	5.55001e-93	1.22246e-104	8.30732e-118	5.56298e-131	2.77376e-142	8.90971e-153	6.18943e-164	6.79842e-176	7.50177e-180	2.77347e-191	1.50987e-201	3.01123e-212	1.34925e-223	1.03596e-235	4.65098e-249	1.05713e-262	2.64831e-274	3.78761e-285	1.23539e-296	7.15294e-309	1.59089e-321	0	0	2.88169e-35	1.78169e-34	2.0029e-34	1.64227e-35	
N39	1.26956e-24	1.94023e-18	8.33532e-14	7.71377e-26	7.55917e-24	2.31375e-19	1.06433e-14	3.38296e-11	2.66375e-09	9.46193e-17	9.22757e-15	8.92307e-11	3.98149e-06	0.0126037	0.987392	6.54828e-24	5.61061e-48	1.4371e-72	2.31732e-97	2.17956e-120	4.25243e-144	5.73552e-169	3.0399e-194	8.72178e-220	9.91921e-244	5.57185e-267	2.61088e-291	9.66888e-317	0	0	0	0	0	0	0	0	0	0	0	0	0	1.67039e-36	7.48724e-36	2.02591e-34	5.50593e-34	1.75369e-34	
L_acuticarpum	0	0	0	0	0	0	0	0	0	0	0	0	0	0	1	0	0	0	0	0	0	0	0	0	0	0	0	0	0	0	0	0	0	0	0	0	0	0	0	0	0	0	0	0	0	0	
L_gracile	0	0	0	0	0	0	0	0	0	0	0	0	0	0	1	0	0	0	0	0	0	0	0	0	0	0	0	0	0	0	0	0	0	0	0	0	0	0	0	0	0	0	0	0	0	0	
L_heterostylum	0	0	0	0	0	0	0	0	0	0	0	0	0	0	1	0	0	0	0	0	0	0	0	0	0	0	0	0	0	0	0	0	0	0	0	0	0	0	0	0	0	0	0	0	0	0	
L_africanum	0	0	0	0	0	0	0	0	0	0	0	0	0	0	1	0	0	0	0	0	0	0	0	0	0	0	0	0	0	0	0	0	0	0	0	0	0	0	0	0	0	0	0	0	0	0	
L_comptonii	0	0	0	0	0	0	0	0	0	0	0	0	0	0	1	0	0	0	0	0	0	0	0	0	0	0	0	0	0	0	0	0	0	0	0	0	0	0	0	0	0	0	0	0	0	0	
Ra_linoides	0	0	0	0	0	0	0	0	1	0	0	0	0	0	0	0	0	0	0	0	0	0	0	0	0	0	0	0	0	0	0	0	0	0	0	0	0	0	0	0	0	0	0	0	0	0	
N40	0.001178	0.0239733	0.169039	0.408318	0.321882	0.0722545	0.0033417	1.4719e-05	2.38852e-26	1.0154e-47	2.03653e-64	1.25181e-64	7.99431e-65	1.46913e-64	4.22195e-64	5.78867e-64	5.1708e-64	3.16389e-64	1.88687e-64	2.92188e-64	6.45452e-64	5.96464e-64	5.34565e-64	3.27484e-64	1.95516e-64	3.03504e-64	6.7549e-64	6.38049e-64	5.15266e-50	1.49763e-49	3.35588e-37	2.14612e-36	1.22823e-35	1.4974e-34	1.33876e-33	4.54444e-33	5.45814e-33	3.06329e-33	2.45643e-33	2.57684e-33	2.09635e-33	1.23807e-33	6.83754e-34	8.39193e-34	1.54353e-33	7.81214e-33	
N41	0.000234411	0.00610379	0.0704625	0.293714	0.418309	0.18843	0.0223048	0.000441389	2.55099e-15	6.60217e-36	1.89695e-55	5.23278e-66	7.4479e-77	2.0904e-87	1.21354e-97	3.91487e-108	6.58855e-119	5.93202e-130	3.29295e-141	4.08128e-152	1.07725e-162	1.49757e-173	1.45239e-184	7.90068e-196	2.75786e-207	2.22386e-218	3.93424e-229	3.75734e-240	4.88394e-238	3.77232e-249	2.65729e-260	7.12633e-271	3.87597e-281	8.01317e-292	5.46365e-303	1.59245e-314	0	0	4.07711e-34	4.78456e-34	4.28818e-34	2.41694e-34	9.80065e-35	9.09331e-35	2.27296e-34	1.26882e-33	
N42	1.22486e-05	0.000184351	0.00333572	0.0460752	0.251654	0.448573	0.227604	0.0225608	4.51531e-13	2.96434e-33	3.98266e-52	1.80102e-61	1.00045e-61	3.26962e-62	2.2717e-62	4.25658e-62	6.94945e-62	7.83398e-62	6.51302e-62	4.16219e-62	3.8941e-62	4.36941e-62	7.14627e-62	8.05807e-62	6.69969e-62	4.28147e-62	4.00543e-62	4.49471e-62	1.13734e-48	6.86535e-36	8.54459e-36	5.53923e-36	1.3274e-35	2.13883e-34	2.86131e-33	9.85949e-33	9.8405e-33	4.65796e-33	1.94958e-33	1.24945e-33	1.25704e-33	1.08916e-33	6.8853e-34	3.63672e-34	3.48982e-34	3.72446e-33	
N43	2.26161e-06	4.33755e-05	0.000319586	0.00111896	0.0223671	0.158148	0.392883	0.330475	0.094643	3.36677e-12	8.41658e-23	1.02746e-32	1.1191e-32	7.2385e-33	1.86524e-33	2.22735e-43	3.06004e-53	2.84704e-62	3.06955e-62	2.16024e-62	1.0125e-62	5.95842e-63	1.41285e-62	2.7348e-62	3.16842e-62	2.22987e-62	1.04528e-62	6.15675e-63	1.46517e-62	5.64985e-45	1.13713e-41	1.53132e-39	7.87489e-40	7.01399e-40	3.69365e-39	1.75661e-37	8.53154e-36	9.94249e-35	4.94935e-35	4.77899e-35	2.92804e-34	3.49785e-34	1.59039e-33	1.44548e-32	7.29313e-33	7.06037e-32	
N44	2.08684e-12	1.75824e-09	1.59273e-07	2.98441e-12	4.70062e-09	3.7709e-06	0.00100316	0.0737888	0.925204	4.00284e-23	3.89148e-46	1.53441e-67	1.21145e-78	4.35677e-90	1.08952e-101	1.8411e-113	2.23064e-125	2.35475e-137	3.90744e-149	5.59263e-161	7.14277e-173	5.08151e-185	4.62349e-197	5.16338e-209	1.01646e-220	1.84851e-223	2.01738e-233	3.78805e-244	2.39725e-256	1.80789e-268	1.92907e-280	3.71739e-291	2.85389e-301	3.99415e-312	0	0	7.59767e-33	9.68865e-33	9.83053e-33	8.14003e-33	5.94369e-33	4.66273e-33	4.6378e-33	4.92063e-33	4.43915e-33	1.03532e-32	
N45	3.82107e-16	2.59288e-12	8.6174e-10	3.67343e-17	7.30921e-13	1.02137e-08	3.45775e-05	0.0206867	0.979279	1.58434e-24	3.26459e-49	1.64871e-71	7.93355e-83	3.92692e-84	2.25518e-93	1.26612e-104	1.21943e-117	2.86213e-129	5.11466e-140	9.60358e-150	2.65538e-159	8.00773e-171	4.39021e-184	6.15103e-196	6.2527e-207	2.62779e-218	3.79972e-230	2.82142e-243	1.07055e-256	1.058e-268	7.7145e-280	2.3605e-291	2.51833e-303	1.396e-316	0	0	2.72805e-35	1.41498e-34	2.67911e-34	2.75395e-35	1.44182e-36	6.64545e-38	1.94373e-37	1.00141e-36	1.8961e-36	2.75273e-36	
N46	3.35443e-19	1.00964e-14	7.07199e-12	4.58593e-20	1.18965e-15	1.58052e-10	3.70608e-06	0.00984993	0.990146	3.73936e-25	1.77153e-50	5.13671e-72	6.18212e-72	4.02323e-60	8.75131e-58	5.35014e-58	1.18035e-59	3.76239e-60	3.03192e-58	1.4109e-55	2.86731e-53	1.20416e-53	2.65683e-55	8.46208e-56	5.66699e-54	2.99327e-42	4.93013e-40	2.32225e-40	4.79935e-42	1.09856e-42	9.60898e-41	4.63019e-38	7.3107e-36	3.43957e-36	7.10833e-38	1.62419e-38	1.08777e-36	2.22545e-35	8.373e-35	3.44339e-36	7.10881e-38	1.00699e-39	3.02793e-39	6.17539e-38	2.32344e-37	2.5034e-37	
N47	9.31646e-22	1.03542e-16	1.50427e-13	2.97789e-20	4.94341e-18	3.98494e-12	4.84584e-07	0.00475631	0.995243	3.47696e-24	1.52083e-48	1.10774e-71	8.62064e-85	1.16561e-94	3.0879e-105	3.59066e-118	1.94837e-131	8.13179e-145	4.65276e-156	7.75596e-166	1.00029e-176	4.29119e-190	1.32489e-203	3.2996e-217	1.1724e-228	7.91601e-230	1.11129e-238	1.90114e-250	3.80896e-264	4.79179e-278	1.25264e-289	9.83835e-299	9.18482e-308	1.17202e-319	0	1.40626e-38	7.54193e-38	1.29827e-35	1.93071e-34	1.46791e-35	5.59358e-37	1.40107e-38	6.38906e-40	6.63211e-38	9.86241e-37	9.42556e-37	
N48	3.46461e-26	5.55368e-20	5.85125e-16	3.71297e-24	3.73508e-22	1.76926e-15	4.63588e-09	0.000656366	0.999344	2.66999e-24	8.92864e-49	1.03267e-71	6.4431e-85	3.61986e-96	1.52612e-106	3.10962e-119	1.93794e-132	7.12635e-146	3.82648e-159	1.04793e-168	2.11482e-179	1.55951e-192	5.38235e-206	1.14445e-219	3.68085e-233	5.23672e-235	2.56554e-243	1.21175e-254	2.73835e-268	3.865e-282	8.37995e-296	4.49949e-305	1.18639e-313	0	0	1.98756e-37	1.69175e-38	8.11081e-36	3.10263e-34	4.86708e-35	3.81982e-36	1.9959e-37	7.8841e-39	8.54154e-38	3.25827e-36	3.38261e-36	
N49	4.2559e-31	1.42224e-23	1.56886e-18	1.62679e-28	2.15306e-26	2.59602e-19	2.12157e-11	6.27009e-05	0.999937	7.10587e-25	6.31275e-50	6.30147e-73	1.42148e-86	2.94325e-91	2.83868e-98	3.47322e-109	7.56366e-123	9.55952e-137	9.64989e-151	9.56274e-160	2.39629e-167	1.3483e-178	1.39084e-192	8.45479e-207	4.11379e-221	8.02908e-231	1.65177e-241	1.72359e-255	7.50895e-270	1.75805e-284	2.85337e-299	1.45616e-309	4.72327e-321	1.60913e-35	7.83902e-37	2.54148e-38	7.48113e-40	1.00907e-36	1.65543e-34	1.61334e-35	7.85953e-37	2.5481e-38	6.17602e-40	6.59871e-39	1.08062e-36	1.0116e-36	
N50	9.92915e-37	1.20949e-27	2.43806e-21	4.39568e-33	1.0475e-30	7.13058e-24	3.18153e-14	3.43132e-06	0.999997	2.2242e-25	6.18313e-51	5.11106e-77	1.70653e-103	2.88837e-128	2.47212e-150	8.09893e-177	8.42175e-204	3.51839e-231	6.03433e-259	2.27209e-282	3.83965e-306	7.86448e-36	2.81725e-37	6.631e-39	1.14192e-40	9.11787e-38	1.10067e-34	7.87964e-36	2.8226e-37	6.6432e-39	1.14392e-40	9.13542e-38	1.10279e-34	7.89482e-36	2.82796e-37	6.65542e-39	1.14593e-40	9.15299e-38	1.10491e-34	7.91003e-36	2.83333e-37	6.66766e-39	1.13976e-40	4.40689e-40	5.30197e-37	4.75055e-37	
L_alpinum	0	0	0	0	0	0	0	0	1	0	0	0	0	0	0	0	0	0	0	0	0	0	0	0	0	0	0	0	0	0	0	0	0	0	0	0	0	0	0	0	0	0	0	0	0	0	
L_punctatum1	0	0	0	0	0	0	0	0	1	0	0	0	0	0	0	0	0	0	0	0	0	0	0	0	0	0	0	0	0	0	0	0	0	0	0	0	0	0	0	0	0	0	0	0	0	0	
L_perenne	0	0	0	0	0	0	0	0	1	0	0	0	0	0	0	0	0	0	0	0	0	0	0	0	0	0	0	0	0	0	0	0	0	0	0	0	0	0	0	0	0	0	0	0	0	0	
L_lewisii	0	0	0	0	0	0	0	0	1	0	0	0	0	0	0	0	0	0	0	0	0	0	0	0	0	0	0	0	0	0	0	0	0	0	0	0	0	0	0	0	0	0	0	0	0	0	
L_leonii	0	0	0	0	0	0	0	0	1	0	0	0	0	0	0	0	0	0	0	0	0	0	0	0	0	0	0	0	0	0	0	0	0	0	0	0	0	0	0	0	0	0	0	0	0	0	
N51	3.74907e-22	5.72069e-17	1.0905e-13	1.28443e-19	4.0304e-18	1.57929e-12	2.68943e-07	0.00362505	0.996375	1.11996e-23	1.57677e-47	6.58412e-72	1.1806e-96	1.98719e-119	9.87204e-142	2.25012e-166	1.95882e-191	8.91902e-217	1.34204e-241	1.9381e-263	2.31752e-286	1.45628e-311	0	0	0	0	0	0	0	0	0	0	0	0	0	2.95797e-37	6.50641e-38	1.67776e-35	4.3116e-34	6.91626e-35	5.55447e-36	2.97039e-37	1.24357e-38	1.80709e-37	4.63443e-36	4.88378e-36	
L_austr_mauritanicum	0	0	0	0	0	0	0	0	1	0	0	0	0	0	0	0	0	0	0	0	0	0	0	0	0	0	0	0	0	0	0	0	0	0	0	0	0	0	0	0	0	0	0	0	0	0	
L_austriacum	0	0	0	0	0	0	0	0	1	0	0	0	0	0	0	0	0	0	0	0	0	0	0	0	0	0	0	0	0	0	0	0	0	0	0	0	0	0	0	0	0	0	0	0	0	0	
L_pallescens	0	0	0	0	0	0	0	0	1	0	0	0	0	0	0	0	0	0	0	0	0	0	0	0	0	0	0	0	0	0	0	0	0	0	0	0	0	0	0	0	0	0	0	0	0	0	
L_pycnophyllum	0	0	0	0	0	0	0	0	1	0	0	0	0	0	0	0	0	0	0	0	0	0	0	0	0	0	0	0	0	0	0	0	0	0	0	0	0	0	0	0	0	0	0	0	0	0	
N52	5.7404e-12	4.86123e-09	1.10965e-06	2.18375e-08	8.03079e-06	0.000602115	2.38601e-06	0.000151598	0.00259701	0.00023112	0.00551315	0.0440373	0.00257959	0.0694353	0.874841	5.08283e-11	8.79586e-22	7.07973e-33	5.05663e-55	1.35091e-77	1.46351e-100	7.66588e-124	2.35183e-147	7.30805e-171	2.99766e-194	9.09257e-218	1.63683e-241	1.83416e-265	1.45041e-289	1.33975e-313	0	0	0	0	0	0	0	0	0	0	0	0	3.63158e-312	0	0	3.79667e-30	
L_aroanium1	0	0	0	0	0	0	0	0	0	0	0	0	0	0	0	0	0	1	0	0	0	0	0	0	0	0	0	0	0	0	0	0	0	0	0	0	0	0	0	0	0	0	0	0	0	0	
L_nervosum	0	0	0	0	0	0	0	0	0	0	0	0	0	0	1	0	0	0	0	0	0	0	0	0	0	0	0	0	0	0	0	0	0	0	0	0	0	0	0	0	0	0	0	0	0	0	
N53	3.04178e-06	2.02277e-05	2.96595e-05	0.00106674	0.0323476	0.266417	0.507189	0.192927	1.3037e-11	6.43456e-22	8.77008e-32	1.15423e-31	1.32863e-31	4.28195e-32	8.62828e-43	3.77213e-54	6.37077e-64	1.4837e-63	3.15262e-63	2.49074e-63	1.29709e-63	3.78373e-64	6.34722e-64	1.53176e-63	3.25504e-63	2.57169e-63	1.33926e-63	3.87075e-50	9.72481e-50	4.74149e-37	1.64454e-36	1.87567e-36	2.11346e-36	1.1871e-35	2.35423e-34	3.20648e-33	1.8906e-32	6.46335e-32	1.3886e-31	1.38952e-31	8.2791e-32	6.64189e-32	6.62203e-32	5.22187e-32	3.09952e-32	2.1457e-31	
N54	8.67596e-07	6.94945e-06	1.67625e-05	9.42347e-05	0.0048199	0.0623519	0.188434	0.146733	0.0408158	0.0183212	0.0198893	0.127804	0.30294	0.0877723	4.98988e-13	2.33454e-34	1.20439e-54	1.83827e-74	3.93595e-85	2.19025e-96	1.87434e-108	2.50292e-130	2.43154e-151	9.95326e-173	1.19829e-194	4.28613e-217	4.28448e-240	5.01251e-263	5.16399e-185	2.27902e-195	1.69506e-206	3.34493e-218	2.26719e-230	2.20279e-242	3.73423e-253	4.88982e-264	2.2421e-275	3.32891e-287	1.78133e-299	7.77898e-312	1.4822e-323	0	6.07099e-33	3.5995e-33	7.69853e-34	1.29461e-32	
N55	1.42026e-07	2.92091e-06	1.03539e-05	3.00017e-07	7.08841e-05	0.00384483	0.0466361	0.13167	0.066756	0.000789283	0.0051245	0.0305369	0.189482	0.381442	0.143634	1.52832e-12	3.88593e-23	6.69482e-33	2.12652e-32	3.72116e-32	2.07752e-32	3.6309e-43	3.94654e-54	9.92284e-65	1.8601e-75	1.59092e-86	7.21355e-98	1.7782e-109	4.8225e-121	3.6945e-125	1.11401e-133	4.27293e-143	9.38379e-155	1.41231e-166	2.18189e-178	1.0863e-189	4.99916e-201	2.36267e-212	3.45928e-224	3.5239e-236	2.79152e-248	8.72395e-260	4.68312e-269	6.79346e-279	6.01657e-291	2.58759e-302	
N56	8.97874e-16	5.19211e-12	2.7768e-09	3.17709e-23	2.3388e-18	6.84628e-14	3.73287e-10	3.82366e-07	4.96239e-05	3.02374e-14	3.94513e-11	2.75492e-08	1.73569e-05	0.00916946	0.990763	5.21407e-24	5.85126e-48	5.80944e-72	8.83468e-96	5.78577e-120	1.3917e-144	1.42511e-169	7.27399e-195	2.17732e-220	6.58671e-246	3.77193e-271	1.59893e-296	3.35965e-322	0	0	0	0	0	0	0	0	0	0	0	2.09486e-32	1.05749e-32	5.05945e-33	6.30262e-33	1.1928e-32	1.4136e-32	5.41118e-32	
L_bienne	0	0	0	0	0	0	0	0	0	0	0	0	0	0	1	0	0	0	0	0	0	0	0	0	0	0	0	0	0	0	0	0	0	0	0	0	0	0	0	0	0	0	0	0	0	0	
L_usitatissimum	0	0	0	0	0	0	0	0	0	0	0	0	0	0	1	0	0	0	0	0	0	0	0	0	0	0	0	0	0	0	0	0	0	0	0	0	0	0	0	0	0	0	0	0	0	0	
L_hologynum	0	0	0	0	0	0	0	0	0	0	0	0	0	0	0	0	0	0	0	0	1	0	0	0	0	0	0	0	0	0	0	0	0	0	0	0	0	0	0	0	0	0	0	0	0	0	
L_narbonense	0	0	0	0	0	0	0	0	0	0	0	0	0	1	0	0	0	0	0	0	0	0	0	0	0	0	0	0	0	0	0	0	0	0	0	0	0	0	0	0	0	0	0	0	0	0	
N57	1.86299e-08	2.55897e-07	1.892e-07	1.81587e-06	0.000379494	0.0222171	0.289325	0.688076	2.09303e-11	1.18067e-32	2.56194e-54	2.7356e-76	1.53754e-98	4.18762e-121	5.73798e-144	4.44024e-167	2.31964e-190	1.19067e-213	8.19866e-237	4.95333e-260	2.08907e-283	7.80213e-307	0	0	0	0	0	0	0	0	0	0	0	0	0	0	6.437e-32	6.35118e-32	4.75e-32	3.58985e-32	3.65489e-32	4.6316e-32	5.65459e-32	5.12953e-32	3.30882e-32	4.78019e-32	
L_decumbens1	0	0	0	0	0	0	0	0	1	0	0	0	0	0	0	0	0	0	0	0	0	0	0	0	0	0	0	0	0	0	0	0	0	0	0	0	0	0	0	0	0	0	0	0	0	0	
L_grandiflorum	0	0	0	0	0	0	0	1	0	0	0	0	0	0	0	0	0	0	0	0	0	0	0	0	0	0	0	0	0	0	0	0	0	0	0	0	0	0	0	0	0	0	0	0	0	0	
L_stelleroides	0	0	0	0	0	0	0	0	1	0	0	0	0	0	0	0	0	0	0	0	0	0	0	0	0	0	0	0	0	0	0	0	0	0	0	0	0	0	0	0	0	0	0	0	0	0	
N58	1.30291e-07	1.36209e-06	1.34036e-05	0.000927371	0.0239662	0.218213	0.558615	0.198264	1.05365e-22	1.19454e-44	2.2024e-65	2.28947e-76	1.48521e-87	8.45351e-99	4.13971e-110	1.95783e-121	1.16391e-132	8.09238e-144	3.88696e-155	1.45183e-166	4.1503e-178	8.99265e-190	3.38529e-201	1.50378e-212	4.70933e-224	1.17651e-235	2.30564e-247	3.49954e-259	5.6586e-258	2.84418e-269	6.95198e-281	3.47741e-292	7.17684e-303	1.16275e-313	0	0	4.10164e-32	4.00137e-32	3.28781e-32	2.41329e-32	1.71813e-32	1.33897e-32	1.1481e-32	9.75286e-33	7.72335e-33	4.76941e-32	
N59	2.39904e-09	3.65296e-08	4.57988e-08	1.75597e-05	0.00213782	0.0731193	0.532124	0.392601	5.28851e-23	1.07428e-45	2.43284e-67	1.83199e-78	1.80752e-89	8.5413e-101	1.48836e-112	1.86792e-124	1.35629e-135	1.77175e-146	9.30028e-158	2.20215e-169	1.96131e-181	1.01471e-193	4.43667e-205	3.62545e-216	1.23186e-227	1.94463e-239	1.18467e-251	3.93484e-251	2.93113e-262	1.36786e-273	4.53345e-285	4.01028e-296	2.70663e-307	7.32739e-319	0	1.8089e-33	3.22429e-33	2.84438e-33	1.06203e-33	2.41615e-34	5.57282e-35	6.48688e-35	1.08162e-34	9.50854e-35	3.567e-35	2.72364e-34	
N60	5.52493e-11	1.45075e-09	1.13827e-10	2.25873e-07	0.000128091	0.016686	0.362031	0.621155	9.29129e-23	1.97828e-45	1.35399e-68	1.82891e-91	8.76406e-114	1.13788e-136	3.47255e-160	4.73632e-184	1.74812e-207	5.61293e-230	6.87128e-253	2.24099e-276	1.98144e-300	0	0	0	0	0	0	0	0	0	0	0	0	0	0	5.98175e-34	1.95521e-33	2.02672e-33	6.68568e-34	1.25959e-34	1.82157e-35	1.77183e-35	5.28798e-35	5.46917e-35	1.80407e-35	1.21502e-34	
L_hirsutum	0	0	0	0	0	0	0	1	0	0	0	0	0	0	0	0	0	0	0	0	0	0	0	0	0	0	0	0	0	0	0	0	0	0	0	0	0	0	0	0	0	0	0	0	0	0	
L_seljukorum	0	0	0	0	0	0	0	1	0	0	0	0	0	0	0	0	0	0	0	0	0	0	0	0	0	0	0	0	0	0	0	0	0	0	0	0	0	0	0	0	0	0	0	0	0	0	
L_viscosum	0	0	0	0	0	0	0	1	0	0	0	0	0	0	0	0	0	0	0	0	0	0	0	0	0	0	0	0	0	0	0	0	0	0	0	0	0	0	0	0	0	0	0	0	0	0	
L_pubescens	0	0	0	0	0	0	0	1	0	0	0	0	0	0	0	0	0	0	0	0	0	0	0	0	0	0	0	0	0	0	0	0	0	0	0	0	0	0	0	0	0	0	0	0	0	0	
Re_indica	0	0	0	0	0	0	0	0	0	0	1	0	0	0	0	0	0	0	0	0	0	0	0	0	0	0	0	0	0	0	0	0	0	0	0	0	0	0	0	0	0	0	0	0	0	0	
