NODE	1	2	3	4	5	6	7	8	9	10	11	12	13	14	15	16	17	18	19	20	21	22	23	24	25	26	27	28	29	30	31	32	33	34	35	36	37	38	39	40	41	42	43	44	45	46	
N1	0.139363	0.135054	0.126922	0.115723	0.102388	0.087906	0.0732256	0.0591634	0.0463462	0.0351832	0.0258689	0.0184114	0.0126764	0.00843785	0.00542656	0.00336982	0.0020194	0.00116714	0.000650246	0.000349031	0.000180418	8.97714e-05	4.298e-05	1.9793e-05	8.76469e-06	3.731e-06	1.52644e-06	6.00096e-07	2.26674e-07	8.22623e-08	2.86838e-08	9.61122e-09	3.09573e-09	9.58999e-10	2.8596e-10	8.21791e-11	2.28023e-11	6.12485e-12	1.59854e-12	4.07501e-13	1.20479e-16	6.01853e-17	3.02779e-17	1.56676e-17	8.80933e-18	6.1069e-18	
N2	0.124183	0.124062	0.119993	0.112434	0.102115	0.0899226	0.0767927	0.063599	0.0510745	0.039762	0.0299974	0.0219207	0.015508	0.010616	0.00702791	0.00449697	0.00277981	0.0016592	0.000955809	0.000531186	0.00028468	0.000147078	7.32282e-05	3.51259e-05	1.62287e-05	7.22019e-06	3.09269e-06	1.27518e-06	5.06052e-07	1.93264e-07	7.10231e-08	2.51137e-08	8.54408e-09	2.79681e-09	8.80889e-10	2.66991e-10	7.78932e-11	2.18853e-11	5.92767e-12	1.55078e-12	3.9346e-13	9.76517e-14	2.41739e-14	6.25618e-15	1.90554e-15	8.95405e-16	
N3	0.0348628	0.0382982	0.0440778	0.0519839	0.0614285	0.0713766	0.0804132	0.0869818	0.0897431	0.0879348	0.0815964	0.071568	0.0592608	0.0462869	0.0340842	0.0236536	0.0154665	0.00952762	0.00552908	0.00302276	0.00155691	0.000755582	0.000345557	0.000148955	6.05315e-05	2.31953e-05	8.38353e-06	2.85881e-06	9.20047e-07	2.79539e-07	8.02107e-08	2.1744e-08	5.57093e-09	1.34951e-09	3.09222e-10	6.70539e-11	1.37686e-11	2.67912e-12	4.94555e-13	8.67668e-14	1.45165e-14	2.33136e-15	3.64564e-16	5.74953e-17	1.0187e-17	2.95123e-18	
N4	0.0277384	0.0314301	0.038031	0.0474324	0.0591101	0.0719386	0.0841636	0.0936404	0.0983406	0.0969711	0.0894442	0.0769621	0.0616533	0.0459164	0.031759	0.0203865	0.0121392	0.00670324	0.00343213	0.00162937	0.000717279	0.000292847	0.000110912	3.89789e-05	1.27158e-05	3.852e-06	1.08404e-06	2.83546e-07	6.89651e-08	1.56059e-08	3.2873e-09	6.44941e-10	1.17918e-10	2.0104e-11	3.19806e-12	4.74964e-13	6.58996e-14	8.54751e-15	1.03717e-15	1.17847e-16	1.25579e-17	1.25937e-18	1.20043e-19	1.1228e-20	1.15213e-21	2.01324e-22	
N5	0.0182485	0.0212763	0.027125	0.036204	0.048608	0.0636964	0.0797981	0.0942801	0.104114	0.106826	0.101429	0.0888672	0.0717058	0.053209	0.0362743	0.0227035	0.0130396	0.00687055	0.00332061	0.00147211	0.000598679	0.000223388	7.64978e-05	2.40489e-05	6.94328e-06	1.84178e-06	4.49078e-07	1.00701e-07	2.07783e-08	3.94729e-09	6.90818e-10	1.11448e-10	1.65848e-11	2.27805e-12	2.89021e-13	3.3893e-14	3.67635e-15	3.69114e-16	3.4329e-17	2.95969e-18	2.36737e-19	1.75883e-20	1.21758e-21	7.98268e-23	5.48361e-24	6.94465e-25	
N6	0.00731561	0.00921561	0.0132037	0.0199349	0.0300728	0.0438999	0.0608409	0.0791163	0.0958109	0.107524	0.11146	0.106486	0.093624	0.0756792	0.0562068	0.0383412	0.0240178	0.013816	0.00729893	0.00354204	0.0015794	0.00064734	0.000243986	8.46067e-05	2.70076e-05	7.94084e-06	2.15189e-06	5.37824e-07	1.2406e-07	2.6431e-08	5.20492e-09	9.48143e-10	1.59897e-10	2.49845e-11	3.62014e-12	4.86819e-13	6.08091e-14	7.06156e-15	7.63024e-16	7.67826e-17	7.20248e-18	6.30636e-19	5.17397e-20	4.05564e-21	3.39936e-22	5.30389e-23	
N7	6.39352e-08	9.96474e-07	1.69014e-05	0.000223011	0.0021599	0.0146113	0.0652679	0.180829	0.291891	0.263036	0.133374	0.0400066	0.00754691	0.000947466	8.30478e-05	5.28727e-06	2.52575e-07	9.29992e-09	2.69928e-10	6.29382e-12	1.19807e-13	1.88789e-15	2.49245e-17	2.78614e-19	2.66159e-21	2.19089e-23	1.56546e-25	9.77403e-28	5.36433e-30	2.60209e-32	1.12109e-34	4.30961e-37	1.4843e-39	4.5979e-42	1.28556e-44	3.25503e-47	7.48652e-50	1.56861e-52	3.00219e-55	5.26236e-58	8.47058e-61	1.25639e-63	1.72825e-66	2.24298e-69	2.8927e-72	4.62815e-75	
L_corymbiferum	0	0	0	0	0	0	0	0	1	0	0	0	0	0	0	0	0	0	0	0	0	0	0	0	0	0	0	0	0	0	0	0	0	0	0	0	0	0	0	0	0	0	0	0	0	0	
N8	9.3444e-11	4.30766e-09	2.34425e-07	9.09818e-06	0.000232282	0.00366419	0.0331381	0.156451	0.344187	0.316383	0.121779	0.0219584	0.0020799	0.000113545	3.8407e-06	8.52101e-08	1.29768e-09	1.40769e-11	1.12149e-13	6.73247e-16	3.11246e-18	1.12905e-20	3.26627e-23	7.64351e-26	1.46514e-28	2.32618e-31	3.08968e-34	3.46397e-37	3.30476e-40	2.70273e-43	1.90753e-46	1.16901e-49	6.25586e-53	2.93862e-56	1.21752e-59	4.46921e-63	1.45952e-66	4.25698e-70	1.11296e-73	2.61712e-77	5.55289e-81	1.06628e-84	1.85829e-88	2.94718e-92	4.2662e-96	6.56017e-100	
L_gallicum	0	0	0	0	0	0	0	0	0	1	0	0	0	0	0	0	0	0	0	0	0	0	0	0	0	0	0	0	0	0	0	0	0	0	0	0	0	0	0	0	0	0	0	0	0	0	
L_strictum	0	0	0	0	0	0	0	0	1	0	0	0	0	0	0	0	0	0	0	0	0	0	0	0	0	0	0	0	0	0	0	0	0	0	0	0	0	0	0	0	0	0	0	0	0	0	
N9	2.58383e-05	5.97807e-05	0.000179444	0.000544804	0.00155226	0.00403822	0.00947109	0.0198843	0.0371996	0.0618163	0.0910376	0.118632	0.136645	0.139041	0.124956	0.0991956	0.0695842	0.0431594	0.0236882	0.0115157	0.00496379	0.00189939	0.000646006	0.000195551	5.2758e-05	1.27041e-05	2.73442e-06	5.2688e-07	9.10227e-08	1.41207e-08	1.97024e-09	2.47644e-10	2.80855e-11	2.87861e-12	2.67074e-13	2.24664e-14	1.71629e-15	1.19263e-16	7.55058e-18	4.36222e-19	2.30355e-20	1.1139e-21	4.94831e-23	2.04524e-24	8.51642e-26	6.19293e-27	
L_setaceum	0	0	0	0	0	0	0	0	1	0	0	0	0	0	0	0	0	0	0	0	0	0	0	0	0	0	0	0	0	0	0	0	0	0	0	0	0	0	0	0	0	0	0	0	0	0	
N10	3.55899e-19	2.1423e-17	1.42133e-15	8.14954e-14	3.87831e-12	1.48005e-10	4.36652e-09	9.57055e-08	1.49736e-06	1.6311e-05	0.000126056	0.000714405	0.00306376	0.0102025	0.0269247	0.0572132	0.0991135	0.141336	0.167145	0.164857	0.136172	0.0944589	0.0551118	0.0270556	0.0111668	0.00386698	0.00111971	0.000269757	5.37054e-05	8.75607e-06	1.15529e-06	1.21463e-07	9.97398e-09	6.23491e-10	2.87525e-11	9.45946e-13	2.17689e-14	3.58643e-16	4.38936e-18	4.13276e-20	3.08228e-22	1.86464e-24	9.32869e-27	3.92814e-29	1.44557e-31	6.97599e-34	
L_suffruticosum1	0	0	0	0	0	0	0	0	0	0	0	0	0	0	0	0	0	0	0	0	0	0	0	0	0	0	0	0	0	0	0	0	0	0	0	1	0	0	0	0	0	0	0	0	0	0	
L_tenuifolium1	0	0	0	0	0	0	0	0	1	0	0	0	0	0	0	0	0	0	0	0	0	0	0	0	0	0	0	0	0	0	0	0	0	0	0	0	0	0	0	0	0	0	0	0	0	0	
N11	0.0099185	0.0121832	0.0168945	0.0247965	0.0365553	0.0522378	0.0707493	0.0895535	0.105018	0.113462	0.112531	0.102214	0.084894	0.0644056	0.0446031	0.0281858	0.0162495	0.00854655	0.00410137	0.00179621	0.000718151	0.000262231	8.74934e-05	2.66888e-05	7.44752e-06	1.90245e-06	4.45189e-07	9.55066e-08	1.87986e-08	3.39765e-09	5.64371e-10	8.62314e-11	1.21303e-11	1.57246e-12	1.88017e-13	2.07554e-14	2.11737e-15	1.99804e-16	1.74573e-17	1.41361e-18	1.06195e-19	7.41019e-21	4.81693e-22	2.96012e-23	1.89506e-24	2.2419e-25	
N12	2.44605e-06	8.81678e-06	4.11449e-05	0.000184071	0.000736233	0.00257002	0.00773348	0.0198862	0.0433878	0.0798294	0.123221	0.158892	0.170625	0.152274	0.112844	0.0694598	0.0355625	0.0151803	0.00541977	0.00162461	0.000410629	8.79177e-05	1.60215e-05	2.49711e-06	3.34486e-07	3.86893e-08	3.88235e-09	3.39501e-10	2.59843e-11	1.74787e-12	1.03743e-13	5.45393e-15	2.54878e-16	1.06248e-17	3.96374e-19	1.3275e-20	4.00319e-22	1.09005e-23	2.68735e-25	6.01404e-27	1.22479e-28	2.27602e-30	3.87481e-32	6.11663e-34	9.52218e-36	2.31395e-37	
N13	1.62154e-08	9.59767e-08	8.47215e-07	7.12794e-06	5.16081e-05	0.000311092	0.00153598	0.00614169	0.0197004	0.0502621	0.101219	0.15984	0.196915	0.188621	0.1403	0.0811078	0.0365493	0.0128984	0.00358636	0.000791133	0.000139506	1.98183e-05	2.286e-06	2.15764e-07	1.67896e-08	1.08495e-09	5.86259e-11	2.66656e-12	1.02734e-13	3.37249e-15	9.48643e-17	2.29866e-18	4.82219e-20	8.79978e-22	1.40315e-23	1.96331e-25	2.42029e-27	2.63873e-29	2.55353e-31	2.20086e-33	1.69498e-35	1.17004e-37	7.2609e-40	4.06392e-42	2.08536e-44	1.501e-46	
N14	1.73225e-15	6.94334e-14	3.60305e-12	1.61199e-10	5.81888e-09	1.64571e-07	3.56363e-06	5.7662e-05	0.00067772	0.005593	0.0311078	0.111019	0.240346	0.298718	0.206904	0.0822891	0.0198604	0.0030773	0.000321576	2.36149e-05	1.26078e-06	5.03378e-08	1.53895e-09	3.67567e-11	6.97745e-13	1.06851e-14	1.33737e-16	1.38394e-18	1.19628e-20	8.71753e-23	5.40015e-25	2.8651e-27	1.31092e-29	5.20532e-32	1.80412e-34	5.48713e-37	1.47175e-39	3.49725e-42	7.39396e-45	1.39643e-47	2.36467e-50	3.60292e-53	4.95575e-56	6.17542e-59	7.05987e-62	1.00245e-64	
L_album	0	0	0	0	0	0	0	0	0	0	0	0	0	1	0	0	0	0	0	0	0	0	0	0	0	0	0	0	0	0	0	0	0	0	0	0	0	0	0	0	0	0	0	0	0	0	
L_mucronatum1	0	0	0	0	0	0	0	0	0	0	0	0	0	1	0	0	0	0	0	0	0	0	0	0	0	0	0	0	0	0	0	0	0	0	0	0	0	0	0	0	0	0	0	0	0	0	
N15	3.49192e-16	1.83747e-14	1.23849e-12	7.05406e-11	3.14645e-09	1.06709e-07	2.68743e-06	4.90105e-05	0.000628858	0.00549038	0.0313773	0.112359	0.240822	0.297018	0.206972	0.0825475	0.0195561	0.00288191	0.000276356	1.79515e-05	8.1778e-07	2.69128e-08	6.56307e-10	1.21229e-11	1.72872e-13	1.93513e-15	1.72568e-17	1.24209e-19	7.30089e-22	3.54162e-24	1.43142e-26	4.86224e-29	1.39907e-31	3.43497e-34	7.24402e-37	1.32033e-39	2.09169e-42	2.89547e-45	3.51952e-48	3.77377e-51	3.58472e-54	3.02874e-57	2.28472e-60	1.54444e-63	9.44876e-67	6.98056e-70	
N16	1.67697e-21	4.82417e-19	1.49993e-16	3.46301e-14	5.70765e-12	6.52405e-10	5.0138e-08	2.50152e-06	7.78563e-05	0.0014445	0.0151843	0.0856075	0.245184	0.341292	0.226235	0.0723277	0.0116094	0.000987357	4.70717e-05	1.32639e-06	2.31639e-08	2.61381e-10	1.97617e-12	1.03323e-14	3.8406e-17	1.03982e-19	2.09492e-22	3.20085e-25	3.77219e-28	3.48116e-31	2.5502e-34	1.50137e-37	7.1831e-41	2.82139e-44	9.18277e-48	2.49772e-51	5.72237e-55	1.11225e-58	1.84641e-62	2.63414e-66	3.24813e-70	3.48045e-74	3.25698e-78	2.67426e-82	1.93548e-86	1.39409e-90	
N17	3.652e-21	8.58447e-19	2.21832e-16	4.36146e-14	6.3159e-12	6.55386e-10	4.72149e-08	2.27582e-06	7.02913e-05	0.00132272	0.0143103	0.0834572	0.245654	0.345391	0.226572	0.0709891	0.0112257	0.00095714	4.69451e-05	1.40401e-06	2.69338e-08	3.46101e-10	3.09137e-12	1.98101e-14	9.35869e-17	3.33691e-19	9.16548e-22	1.97434e-24	3.38837e-27	4.69825e-30	5.32925e-33	5.00064e-36	3.92082e-39	2.59218e-42	1.45704e-45	7.01552e-49	2.91352e-52	1.05024e-55	3.3052e-59	9.13009e-63	2.22475e-66	4.80422e-70	9.2335e-74	1.58582e-77	2.44478e-81	3.97774e-85	
N18	5.70097e-22	1.50041e-19	4.33354e-17	9.6186e-15	1.59369e-12	1.9187e-10	1.62623e-08	9.34507e-07	3.4803e-05	0.000795465	0.0104464	0.0728345	0.246136	0.367564	0.22961	0.0634374	0.00850758	0.000606829	2.49156e-05	6.28962e-07	1.03071e-08	1.14694e-10	8.99732e-13	5.135e-15	2.18995e-17	7.14062e-20	1.81567e-22	3.66283e-25	5.95164e-28	7.89392e-31	8.64842e-34	7.90997e-37	6.09743e-40	3.99569e-43	2.24337e-46	1.08684e-49	4.57309e-53	1.68123e-56	5.43006e-60	1.54863e-63	3.91827e-67	8.83375e-71	1.78182e-74	3.22772e-78	5.27213e-82	9.08755e-86	
L_arboreum	0	0	0	0	0	0	0	0	0	0	0	0	0	1	0	0	0	0	0	0	0	0	0	0	0	0	0	0	0	0	0	0	0	0	0	0	0	0	0	0	0	0	0	0	0	0	
L_elegans	0	0	0	0	0	0	0	0	0	0	0	0	0	1	0	0	0	0	0	0	0	0	0	0	0	0	0	0	0	0	0	0	0	0	0	0	0	0	0	0	0	0	0	0	0	0	
L_campanulatum	0	0	0	0	0	0	0	0	0	0	0	0	0	1	0	0	0	0	0	0	0	0	0	0	0	0	0	0	0	0	0	0	0	0	0	0	0	0	0	0	0	0	0	0	0	0	
N19	2.71243e-22	8.99663e-20	3.14856e-17	8.23687e-15	1.5562e-12	2.06269e-10	1.85586e-08	1.09105e-06	4.01075e-05	0.000876639	0.0107668	0.0699267	0.226235	0.347356	0.247325	0.0826997	0.0135596	0.00115656	5.46246e-05	1.51516e-06	2.60153e-08	2.89485e-10	2.17208e-12	1.13717e-14	4.27868e-17	1.18704e-19	2.48319e-22	3.99445e-25	5.02713e-28	5.02644e-31	4.04776e-34	2.65766e-37	1.43846e-40	6.4824e-44	2.45433e-47	7.87158e-51	2.15471e-54	5.06885e-58	1.03128e-61	1.82529e-65	2.82568e-69	3.84531e-73	4.6215e-77	4.92683e-81	4.68193e-85	4.60858e-89	
L_capitatum	0	0	0	0	0	0	0	0	0	0	0	0	0	1	0	0	0	0	0	0	0	0	0	0	0	0	0	0	0	0	0	0	0	0	0	0	0	0	0	0	0	0	0	0	0	0	
N20	1.61798e-21	3.71561e-19	9.56829e-17	1.89621e-14	2.79779e-12	2.99231e-10	2.24946e-08	1.1465e-06	3.79765e-05	0.000778089	0.00931522	0.0611763	0.206619	0.339639	0.263999	0.0981807	0.0183183	0.0018279	0.000104158	3.59911e-06	7.94757e-08	1.17301e-09	1.20224e-11	8.83969e-14	4.79447e-16	1.96481e-18	6.21173e-21	1.54275e-23	3.0584e-26	4.90828e-29	6.45713e-32	7.04186e-35	6.43044e-38	4.96183e-41	3.26186e-44	1.84061e-47	8.97644e-51	3.80729e-54	1.41254e-57	4.60863e-61	1.32882e-64	3.40146e-68	7.76275e-72	1.58576e-75	2.91338e-79	5.77393e-83	
L_gyaricum	0	0	0	0	0	0	0	0	0	0	0	0	0	0	1	0	0	0	0	0	0	0	0	0	0	0	0	0	0	0	0	0	0	0	0	0	0	0	0	0	0	0	0	0	0	0	
L_tauricum	0	0	0	0	0	0	0	0	0	0	0	0	0	1	0	0	0	0	0	0	0	0	0	0	0	0	0	0	0	0	0	0	0	0	0	0	0	0	0	0	0	0	0	0	0	0	
L_flavum	0	0	0	0	0	0	0	0	0	0	0	0	0	1	0	0	0	0	0	0	0	0	0	0	0	0	0	0	0	0	0	0	0	0	0	0	0	0	0	0	0	0	0	0	0	0	
L_nodiflorum	0	0	0	0	0	0	0	0	0	0	0	0	1	0	0	0	0	0	0	0	0	0	0	0	0	0	0	0	0	0	0	0	0	0	0	0	0	0	0	0	0	0	0	0	0	0	
N21	0.00666361	0.00886736	0.0139052	0.0231784	0.0380904	0.0589884	0.0839515	0.108301	0.125686	0.130664	0.1214	0.100677	0.0744836	0.0491564	0.0289475	0.0152192	0.00714922	0.00300346	0.00112968	0.000380888	0.000115271	3.13573e-05	7.67891e-06	1.6954e-06	3.38017e-07	6.09541e-08	9.95796e-09	1.47623e-09	1.98913e-10	2.44013e-11	2.72965e-12	2.78898e-13	2.60688e-14	2.23263e-15	1.75469e-16	1.26747e-17	8.42693e-19	5.16458e-20	2.92183e-21	1.52806e-22	7.39777e-24	3.32052e-25	1.38554e-26	5.43387e-28	2.15991e-29	1.52739e-30	
N22	5.30232e-05	0.000181861	0.000834618	0.00351241	0.0123715	0.0352901	0.079867	0.141197	0.192791	0.201889	0.16176	0.0993749	0.0470852	0.0173555	0.00502798	0.0011576	0.000214184	3.21972e-05	3.9734e-06	4.06489e-07	3.47865e-08	2.51122e-09	1.54108e-10	8.09695e-12	3.66623e-13	1.43928e-14	4.92636e-16	1.47777e-17	3.90366e-19	9.1213e-21	1.89306e-22	3.50334e-24	5.80207e-26	8.62875e-28	1.15602e-29	1.3994e-31	1.53502e-33	1.52984e-35	1.38881e-37	1.1512e-39	8.73311e-42	6.0767e-44	3.88825e-46	2.30118e-48	1.30393e-50	1.06567e-52	
N23	3.58144e-14	4.81238e-12	6.56269e-10	6.82268e-08	4.92416e-06	0.000227559	0.00609625	0.081365	0.410646	0.412657	0.0825307	0.00623305	0.000233896	5.0618e-06	6.93559e-08	6.4147e-10	4.19682e-12	2.01322e-14	7.28531e-17	2.03555e-19	4.47727e-22	7.88127e-25	1.12617e-27	1.32259e-30	1.2907e-33	1.0569e-36	7.32578e-40	4.3323e-43	2.20163e-46	9.67778e-50	3.70187e-53	1.23902e-56	3.64727e-60	9.48726e-64	2.19031e-67	4.50654e-71	8.29491e-75	1.37078e-78	2.04065e-82	2.74529e-86	3.34745e-90	3.70994e-94	3.74711e-98	3.45826e-102	2.93755e-106	2.77996e-110	
L_corymbulosum	0	0	0	0	0	0	0	0	1	0	0	0	0	0	0	0	0	0	0	0	0	0	0	0	0	0	0	0	0	0	0	0	0	0	0	0	0	0	0	0	0	0	0	0	0	0	
L_trigynum	0	0	0	0	0	0	0	0	0	1	0	0	0	0	0	0	0	0	0	0	0	0	0	0	0	0	0	0	0	0	0	0	0	0	0	0	0	0	0	0	0	0	0	0	0	0	
L_tenue1	0	0	0	0	0	0	0	0	0	1	0	0	0	0	0	0	0	0	0	0	0	0	0	0	0	0	0	0	0	0	0	0	0	0	0	0	0	0	0	0	0	0	0	0	0	0	
L_maritimum	0	0	0	0	0	0	0	0	0	1	0	0	0	0	0	0	0	0	0	0	0	0	0	0	0	0	0	0	0	0	0	0	0	0	0	0	0	0	0	0	0	0	0	0	0	0	
L_catharticum	0	0	0	0	0	0	0	1	0	0	0	0	0	0	0	0	0	0	0	0	0	0	0	0	0	0	0	0	0	0	0	0	0	0	0	0	0	0	0	0	0	0	0	0	0	0	
N24	0.00650761	0.00857612	0.0128046	0.0196019	0.0293177	0.0419833	0.057022	0.0730517	0.0879293	0.0991312	0.104418	0.102553	0.0937631	0.0797025	0.0629287	0.0461161	0.031352	0.0197675	0.0115569	0.00626504	0.00314948	0.00146849	0.000635245	0.000255038	9.50703e-05	3.29209e-05	1.05954e-05	3.17125e-06	8.83242e-07	2.29058e-07	5.53507e-08	1.24714e-08	2.62199e-09	5.14745e-10	9.44323e-11	1.62011e-11	2.60133e-12	3.91209e-13	5.5149e-14	7.29424e-15	9.06394e-16	1.06124e-16	1.18127e-17	1.29128e-18	1.57097e-19	3.37637e-20	
N25	3.50766e-06	1.07714e-05	4.23351e-05	0.000163106	0.000576504	0.00182428	0.00510943	0.0125831	0.0271231	0.0509833	0.0833094	0.118023	0.14463	0.153023	0.139585	0.109668	0.0741705	0.043177	0.021641	0.00934587	0.00348141	0.00112023	0.000311913	7.53004e-05	1.57965e-05	2.88643e-06	4.60566e-07	6.43417e-08	7.89097e-09	8.51901e-10	8.11818e-11	6.84742e-12	5.12591e-13	3.41471e-14	2.02962e-15	1.07913e-16	5.14543e-18	2.20557e-19	8.51932e-21	2.97224e-22	9.38776e-24	2.69126e-25	7.03352e-27	1.70154e-28	4.12188e-30	1.60039e-31	
N26	3.23427e-07	1.15737e-06	5.69206e-06	2.84398e-05	0.000131433	0.000539065	0.00192333	0.00590717	0.0155193	0.0347232	0.0659389	0.105979	0.143826	0.164499	0.158322	0.128084	0.0870419	0.0496741	0.0238103	0.00959127	0.00324989	0.00092749	0.000223307	4.54448e-05	7.83432e-06	1.14682e-06	1.42917e-07	1.52039e-08	1.38465e-09	1.0827e-10	7.29034e-12	4.23998e-13	2.13631e-14	9.35302e-16	3.5688e-17	1.19029e-18	3.48017e-20	8.94551e-22	2.0271e-23	4.06065e-25	7.20977e-27	1.13759e-28	1.59936e-30	2.01225e-32	2.33869e-34	4.14683e-36	
N27	8.66647e-10	5.06241e-09	4.6035e-08	4.13833e-07	3.29469e-06	2.24393e-05	0.000128809	0.000618081	0.00246566	0.00814426	0.0222037	0.0498375	0.091911	0.139055	0.172398	0.175027	0.145472	0.0989948	0.0551848	0.0252221	0.00946299	0.00291901	0.000741672	0.000155556	2.69962e-05	3.88689e-06	4.65607e-07	4.65438e-08	3.895e-09	2.73771e-10	1.62173e-11	8.12431e-13	3.45421e-14	1.25087e-15	3.87195e-17	1.02814e-18	2.35033e-20	4.64177e-22	7.94741e-24	1.18369e-25	1.5388e-27	1.75181e-29	1.75233e-31	1.54808e-33	1.244e-35	1.43282e-37	
N28	1.17355e-13	1.03089e-12	1.38695e-11	1.84297e-10	2.18991e-09	2.26549e-08	2.02197e-07	1.54959e-06	1.01616e-05	5.68434e-05	0.000270482	0.00109197	0.00373137	0.0107694	0.0262042	0.0536675	0.0923933	0.133569	0.162023	0.164837	0.140624	0.100611	0.0603933	0.0304369	0.012892	0.00459524	0.00138057	0.000350256	7.51995e-05	1.36956e-05	2.1214e-06	2.80256e-07	3.16719e-08	3.07142e-09	2.56421e-10	1.84909e-11	1.15563e-12	6.28069e-14	2.97857e-15	1.23677e-16	4.51138e-18	1.45057e-19	4.12735e-21	1.04865e-22	2.52155e-24	9.82189e-26	
C_selaginoides	0	0	0	0	0	0	0	0	0	0	0	0	0	0	0	0	0	1	0	0	0	0	0	0	0	0	0	0	0	0	0	0	0	0	0	0	0	0	0	0	0	0	0	0	0	0	
N29	2.59671e-22	6.80499e-21	2.6799e-19	9.84367e-18	3.17913e-16	8.90847e-15	2.15305e-13	4.46755e-12	7.92429e-11	1.19633e-09	1.5306e-08	1.65238e-07	1.49872e-06	1.13723e-05	7.18926e-05	0.000377131	0.00163541	0.00584206	0.0171373	0.0411701	0.0808208	0.129436	0.168933	0.179604	0.155568	0.109856	0.0633218	0.0298407	0.0115201	0.00365169	0.000952867	0.000205246	3.66025e-05	5.42136e-06	6.69125e-07	6.90594e-08	5.9819e-09	4.36528e-10	2.69443e-11	1.4126e-12	6.31908e-14	2.42563e-15	8.06312e-17	2.36998e-18	6.57821e-20	2.66094e-21	
L_littorale	0	0	0	0	0	0	0	0	0	0	0	0	0	0	0	0	0	0	0	0	0	0	0	0	0	0	0	0	0	0	0	0	0	0	0	1	0	0	0	0	0	0	0	0	0	0	
N30	1.6272e-27	1.21057e-25	1.24895e-23	1.13725e-21	8.82168e-20	5.78063e-18	3.17799e-16	1.45551e-14	5.51232e-13	1.71294e-11	4.33243e-10	8.84499e-09	1.44536e-07	1.87461e-06	1.91403e-05	0.000152665	0.000944639	0.00450788	0.0165144	0.0462979	0.0991562	0.162169	0.202691	0.193928	0.142372	0.0804333	0.035083	0.011856	0.00311594	0.000639376	0.000102858	1.30295e-05	1.30569e-06	1.04023e-07	6.62348e-09	3.38972e-10	1.40264e-11	4.72216e-13	1.30177e-14	2.95774e-16	5.57526e-18	8.77543e-20	1.16083e-21	1.3002e-23	1.26988e-25	1.74423e-27	
N31	6.13802e-32	8.14368e-30	1.41779e-27	2.15004e-25	2.78028e-23	3.04208e-21	2.79473e-19	2.13804e-17	1.35007e-15	6.97051e-14	2.91323e-12	9.75191e-11	2.58591e-09	5.3708e-08	8.63949e-07	1.06492e-05	9.96309e-05	0.000702173	0.00370955	0.0146606	0.0433729	0.0963162	0.16119	0.204253	0.196913	0.145096	0.0820526	0.0357351	0.0120184	0.00312746	0.00063046	9.85136e-05	1.19342e-05	1.12111e-06	8.17323e-08	4.63363e-09	2.05078e-10	7.12858e-12	1.96159e-13	4.31264e-15	7.651e-17	1.10644e-18	1.31772e-20	1.30923e-22	1.13106e-24	1.32334e-26	
L_macraei	0	0	0	0	0	0	0	0	0	0	0	0	0	0	0	0	0	0	0	0	0	0	0	0	0	0	0	0	0	0	0	0	0	0	0	1	0	0	0	0	0	0	0	0	0	0	
L_prostratum	0	0	0	0	0	0	0	0	0	0	0	0	0	0	0	0	0	1	0	0	0	0	0	0	0	0	0	0	0	0	0	0	0	0	0	0	0	0	0	0	0	0	0	0	0	0	
L_oligophyllum	0	0	0	0	0	0	0	0	0	0	0	0	0	0	0	0	0	1	0	0	0	0	0	0	0	0	0	0	0	0	0	0	0	0	0	0	0	0	0	0	0	0	0	0	0	0	
N32	9.115e-09	5.05274e-08	3.94844e-07	2.9303e-06	1.91655e-05	0.000107716	0.00051306	0.00205254	0.00685416	0.0190184	0.0436945	0.0828929	0.129568	0.166592	0.175984	0.152638	0.108675	0.0635327	0.0305201	0.012062	0.00392837	0.00105646	0.00023518	4.34557e-05	6.68534e-06	8.59143e-07	9.25544e-08	8.38907e-09	6.42191e-10	4.16804e-11	2.30262e-12	1.08705e-13	4.40276e-15	1.53583e-16	4.6321e-18	1.21248e-19	2.76471e-21	5.51152e-23	9.63995e-25	1.48439e-26	2.01899e-28	2.43359e-30	2.60829e-32	2.5001e-34	2.21602e-36	2.87537e-38	
N33	1.53463e-08	7.19992e-08	5.20111e-07	3.7109e-06	2.34407e-05	0.000127001	0.000582873	0.00225111	0.00728322	0.0196714	0.0442258	0.0825668	0.127757	0.1636	0.173215	0.151562	0.109604	0.0655457	0.0324493	0.0133194	0.00454201	0.00128984	0.000305873	6.07568e-05	1.01423e-05	1.4279e-06	1.70166e-07	1.72311e-08	1.4883e-09	1.10079e-10	6.99914e-12	3.84062e-13	1.82574e-14	7.54745e-16	2.72327e-17	8.60756e-19	2.39164e-20	5.86172e-22	1.27147e-23	2.44866e-25	4.19995e-27	6.4352e-29	8.83582e-31	1.09334e-32	1.2661e-34	2.24082e-36	
L_kingii	0	0	0	0	0	0	0	0	0	0	0	0	1	0	0	0	0	0	0	0	0	0	0	0	0	0	0	0	0	0	0	0	0	0	0	0	0	0	0	0	0	0	0	0	0	0	
N34	1.27533e-09	6.85455e-09	6.01194e-08	5.18478e-07	3.92065e-06	2.53419e-05	0.000138818	0.000640986	0.00248334	0.00803774	0.0216469	0.048332	0.0891792	0.135625	0.169667	0.174378	0.147168	0.102024	0.0581632	0.0273194	0.0105997	0.00340795	0.000911337	0.00020353	3.81283e-05	6.01914e-06	8.04522e-07	9.14808e-08	8.89158e-09	7.42217e-10	5.34557e-11	3.33679e-12	1.81315e-13	8.61297e-15	3.59134e-16	1.31962e-17	4.28917e-19	1.23764e-20	3.18143e-22	7.30959e-24	1.50586e-25	2.79011e-27	4.66334e-29	7.06203e-31	1.00174e-32	2.2533e-34	
L_rupestre	0	0	0	0	0	0	0	0	0	0	0	0	0	0	0	0	0	1	0	0	0	0	0	0	0	0	0	0	0	0	0	0	0	0	0	0	0	0	0	0	0	0	0	0	0	0	
L_vernale	0	0	0	0	0	0	0	0	0	0	0	0	0	0	1	0	0	0	0	0	0	0	0	0	0	0	0	0	0	0	0	0	0	0	0	0	0	0	0	0	0	0	0	0	0	0	
L_striatum	0	0	0	0	0	0	0	0	1	0	0	0	0	0	0	0	0	0	0	0	0	0	0	0	0	0	0	0	0	0	0	0	0	0	0	0	0	0	0	0	0	0	0	0	0	0	
N35	3.23739e-05	7.14088e-05	0.00021441	0.000663196	0.00191902	0.00503267	0.0118073	0.0246065	0.0453384	0.0736145	0.105075	0.131622	0.144518	0.138979	0.117011	0.0862388	0.0556491	0.0314544	0.0155835	0.0067733	0.00258563	0.000868006	0.000256629	6.69294e-05	1.54245e-05	3.147e-06	5.69533e-07	9.16135e-08	1.31257e-08	1.67856e-09	1.92014e-10	1.96905e-11	1.81408e-12	1.50477e-13	1.12625e-14	7.62216e-16	4.67426e-17	2.60278e-18	1.31867e-19	6.09074e-21	2.56978e-22	9.92422e-24	3.51798e-25	1.15545e-26	3.75759e-28	2.1189e-29	
He_micranthum	0	0	0	0	0	0	0	0	0	0	0	0	0	0	0	0	0	1	0	0	0	0	0	0	0	0	0	0	0	0	0	0	0	0	0	0	0	0	0	0	0	0	0	0	0	0	
S_digynum	0	0	0	0	0	1	0	0	0	0	0	0	0	0	0	0	0	0	0	0	0	0	0	0	0	0	0	0	0	0	0	0	0	0	0	0	0	0	0	0	0	0	0	0	0	0	
N36	2.46493e-11	2.97324e-10	4.65036e-09	6.72225e-08	8.30352e-07	8.47958e-06	7.02144e-05	0.000464802	0.00243076	0.00993594	0.0314353	0.0763053	0.141056	0.197452	0.208559	0.166045	0.0997875	0.0454417	0.0157738	0.00420538	0.000868672	0.000140343	1.79085e-05	1.82276e-06	1.49417e-07	9.95696e-09	5.44245e-10	2.46087e-11	9.27876e-13	2.93948e-14	7.87957e-16	1.79914e-17	3.52087e-19	5.93998e-21	8.68629e-23	1.10666e-24	1.23426e-26	1.2105e-28	1.0484e-30	8.05053e-33	5.50171e-35	3.3586e-37	1.83955e-39	9.12994e-42	4.31677e-44	2.90373e-46	
N37	1.32778e-12	2.03113e-11	4.78703e-10	1.02024e-08	1.78216e-07	2.47684e-06	2.6946e-05	0.000226608	0.0014568	0.00708617	0.0258339	0.069993	0.139926	0.205283	0.220265	0.172663	0.0990108	0.0416825	0.0129553	0.00299435	0.000519027	6.80977e-05	6.82893e-06	5.28633e-07	3.19024e-08	1.51554e-09	5.7209e-11	1.73154e-12	4.23858e-14	8.46034e-16	1.38776e-17	1.88449e-19	2.13329e-21	2.02644e-23	1.62533e-25	1.10716e-27	6.44085e-30	3.21668e-32	1.38595e-34	5.17598e-37	1.68291e-39	4.78381e-42	1.19365e-44	2.62567e-47	5.16415e-50	1.28263e-52	
N38	3.3341e-13	6.45881e-12	1.8598e-10	4.5845e-09	9.0454e-08	1.40371e-06	1.69229e-05	0.000156638	0.00110023	0.00579795	0.0226752	0.0651633	0.136442	0.206802	0.225974	0.177794	0.100895	0.0414818	0.0124416	0.00274624	0.000450666	5.55908e-05	5.21372e-06	3.761e-07	2.11067e-08	9.31795e-10	3.27068e-11	9.22148e-13	2.10866e-14	3.9466e-16	6.09803e-18	7.84186e-20	8.45692e-22	7.70312e-24	5.96606e-26	3.95368e-28	2.2551e-30	1.11324e-32	4.78103e-35	1.79512e-37	5.91974e-40	1.722e-42	4.43677e-45	1.01665e-47	2.09593e-50	5.47607e-53	
N39	1.04684e-17	5.88138e-16	4.38649e-14	2.7319e-12	1.35623e-10	5.267e-09	1.57144e-07	3.52941e-06	5.82908e-05	0.000688916	0.00564402	0.0308871	0.108232	0.232055	0.292215	0.21194	0.0903056	0.0235563	0.0039375	0.000440069	3.41327e-05	1.89687e-06	7.76221e-08	2.3945e-09	5.68268e-11	1.05611e-12	1.56122e-14	1.86134e-16	1.81196e-18	1.45627e-20	9.75989e-23	5.50413e-25	2.63361e-27	1.07722e-29	3.79269e-32	1.15676e-34	3.07425e-37	7.15804e-40	1.46756e-42	2.66185e-45	4.28998e-48	6.16855e-51	7.94383e-54	9.19579e-57	9.64148e-60	1.21495e-62	
L_acuticarpum	0	0	0	0	0	0	0	0	0	0	0	0	0	0	1	0	0	0	0	0	0	0	0	0	0	0	0	0	0	0	0	0	0	0	0	0	0	0	0	0	0	0	0	0	0	0	
L_gracile	0	0	0	0	0	0	0	0	0	0	0	0	0	0	1	0	0	0	0	0	0	0	0	0	0	0	0	0	0	0	0	0	0	0	0	0	0	0	0	0	0	0	0	0	0	0	
L_heterostylum	0	0	0	0	0	0	0	0	0	0	0	0	0	0	1	0	0	0	0	0	0	0	0	0	0	0	0	0	0	0	0	0	0	0	0	0	0	0	0	0	0	0	0	0	0	0	
L_africanum	0	0	0	0	0	0	0	0	0	0	0	0	0	0	1	0	0	0	0	0	0	0	0	0	0	0	0	0	0	0	0	0	0	0	0	0	0	0	0	0	0	0	0	0	0	0	
L_comptonii	0	0	0	0	0	0	0	0	0	0	0	0	0	0	1	0	0	0	0	0	0	0	0	0	0	0	0	0	0	0	0	0	0	0	0	0	0	0	0	0	0	0	0	0	0	0	
Ra_linoides	0	0	0	0	0	0	0	0	1	0	0	0	0	0	0	0	0	0	0	0	0	0	0	0	0	0	0	0	0	0	0	0	0	0	0	0	0	0	0	0	0	0	0	0	0	0	
N40	0.110313	0.111207	0.109443	0.105098	0.0983984	0.0897161	0.0795588	0.0685287	0.0572625	0.0463626	0.036333	0.0275331	0.020159	0.0142505	0.00971992	0.00639338	0.00405347	0.00247614	0.00145686	0.000825305	0.000450038	0.000236164	0.000119238	5.79128e-05	2.70532e-05	1.21531e-05	5.24959e-06	2.18018e-06	8.7046e-07	3.34093e-07	1.23261e-07	4.37128e-08	1.49009e-08	4.88248e-09	1.53785e-09	4.65668e-10	1.35587e-10	3.79771e-11	1.02411e-11	2.66355e-12	6.70674e-13	1.64906e-13	4.04123e-14	1.03836e-14	3.17398e-15	1.51434e-15	
N41	0.0965995	0.0983202	0.0985348	0.0970479	0.0936967	0.0884262	0.0813483	0.0727638	0.0631404	0.0530514	0.0430916	0.0337931	0.0255584	0.0186264	0.0130706	0.00882621	0.00573253	0.00357958	0.00214821	0.00123867	0.000686058	0.000364923	0.000186382	9.13912e-05	4.30185e-05	1.94364e-05	8.42863e-06	3.50796e-06	1.40119e-06	5.37124e-07	1.97603e-07	6.97691e-08	2.36432e-08	7.69063e-09	2.40156e-09	7.2012e-10	2.0743e-10	5.74379e-11	1.53081e-11	3.93564e-12	9.80209e-13	2.3849e-13	5.77222e-14	1.45245e-14	4.27391e-15	1.95223e-15	
N42	0.055785	0.0588977	0.063195	0.0682673	0.0734662	0.0779661	0.0808879	0.0814675	0.0792275	0.0741	0.0664559	0.0570283	0.0467536	0.0365775	0.0272854	0.0193956	0.0131322	0.0084663	0.00519599	0.00303521	0.00168734	0.000892643	0.00044936	0.000215252	9.81161e-05	4.25585e-05	1.75674e-05	6.90132e-06	2.58045e-06	9.18414e-07	3.11178e-07	1.00383e-07	3.08351e-08	9.02052e-09	2.51353e-09	6.67227e-10	1.68764e-10	4.06818e-11	9.34908e-12	2.04952e-12	4.2928e-13	8.63229e-14	1.69251e-14	3.40053e-15	8.12069e-16	3.2621e-16	
N43	0.0337443	0.0366491	0.0413643	0.0476917	0.0552101	0.063247	0.0709036	0.0771533	0.0810094	0.0817255	0.0789717	0.072926	0.0642471	0.0539306	0.0430938	0.0327555	0.0236711	0.0162573	0.0106086	0.00657615	0.00387203	0.0021654	0.00115019	0.000580291	0.000278101	0.000126613	5.47686e-05	2.25124e-05	8.79473e-06	3.26596e-06	1.15311e-06	3.87167e-07	1.23647e-07	3.75694e-08	1.0863e-08	2.98985e-09	7.83521e-10	1.95569e-10	4.6516e-11	1.05517e-11	2.28736e-12	4.76478e-13	9.69706e-14	2.02747e-14	5.03297e-15	2.07346e-15	
N44	0.000384227	0.00114087	0.00403946	0.0129107	0.0346063	0.0754147	0.131308	0.180643	0.195028	0.164784	0.109083	0.0568301	0.0234677	0.00774952	0.00206644	0.000449449	8.05312e-05	1.20014e-05	1.50114e-06	1.58936e-07	1.43573e-08	1.11472e-09	7.48959e-11	4.38209e-12	2.24578e-13	1.0136e-14	4.04898e-16	1.43823e-17	4.5624e-19	1.29773e-20	3.32225e-22	7.68175e-24	1.6095e-25	3.06523e-27	5.32143e-29	8.44453e-31	1.2281e-32	1.64095e-34	2.01963e-36	2.29612e-38	2.42027e-40	2.37917e-42	2.20526e-44	1.97081e-46	1.78305e-48	2.15422e-50	
N45	1.72558e-05	9.4019e-05	0.000638422	0.00374196	0.0168897	0.0557268	0.13061	0.21362	0.241284	0.187492	0.100489	0.0374509	0.00982542	0.00184201	0.000250817	2.52203e-05	1.90334e-06	1.09491e-07	4.87125e-09	1.69892e-10	4.70331e-12	1.04554e-13	1.88624e-15	2.78887e-17	3.40998e-19	3.47688e-21	2.97914e-23	2.1605e-25	1.33492e-27	7.07082e-30	3.22913e-32	1.27827e-34	4.40812e-37	1.33047e-39	3.53004e-42	8.26736e-45	1.71572e-47	3.16666e-50	5.21587e-53	7.69198e-56	1.01877e-58	1.21544e-61	1.30992e-64	1.2793e-67	1.14637e-70	1.3015e-73	
N46	4.01596e-06	2.69832e-05	0.000259201	0.00206737	0.0119408	0.0475266	0.126986	0.224066	0.25857	0.194448	0.0955113	0.0308762	0.00664682	0.000966935	9.66275e-05	6.74819e-06	3.35088e-07	1.20324e-08	3.17552e-10	6.25512e-12	9.33064e-14	1.06842e-15	9.51112e-18	6.66063e-20	3.70996e-22	1.66051e-24	6.02936e-27	1.79191e-29	4.39511e-32	8.96583e-35	1.53219e-37	2.20835e-40	2.70149e-43	2.8216e-46	2.53024e-49	1.95829e-52	1.31456e-55	7.68935e-59	3.93649e-62	1.77108e-65	7.03034e-69	2.47136e-72	7.72044e-76	2.15055e-79	5.36271e-83	1.43365e-86	
N47	2.44357e-06	1.89712e-05	0.000205136	0.00176561	0.0107701	0.0447679	0.123827	0.224014	0.262146	0.19769	0.0964516	0.0307765	0.00652623	0.000937554	9.31667e-05	6.54104e-06	3.3124e-07	1.23401e-08	3.44523e-10	7.33343e-12	1.20912e-13	1.56687e-15	1.61732e-17	1.34608e-19	9.13538e-22	5.10773e-24	2.37505e-26	9.2647e-29	3.05615e-31	8.58828e-34	2.07009e-36	4.30695e-39	7.78023e-42	1.22695e-44	1.69779e-47	2.07118e-50	2.23748e-53	2.14936e-56	1.84316e-59	1.41616e-62	9.78251e-66	6.09524e-69	3.4361e-72	1.75773e-75	8.20325e-79	4.40408e-82	
N48	7.82601e-08	1.27422e-06	2.64169e-05	0.000402044	0.00408399	0.026406	0.103893	0.23777	0.304684	0.215038	0.0850699	0.0196087	0.00275512	0.000246561	1.46261e-05	5.95766e-07	1.71869e-08	3.6078e-10	5.64304e-12	6.71544e-14	6.19352e-16	4.50002e-18	2.61364e-20	1.22946e-22	4.73941e-25	1.51319e-27	4.04017e-30	9.10025e-33	1.74311e-35	2.86022e-38	4.04761e-41	4.97068e-44	5.32772e-47	5.01047e-50	4.15499e-53	3.05215e-56	1.99455e-59	1.16419e-62	6.09214e-66	2.86818e-69	1.21891e-72	4.69039e-76	1.63906e-79	5.21599e-83	1.51709e-86	4.89206e-90	
N49	1.18095e-10	6.95696e-09	4.49784e-07	1.94591e-05	0.000519516	0.00798322	0.0647636	0.248153	0.391505	0.226526	0.0540486	0.00610343	0.000364662	1.25648e-05	2.67065e-07	3.69494e-09	3.47629e-11	2.30604e-13	1.11191e-15	3.999e-18	1.09692e-20	2.33946e-23	3.94555e-26	5.34088e-29	5.87979e-32	5.32688e-35	4.01362e-38	2.53918e-41	1.36049e-44	6.22235e-48	2.44673e-51	8.32624e-55	2.46699e-58	6.39974e-62	1.46109e-65	2.94978e-69	5.28968e-73	8.46058e-77	1.21167e-80	1.55938e-84	1.8096e-88	1.8996e-92	1.80925e-96	1.5679e-100	1.23994e-104	1.01639e-108	
N50	9.65976e-15	2.87337e-12	7.91908e-10	1.38893e-07	1.43461e-05	0.000794737	0.0207043	0.207405	0.560686	0.191987	0.0177638	0.000633343	1.0645e-05	9.61937e-08	5.12932e-10	1.73011e-12	3.89571e-15	6.11296e-18	6.92256e-21	5.82427e-24	3.73073e-27	1.85772e-30	7.32168e-34	2.31998e-37	5.99195e-41	1.27686e-44	2.26941e-48	3.39693e-52	4.31974e-56	4.70391e-60	4.41786e-64	3.60217e-68	2.56524e-72	1.60436e-76	8.85729e-81	4.33683e-85	1.89154e-89	7.37903e-94	2.58446e-98	8.15578e-103	2.32664e-107	6.01882e-112	1.41606e-116	3.03837e-121	5.96131e-126	1.15983e-130	
L_alpinum	0	0	0	0	0	0	0	0	1	0	0	0	0	0	0	0	0	0	0	0	0	0	0	0	0	0	0	0	0	0	0	0	0	0	0	0	0	0	0	0	0	0	0	0	0	0	
L_punctatum1	0	0	0	0	0	0	0	0	1	0	0	0	0	0	0	0	0	0	0	0	0	0	0	0	0	0	0	0	0	0	0	0	0	0	0	0	0	0	0	0	0	0	0	0	0	0	
L_perenne	0	0	0	0	0	0	0	0	1	0	0	0	0	0	0	0	0	0	0	0	0	0	0	0	0	0	0	0	0	0	0	0	0	0	0	0	0	0	0	0	0	0	0	0	0	0	
L_lewisii	0	0	0	0	0	0	0	0	1	0	0	0	0	0	0	0	0	0	0	0	0	0	0	0	0	0	0	0	0	0	0	0	0	0	0	0	0	0	0	0	0	0	0	0	0	0	
L_leonii	0	0	0	0	0	0	0	0	1	0	0	0	0	0	0	0	0	0	0	0	0	0	0	0	0	0	0	0	0	0	0	0	0	0	0	0	0	0	0	0	0	0	0	0	0	0	
N51	5.86725e-06	3.66941e-05	0.000328105	0.0023998	0.0127794	0.0478459	0.123306	0.215224	0.251701	0.196492	0.102807	0.0364484	0.0088967	0.00152353	0.000186741	1.67146e-05	1.11381e-06	5.6272e-08	2.1922e-09	6.68866e-11	1.6213e-12	3.16312e-14	5.02651e-16	6.57713e-18	7.15718e-20	6.53633e-22	5.05169e-24	3.3295e-26	1.88464e-28	9.22172e-31	3.92417e-33	1.46036e-35	4.7775e-38	1.38059e-40	3.54001e-43	8.08812e-46	1.65311e-48	3.03365e-51	5.01585e-54	7.49641e-57	1.01584e-59	1.25175e-62	1.40642e-65	1.44464e-68	1.36353e-71	1.54823e-74	
L_austr_mauritanicum	0	0	0	0	0	0	0	0	1	0	0	0	0	0	0	0	0	0	0	0	0	0	0	0	0	0	0	0	0	0	0	0	0	0	0	0	0	0	0	0	0	0	0	0	0	0	
L_austriacum	0	0	0	0	0	0	0	0	1	0	0	0	0	0	0	0	0	0	0	0	0	0	0	0	0	0	0	0	0	0	0	0	0	0	0	0	0	0	0	0	0	0	0	0	0	0	
L_pallescens	0	0	0	0	0	0	0	0	1	0	0	0	0	0	0	0	0	0	0	0	0	0	0	0	0	0	0	0	0	0	0	0	0	0	0	0	0	0	0	0	0	0	0	0	0	0	
L_pycnophyllum	0	0	0	0	0	0	0	0	1	0	0	0	0	0	0	0	0	0	0	0	0	0	0	0	0	0	0	0	0	0	0	0	0	0	0	0	0	0	0	0	0	0	0	0	0	0	
N52	2.9774e-08	1.31697e-07	8.00487e-07	4.61904e-06	2.38471e-05	0.000108868	0.000436977	0.00153428	0.00468857	0.0124067	0.0282876	0.0553081	0.0923293	0.131096	0.157832	0.160768	0.138378	0.100632	0.061886	0.0322452	0.0142746	0.00538784	0.00174097	0.00048377	0.000116147	2.42106e-05	4.40288e-06	7.01914e-07	9.85543e-08	1.22425e-08	1.35127e-09	1.33072e-10	1.17383e-11	9.30932e-13	6.66116e-14	4.31472e-15	2.53807e-16	1.35995e-17	6.6575e-19	2.98698e-20	1.23289e-21	4.70808e-23	1.68105e-24	5.7422e-26	1.9945e-27	1.05598e-28	
L_aroanium1	0	0	0	0	0	0	0	0	0	0	0	0	0	0	0	0	0	1	0	0	0	0	0	0	0	0	0	0	0	0	0	0	0	0	0	0	0	0	0	0	0	0	0	0	0	0	
L_nervosum	0	0	0	0	0	0	0	0	0	0	0	0	0	0	1	0	0	0	0	0	0	0	0	0	0	0	0	0	0	0	0	0	0	0	0	0	0	0	0	0	0	0	0	0	0	0	
N53	0.0154964	0.0183501	0.0237148	0.0316625	0.0420394	0.0542959	0.0673704	0.0797124	0.0894987	0.0950255	0.0951634	0.0897092	0.0794798	0.0660979	0.0515467	0.0376668	0.0257749	0.0165088	0.0098938	0.00554669	0.00290843	0.00142626	0.000654102	0.00028055	0.000112546	4.22336e-05	1.48273e-05	4.87115e-06	1.49783e-06	4.31185e-07	1.16241e-07	2.93551e-08	6.94663e-09	1.54092e-09	3.20524e-10	6.25431e-11	1.14527e-11	1.96892e-12	3.17942e-13	4.82541e-14	6.89082e-15	9.28555e-16	1.19198e-16	1.50957e-17	2.15479e-18	5.45205e-19	
N54	0.00770893	0.00940719	0.0128365	0.0184002	0.0264853	0.0372478	0.0503677	0.0648608	0.0790606	0.0908532	0.0981542	0.0994916	0.0944751	0.0839462	0.069735	0.0541211	0.0392209	0.0265292	0.0167439	0.00985877	0.00541455	0.00277361	0.00132515	0.000590532	0.00024548	9.52009e-05	3.44502e-05	1.16348e-05	3.66814e-06	1.07986e-06	2.9693e-07	7.62857e-08	1.83183e-08	4.11279e-09	8.63706e-10	1.69726e-10	3.12228e-11	5.37942e-12	8.68515e-13	1.31501e-13	1.86989e-14	2.50612e-15	3.20021e-16	4.03539e-17	5.69716e-18	1.38911e-18	
N55	0.000213711	0.000325416	0.000621187	0.00128151	0.00263538	0.00520747	0.00972585	0.0170328	0.0278474	0.0423825	0.0599249	0.0785893	0.0954805	0.107356	0.111624	0.107258	0.0952009	0.0780255	0.0590357	0.0412305	0.0265786	0.0158152	0.00868772	0.00440666	0.00206445	0.00089358	0.000357493	0.000132251	4.52629e-05	1.43394e-05	4.20745e-06	1.14412e-06	2.8852e-07	6.75184e-08	1.46731e-08	2.96338e-09	5.56608e-10	9.73059e-11	1.58455e-11	2.40562e-12	3.40885e-13	4.51939e-14	5.64952e-15	6.87471e-16	9.32464e-17	2.28039e-17	
N56	2.701e-21	2.89133e-19	3.2571e-17	3.21995e-15	2.71855e-13	1.91006e-11	1.08815e-09	4.89019e-08	1.68058e-06	4.25464e-05	0.000756782	0.00888047	0.0629703	0.237395	0.393596	0.229074	0.05862	0.00797145	0.00065448	3.54015e-05	1.34251e-06	3.73772e-08	7.91489e-10	1.31083e-11	1.73659e-13	1.87475e-15	1.67506e-17	1.2551e-19	7.97627e-22	4.34177e-24	2.04182e-26	8.35913e-29	2.99942e-31	9.4904e-34	2.66243e-36	6.65539e-39	1.48913e-41	2.99474e-44	5.43402e-47	8.92924e-50	1.33379e-52	1.81978e-55	2.28713e-58	2.70159e-61	3.15847e-64	4.41622e-67	
L_bienne	0	0	0	0	0	0	0	0	0	0	0	0	0	0	1	0	0	0	0	0	0	0	0	0	0	0	0	0	0	0	0	0	0	0	0	0	0	0	0	0	0	0	0	0	0	0	
L_usitatissimum	0	0	0	0	0	0	0	0	0	0	0	0	0	0	1	0	0	0	0	0	0	0	0	0	0	0	0	0	0	0	0	0	0	0	0	0	0	0	0	0	0	0	0	0	0	0	
L_hologynum	0	0	0	0	0	0	0	0	0	0	0	0	0	0	0	0	0	0	0	0	1	0	0	0	0	0	0	0	0	0	0	0	0	0	0	0	0	0	0	0	0	0	0	0	0	0	
L_narbonense	0	0	0	0	0	0	0	0	0	0	0	0	0	1	0	0	0	0	0	0	0	0	0	0	0	0	0	0	0	0	0	0	0	0	0	0	0	0	0	0	0	0	0	0	0	0	
N57	0.0306725	0.034854	0.0424833	0.0535703	0.0674603	0.0824713	0.0959114	0.104666	0.106229	0.099708	0.0862459	0.0686034	0.0501219	0.0336143	0.0206898	0.0116889	0.00606337	0.00288926	0.00126547	0.000509815	0.000189062	6.45935e-05	2.03492e-05	5.91675e-06	1.58931e-06	3.94774e-07	9.07687e-08	1.93378e-08	3.82127e-09	7.01095e-10	1.19553e-10	1.89672e-11	2.80248e-12	3.86029e-13	4.9621e-14	5.95815e-15	6.68933e-16	7.02917e-17	6.92005e-18	6.38962e-19	5.54159e-20	4.52647e-21	3.50687e-22	2.63967e-23	2.13806e-24	3.07492e-25	
L_decumbens1	0	0	0	0	0	0	0	0	1	0	0	0	0	0	0	0	0	0	0	0	0	0	0	0	0	0	0	0	0	0	0	0	0	0	0	0	0	0	0	0	0	0	0	0	0	0	
L_grandiflorum	0	0	0	0	0	0	0	1	0	0	0	0	0	0	0	0	0	0	0	0	0	0	0	0	0	0	0	0	0	0	0	0	0	0	0	0	0	0	0	0	0	0	0	0	0	0	
L_stelleroides	0	0	0	0	0	0	0	0	1	0	0	0	0	0	0	0	0	0	0	0	0	0	0	0	0	0	0	0	0	0	0	0	0	0	0	0	0	0	0	0	0	0	0	0	0	0	
N58	0.0871078	0.0907116	0.0946665	0.0980156	0.0995323	0.0980432	0.0927997	0.0837642	0.071686	0.0579168	0.044037	0.0314421	0.0210486	0.013198	0.00774617	0.00425411	0.00218581	0.00105078	0.000472689	0.00019903	7.84672e-05	2.89778e-05	1.00288e-05	3.25433e-06	9.9069e-07	2.83091e-07	7.59775e-08	1.91639e-08	4.54565e-09	1.01462e-09	2.13251e-10	4.22329e-11	7.88637e-12	1.38955e-12	2.31186e-13	3.6348e-14	5.40533e-15	7.61146e-16	1.01644e-16	1.29023e-17	1.56277e-18	1.81858e-19	2.05971e-20	2.33589e-21	2.88998e-22	5.71175e-23	
N59	0.0645067	0.0708142	0.0807836	0.0927341	0.103863	0.110763	0.110533	0.102008	0.0863851	0.0667863	0.046983	0.0300113	0.0173848	0.00912651	0.00434099	0.00187095	0.000730935	0.000258986	8.32845e-05	2.43279e-05	6.46113e-06	1.56177e-06	3.43959e-07	6.90987e-08	1.26771e-08	2.12659e-09	3.26586e-10	4.59727e-11	5.93934e-12	7.05111e-13	7.70199e-14	7.75028e-15	7.19349e-16	6.166e-17	4.88693e-18	3.58558e-19	2.4383e-20	1.5386e-21	9.01934e-23	4.91737e-24	2.49642e-25	1.18189e-26	5.23533e-28	2.20044e-29	9.53461e-31	7.30967e-32	
N60	0.0381623	0.0458424	0.0603166	0.0806864	0.103479	0.122547	0.131113	0.125162	0.10585	0.0789828	0.0518832	0.0299718	0.0152223	0.00679958	0.00267339	0.00092623	0.000283187	7.65314e-05	1.8315e-05	3.88881e-06	7.34101e-07	1.23463e-07	1.85393e-08	2.49095e-09	3.0012e-10	3.24957e-11	3.16876e-12	2.78874e-13	2.21967e-14	1.6011e-15	1.04875e-16	6.2503e-18	3.39575e-19	1.68495e-20	7.6497e-22	3.18329e-23	1.21626e-24	4.2739e-26	1.38348e-27	4.13194e-29	1.14034e-30	2.91254e-32	6.89601e-34	1.52083e-35	3.27323e-37	1.20348e-38	
L_hirsutum	0	0	0	0	0	0	0	1	0	0	0	0	0	0	0	0	0	0	0	0	0	0	0	0	0	0	0	0	0	0	0	0	0	0	0	0	0	0	0	0	0	0	0	0	0	0	
L_seljukorum	0	0	0	0	0	0	0	1	0	0	0	0	0	0	0	0	0	0	0	0	0	0	0	0	0	0	0	0	0	0	0	0	0	0	0	0	0	0	0	0	0	0	0	0	0	0	
L_viscosum	0	0	0	0	0	0	0	1	0	0	0	0	0	0	0	0	0	0	0	0	0	0	0	0	0	0	0	0	0	0	0	0	0	0	0	0	0	0	0	0	0	0	0	0	0	0	
L_pubescens	0	0	0	0	0	0	0	1	0	0	0	0	0	0	0	0	0	0	0	0	0	0	0	0	0	0	0	0	0	0	0	0	0	0	0	0	0	0	0	0	0	0	0	0	0	0	
Re_indica	0	0	0	0	0	0	0	0	0	0	1	0	0	0	0	0	0	0	0	0	0	0	0	0	0	0	0	0	0	0	0	0	0	0	0	0	0	0	0	0	0	0	0	0	0	0	
