NODE	1	2	3	4	5	6	7	8	9	10	11	12	13	14	15	16	17	18	19	20	21	22	23	24	25	26	27	28	29	30	31	32	33	34	35	36	37	38	39	40	41	42	43	44	45	46	
N1	0.408253	0.258678	0.153675	0.0864723	0.0464426	0.0239503	0.0119158	0.00574165	0.00268805	0.001226	0.000545997	0.000237896	0.000101583	4.25738e-05	1.75356e-05	7.10671e-06	2.83689e-06	1.1165e-06	4.3361e-07	1.66308e-07	6.30421e-08	2.36355e-08	8.77037e-09	3.22319e-09	1.17399e-09	4.24095e-10	1.52053e-10	5.41508e-11	1.91717e-11	6.75423e-12	2.37032e-12	8.29611e-13	2.89976e-13	1.01376e-13	4.79078e-17	2.84078e-17	1.68952e-17	1.00905e-17	6.06051e-18	3.66752e-18	2.24275e-18	1.3934e-18	8.89135e-19	5.95533e-19	4.35225e-19	3.65467e-19	
N2	0.236599	0.265368	0.202716	0.131096	0.0771341	0.0426201	0.0224743	0.0114139	0.00561509	0.00268648	0.00125374	0.00057207	0.000255715	0.000112161	4.83416e-05	2.04991e-05	8.56164e-06	3.52542e-06	1.43243e-06	5.74759e-07	2.27906e-07	8.93644e-08	3.4671e-08	1.33167e-08	5.0661e-09	1.90984e-09	7.13761e-10	2.64558e-10	9.72907e-11	3.55113e-11	1.28698e-11	4.63299e-12	1.65737e-12	5.8947e-13	2.08576e-13	7.34841e-14	2.58091e-14	9.05306e-15	3.18053e-15	1.12434e-15	4.03064e-16	1.48538e-16	5.76819e-17	2.47178e-17	1.27e-17	8.84376e-18	
N3	0.00136773	0.0110837	0.0387749	0.0836399	0.12986	0.158181	0.159584	0.138346	0.105813	0.0728163	0.0457707	0.0265933	0.0144188	0.0073526	0.00354913	0.00163053	0.000716253	0.000302032	0.00012268	4.81418e-05	1.82993e-05	6.75328e-06	2.42466e-06	8.48477e-07	2.89863e-07	9.68167e-08	3.16588e-08	1.01474e-08	3.19159e-09	9.8605e-10	2.99528e-10	8.95375e-11	2.63613e-11	7.65035e-12	2.19038e-12	6.19293e-13	1.73107e-13	4.79135e-14	1.31629e-14	3.60292e-15	9.89066e-16	2.75619e-16	7.98302e-17	2.52492e-17	9.69839e-18	5.52636e-18	
N4	0.000295872	0.0039108	0.0199707	0.0573535	0.110049	0.155931	0.174091	0.160197	0.125535	0.0858608	0.0522412	0.0287061	0.0144201	0.00668854	0.00288852	0.00116961	0.000446695	0.000161736	5.5764e-05	1.83793e-05	5.81041e-06	1.76722e-06	5.18488e-07	1.47091e-07	4.04351e-08	1.07918e-08	2.80127e-09	7.08307e-10	1.74713e-10	4.20958e-11	9.91947e-12	2.28855e-12	5.17493e-13	1.14801e-13	2.50085e-14	5.35468e-15	1.12802e-15	2.34077e-16	4.7928e-17	9.70961e-18	1.95612e-18	3.9587e-19	8.2209e-20	1.83751e-20	4.96213e-21	2.14415e-21	
N5	5.09924e-05	0.00113285	0.00849911	0.0327984	0.0792303	0.134378	0.17243	0.176329	0.149253	0.107608	0.0675677	0.0376075	0.0188214	0.00856975	0.00358486	0.00138914	0.000502156	0.000170364	5.45304e-05	1.65427e-05	4.77561e-06	1.31659e-06	3.47734e-07	8.82359e-08	2.15649e-08	5.08804e-09	1.16132e-09	2.56904e-10	5.51762e-11	1.15233e-11	2.34355e-12	4.64746e-13	8.99773e-14	1.70262e-14	3.15226e-15	5.71575e-16	1.01594e-16	1.77172e-17	3.03425e-18	5.10915e-19	8.47619e-20	1.39287e-20	2.30375e-21	4.03469e-22	8.71419e-23	3.33029e-23	
N6	4.63329e-06	0.0001565	0.00171236	0.00932515	0.0309079	0.0701993	0.118126	0.155585	0.167026	0.150724	0.117122	0.0798937	0.0485961	0.0266995	0.0133935	0.00619044	0.00265673	0.00106578	0.000401959	0.000143246	4.84488e-05	1.56128e-05	4.81042e-06	1.42144e-06	4.03945e-07	1.10674e-07	2.93005e-08	7.51101e-09	1.86776e-09	4.51313e-10	1.06131e-10	2.43239e-11	5.44024e-12	1.18883e-12	2.5411e-13	5.31836e-14	1.09096e-14	2.19545e-15	4.33865e-16	8.43098e-17	1.61507e-17	3.06987e-18	5.90135e-19	1.21405e-19	3.11489e-20	1.36653e-20	
N7	1.07404e-16	4.3287e-13	4.17482e-10	1.39377e-07	1.84924e-05	0.00101672	0.0225857	0.184288	0.458215	0.270671	0.0566687	0.00610251	0.000413282	1.98198e-05	7.265e-07	2.14495e-08	5.29708e-10	1.1255e-11	2.10272e-13	3.51378e-15	5.32486e-17	7.40069e-19	9.52188e-21	1.14305e-22	1.2888e-24	1.37267e-26	1.38785e-28	1.33775e-30	1.23395e-32	1.09282e-34	9.31966e-37	7.67349e-39	6.11427e-41	4.72466e-43	3.54733e-45	2.59238e-47	1.84701e-49	1.28501e-51	8.74475e-54	5.83323e-56	3.82643e-58	2.48274e-60	1.61166e-62	1.07003e-64	7.56525e-67	7.22662e-69	
L_corymbiferum	0	0	0	0	0	0	0	0	1	0	0	0	0	0	0	0	0	0	0	0	0	0	0	0	0	0	0	0	0	0	0	0	0	0	0	0	0	0	0	0	0	0	0	0	0	0	
N8	2.49026e-22	1.37651e-17	1.34741e-13	3.45977e-10	2.70769e-07	6.75359e-05	0.00520372	0.110664	0.513828	0.326984	0.0411628	0.002035	5.37892e-05	9.01226e-07	1.06424e-08	9.51302e-11	6.77193e-13	3.98591e-15	1.99623e-17	8.69974e-20	3.35892e-22	1.16578e-24	3.68114e-27	1.0682e-29	2.87282e-32	7.21266e-35	1.70103e-37	3.78882e-40	8.0078e-43	1.61263e-45	3.10569e-48	5.73839e-51	1.02021e-53	1.74976e-56	2.90185e-59	4.66332e-62	7.27559e-65	1.10395e-67	1.63164e-70	2.35248e-73	3.31309e-76	4.56327e-79	6.15383e-82	8.13433e-85	1.05941e-87	1.85314e-90	
L_gallicum	0	0	0	0	0	0	0	0	0	1	0	0	0	0	0	0	0	0	0	0	0	0	0	0	0	0	0	0	0	0	0	0	0	0	0	0	0	0	0	0	0	0	0	0	0	0	
L_strictum	0	0	0	0	0	0	0	0	1	0	0	0	0	0	0	0	0	0	0	0	0	0	0	0	0	0	0	0	0	0	0	0	0	0	0	0	0	0	0	0	0	0	0	0	0	0	
N9	1.47754e-10	2.86868e-08	1.53488e-06	3.46911e-05	0.000405897	0.00278502	0.0122322	0.036775	0.0798667	0.130972	0.168228	0.174469	0.14983	0.108817	0.0680317	0.0371683	0.0179744	0.00777949	0.00304245	0.00108417	0.000354615	0.000107157	3.00872e-05	7.8899e-06	1.94128e-06	4.50017e-07	9.86553e-08	2.05227e-08	4.06361e-09	7.68029e-10	1.38916e-10	2.41023e-11	4.02022e-12	6.45941e-13	1.00161e-13	1.50145e-14	2.17936e-15	3.06765e-16	4.19351e-17	5.57608e-18	7.22779e-19	9.17421e-20	1.15494e-20	1.50316e-21	2.32404e-22	6.50911e-23	
L_setaceum	0	0	0	0	0	0	0	0	1	0	0	0	0	0	0	0	0	0	0	0	0	0	0	0	0	0	0	0	0	0	0	0	0	0	0	0	0	0	0	0	0	0	0	0	0	0	
N10	9.58668e-28	1.96762e-23	9.19839e-20	1.50797e-16	1.05214e-13	3.44592e-11	5.50834e-09	4.23737e-07	1.44457e-05	0.000185952	0.00130846	0.00595641	0.0192222	0.0465384	0.0878148	0.132699	0.163844	0.167827	0.144292	0.105074	0.065258	0.034749	0.0159249	0.00629738	0.00215193	0.000635739	0.000162291	3.57494e-05	6.77998e-06	1.10376e-06	1.5369e-07	1.8232e-08	1.83563e-09	1.56389e-10	1.12617e-11	6.86701e-13	3.56516e-14	1.59004e-15	6.15958e-17	2.09714e-18	6.34849e-20	1.72787e-21	4.2797e-23	9.86575e-25	2.30749e-26	8.84931e-28	
L_suffruticosum1	0	0	0	0	0	0	0	0	0	0	0	0	0	0	0	0	0	0	0	0	0	0	0	0	0	0	0	0	0	0	0	0	0	0	0	1	0	0	0	0	0	0	0	0	0	0	
L_tenuifolium1	0	0	0	0	0	0	0	0	1	0	0	0	0	0	0	0	0	0	0	0	0	0	0	0	0	0	0	0	0	0	0	0	0	0	0	0	0	0	0	0	0	0	0	0	0	0	
N11	4.15841e-06	0.000160833	0.00190668	0.010823	0.0363446	0.0818406	0.134214	0.16989	0.173243	0.147027	0.106524	0.0672389	0.0375905	0.0188679	0.0085998	0.00359361	0.00138803	0.000499054	0.000168042	5.32745e-05	1.59764e-05	4.55081e-06	1.23577e-06	3.2096e-07	7.99645e-08	1.91613e-08	4.42656e-09	9.88016e-10	2.13487e-10	4.47372e-11	9.10689e-12	1.80356e-12	3.47982e-13	6.54939e-14	1.20387e-14	2.16358e-15	3.80562e-16	6.55791e-17	1.10822e-17	1.83876e-18	3.00164e-19	4.84537e-20	7.85479e-21	1.34398e-21	2.82683e-22	1.05676e-22	
N12	1.49546e-13	7.6517e-11	1.0511e-08	5.85894e-07	1.60301e-05	0.000240666	0.00213515	0.0118137	0.0425364	0.103351	0.175167	0.213788	0.193812	0.134484	0.0734752	0.0324381	0.0118442	0.00365076	0.000967053	0.000223586	4.57315e-05	8.37215e-06	1.38589e-06	2.09291e-07	2.90594e-08	3.7352e-09	4.47161e-10	5.01272e-11	5.28717e-12	5.26955e-13	4.9819e-14	4.48324e-15	3.85234e-16	3.16974e-17	2.50388e-18	1.90333e-19	1.39529e-20	9.88409e-22	6.77878e-23	4.50977e-24	2.91736e-25	1.8428e-26	1.14836e-27	7.28115e-29	5.21748e-30	6.56388e-31	
N13	2.68698e-18	8.79601e-15	6.0623e-12	1.38058e-09	1.29253e-07	5.67909e-06	0.000128052	0.00158081	0.011229	0.0477989	0.126361	0.214622	0.242435	0.188835	0.105269	0.0435604	0.0138414	0.00348119	0.000711615	0.000120967	1.74398e-05	2.16873e-06	2.36041e-07	2.27694e-08	1.96809e-09	1.53891e-10	1.09769e-11	7.19529e-13	4.36256e-14	2.46079e-15	1.29804e-16	6.43265e-18	3.00737e-19	1.3314e-20	5.60055e-22	2.24539e-23	8.60421e-25	3.1594e-26	1.11428e-27	3.78283e-29	1.23863e-30	3.91917e-32	1.20126e-33	3.59764e-35	1.12792e-36	6.63973e-38	
N14	6.05876e-28	1.77562e-23	1.12322e-19	2.34546e-16	1.9684e-13	7.43031e-11	1.35193e-08	1.23635e-06	5.80562e-05	0.00140451	0.0172449	0.103752	0.289185	0.349753	0.181476	0.0484528	0.00776903	0.000834628	6.49039e-05	3.86445e-06	1.83741e-07	7.206e-09	2.39132e-10	6.85415e-12	1.7256e-13	3.8695e-15	7.81967e-17	1.43835e-18	2.42884e-20	3.79312e-22	5.5139e-24	7.50308e-26	9.6052e-28	1.16194e-29	1.33348e-31	1.45697e-33	1.52042e-35	1.51976e-37	1.45887e-39	1.3481e-41	1.2018e-43	1.03575e-45	8.65103e-48	7.05007e-50	5.84261e-52	7.74286e-54	
L_album	0	0	0	0	0	0	0	0	0	0	0	0	0	1	0	0	0	0	0	0	0	0	0	0	0	0	0	0	0	0	0	0	0	0	0	0	0	0	0	0	0	0	0	0	0	0	
L_mucronatum1	0	0	0	0	0	0	0	0	0	0	0	0	0	1	0	0	0	0	0	0	0	0	0	0	0	0	0	0	0	0	0	0	0	0	0	0	0	0	0	0	0	0	0	0	0	0	
N15	1.19866e-29	6.26409e-25	6.74765e-21	2.28738e-17	2.96805e-14	1.64953e-11	4.21005e-09	5.15081e-07	3.09004e-05	0.000913175	0.0131135	0.0885612	0.268142	0.350899	0.20586	0.0609407	0.0103379	0.00111393	8.24744e-05	4.45548e-06	1.83995e-07	6.02587e-09	1.61194e-10	3.60783e-12	6.89195e-14	1.14251e-15	1.66687e-17	2.16612e-19	2.5333e-21	2.69032e-23	2.61477e-25	2.34187e-27	1.94461e-29	1.50517e-31	1.09123e-33	7.44229e-36	4.79338e-38	2.92583e-40	1.69791e-42	9.39501e-45	4.96987e-47	2.51953e-49	1.22714e-51	5.77159e-54	2.72611e-56	2.01587e-58	
N16	3.36385e-38	2.18939e-32	2.65952e-27	9.05961e-23	1.03425e-18	4.34393e-15	7.0546e-12	4.52979e-09	1.15208e-06	0.000114208	0.00426948	0.0573954	0.263568	0.403733	0.218002	0.0476887	0.00494138	0.000277277	9.36357e-06	2.06522e-07	3.17115e-09	3.56542e-11	3.05654e-13	2.06482e-15	1.12943e-17	5.11677e-20	1.95697e-22	6.42215e-25	1.83377e-27	4.61127e-30	1.03199e-32	2.07449e-35	3.7763e-38	6.27009e-41	9.55709e-44	1.345e-46	1.75676e-49	2.13955e-52	2.44001e-55	2.61571e-58	2.64509e-61	2.53124e-64	2.29905e-67	1.98732e-70	1.6436e-73	1.70447e-76	
N17	8.3498e-37	2.61643e-31	1.67591e-26	3.31283e-22	2.42215e-18	7.19286e-15	9.08922e-12	4.96206e-09	1.15902e-06	0.000112158	0.00426086	0.059066	0.275512	0.410142	0.205031	0.0415421	0.00409803	0.00022731	7.89886e-06	1.86508e-07	3.18365e-09	4.12237e-11	4.20612e-13	3.48663e-15	2.40741e-17	1.4134e-19	7.17854e-22	3.20027e-24	1.26799e-26	4.51294e-29	1.45629e-31	4.29522e-34	1.16616e-36	2.93287e-39	6.87073e-42	1.50677e-44	3.10709e-47	6.04874e-50	1.1157e-52	1.95627e-55	3.27037e-58	5.22677e-61	8.00606e-64	1.17819e-66	1.68022e-69	3.20465e-72	
N18	1.7774e-37	5.71176e-32	3.81152e-27	7.98502e-23	6.30397e-19	2.06285e-15	2.93605e-12	1.84802e-09	5.09811e-07	5.9636e-05	0.00278992	0.0478891	0.269507	0.440924	0.201243	0.0346009	0.00284886	0.000132658	3.92461e-06	8.02134e-08	1.20528e-09	1.39605e-11	1.29346e-13	9.87259e-16	6.35751e-18	3.52232e-20	1.70663e-22	7.33135e-25	2.82507e-27	9.86344e-30	3.14733e-32	9.24797e-35	2.51892e-37	6.39702e-40	1.52259e-42	3.41215e-45	7.22944e-48	1.45352e-50	2.78244e-53	5.0867e-56	8.90518e-59	1.49669e-61	2.42048e-64	3.77472e-67	5.71374e-70	1.15792e-72	
L_arboreum	0	0	0	0	0	0	0	0	0	0	0	0	0	1	0	0	0	0	0	0	0	0	0	0	0	0	0	0	0	0	0	0	0	0	0	0	0	0	0	0	0	0	0	0	0	0	
L_elegans	0	0	0	0	0	0	0	0	0	0	0	0	0	1	0	0	0	0	0	0	0	0	0	0	0	0	0	0	0	0	0	0	0	0	0	0	0	0	0	0	0	0	0	0	0	0	
L_campanulatum	0	0	0	0	0	0	0	0	0	0	0	0	0	1	0	0	0	0	0	0	0	0	0	0	0	0	0	0	0	0	0	0	0	0	0	0	0	0	0	0	0	0	0	0	0	0	
N19	6.01547e-39	3.27876e-33	3.57458e-28	1.17417e-23	1.38919e-19	6.48227e-16	1.24591e-12	9.98192e-10	3.29142e-07	4.31711e-05	0.00213672	0.0373825	0.217281	0.408829	0.261647	0.0648808	0.00734382	0.000439151	1.55793e-05	3.58526e-07	5.73405e-09	6.72595e-11	6.03853e-13	4.29448e-15	2.48808e-17	1.20185e-19	4.93498e-22	1.75095e-24	5.44349e-27	1.50075e-29	3.70747e-32	8.28186e-35	1.68623e-37	3.15135e-40	5.43974e-43	8.7212e-46	1.30514e-48	1.83132e-51	2.41912e-54	3.01946e-57	3.57294e-60	4.02038e-63	4.31383e-66	4.42611e-69	4.38426e-72	5.6551e-75	
L_capitatum	0	0	0	0	0	0	0	0	0	0	0	0	0	1	0	0	0	0	0	0	0	0	0	0	0	0	0	0	0	0	0	0	0	0	0	0	0	0	0	0	0	0	0	0	0	0	
N20	8.36226e-38	2.6472e-32	1.74347e-27	3.61315e-23	2.82967e-19	9.21774e-16	1.31193e-12	8.30704e-10	2.32475e-07	2.79359e-05	0.00137079	0.0256543	0.17041	0.385775	0.306672	0.095295	0.0136865	0.00105714	4.94376e-05	1.53142e-06	3.36468e-08	5.52753e-10	7.07718e-12	7.2996e-14	6.23008e-16	4.49793e-18	2.7978e-20	1.52264e-22	7.34589e-25	3.17706e-27	1.2438e-29	4.44504e-32	1.46085e-34	4.44387e-37	1.25847e-39	3.33478e-42	8.30663e-45	1.95298e-47	4.35003e-50	9.21004e-53	1.85919e-55	3.5882e-58	6.63776e-61	1.17998e-63	2.03961e-66	4.88659e-69	
L_gyaricum	0	0	0	0	0	0	0	0	0	0	0	0	0	0	1	0	0	0	0	0	0	0	0	0	0	0	0	0	0	0	0	0	0	0	0	0	0	0	0	0	0	0	0	0	0	0	
L_tauricum	0	0	0	0	0	0	0	0	0	0	0	0	0	0	1	0	0	0	0	0	0	0	0	0	0	0	0	0	0	0	0	0	0	0	0	0	0	0	0	0	0	0	0	0	0	0	
L_flavum	0	0	0	0	0	0	0	0	0	0	0	0	0	0	1	0	0	0	0	0	0	0	0	0	0	0	0	0	0	0	0	0	0	0	0	0	0	0	0	0	0	0	0	0	0	0	
L_nodiflorum	0	0	0	0	0	0	0	0	0	0	0	0	1	0	0	0	0	0	0	0	0	0	0	0	0	0	0	0	0	0	0	0	0	0	0	0	0	0	0	0	0	0	0	0	0	0	
N21	2.64186e-07	2.12207e-05	0.000464793	0.00433586	0.0214183	0.064138	0.127948	0.182411	0.19622	0.166242	0.114808	0.0664554	0.0329845	0.0143048	0.00550609	0.00190593	0.000599941	0.000173366	4.63675e-05	1.15588e-05	2.70223e-06	5.95616e-07	1.24362e-07	2.47e-08	4.68378e-09	8.50779e-10	1.4847e-10	2.49585e-11	4.05126e-12	6.36351e-13	9.69157e-14	1.4337e-14	2.0635e-15	2.89388e-16	3.95991e-17	5.29384e-18	6.92226e-19	8.86324e-20	1.11241e-20	1.37013e-21	1.65878e-22	1.98106e-23	2.3597e-24	2.91504e-25	4.30406e-26	1.18187e-26	
N22	2.09508e-12	1.87299e-09	3.74069e-07	2.5517e-05	0.000718553	0.00924218	0.0575088	0.179545	0.291275	0.259534	0.138543	0.0486865	0.0122005	0.00232048	0.000351364	4.39414e-05	4.67056e-06	4.31603e-07	3.5312e-08	2.5961e-09	1.73617e-10	1.067e-11	6.07827e-13	3.23308e-14	1.61588e-15	7.62986e-17	3.4198e-18	1.46106e-19	5.97184e-21	2.34279e-22	8.84712e-24	3.22432e-25	1.13672e-26	3.88475e-28	1.28941e-29	4.16376e-31	1.3102e-32	4.02317e-34	1.20715e-35	3.54382e-37	1.01929e-38	2.87836e-40	8.02052e-42	2.24318e-43	6.77229e-45	3.60567e-46	
N23	1.67042e-25	1.66485e-20	3.13263e-16	1.66592e-12	2.95753e-09	1.87348e-06	0.000420634	0.0303099	0.517282	0.426474	0.0249512	0.000554414	6.74816e-06	5.34918e-08	3.0564e-10	1.34546e-12	4.78201e-15	1.4205e-17	3.62106e-20	8.08718e-23	1.60897e-25	2.89056e-28	4.74218e-31	7.17184e-34	1.00788e-36	1.32519e-39	1.63983e-42	1.91955e-45	2.13513e-48	2.26563e-51	2.3015e-54	2.24511e-57	2.10899e-60	1.91251e-63	1.67804e-66	1.4274e-69	1.17934e-72	9.47986e-76	7.4251e-79	5.67474e-82	4.2373e-85	3.09493e-88	2.21403e-91	1.55608e-94	1.09991e-97	1.04815e-100	
L_corymbulosum	0	0	0	0	0	0	0	0	1	0	0	0	0	0	0	0	0	0	0	0	0	0	0	0	0	0	0	0	0	0	0	0	0	0	0	0	0	0	0	0	0	0	0	0	0	0	
L_trigynum	0	0	0	0	0	0	0	0	0	1	0	0	0	0	0	0	0	0	0	0	0	0	0	0	0	0	0	0	0	0	0	0	0	0	0	0	0	0	0	0	0	0	0	0	0	0	
L_tenue1	0	0	0	0	0	0	0	0	0	1	0	0	0	0	0	0	0	0	0	0	0	0	0	0	0	0	0	0	0	0	0	0	0	0	0	0	0	0	0	0	0	0	0	0	0	0	
L_maritimum	0	0	0	0	0	0	0	0	0	1	0	0	0	0	0	0	0	0	0	0	0	0	0	0	0	0	0	0	0	0	0	0	0	0	0	0	0	0	0	0	0	0	0	0	0	0	
L_catharticum	0	0	0	0	0	0	0	1	0	0	0	0	0	0	0	0	0	0	0	0	0	0	0	0	0	0	0	0	0	0	0	0	0	0	0	0	0	0	0	0	0	0	0	0	0	0	
N24	2.28176e-05	0.000426808	0.00316075	0.0132312	0.0367385	0.074284	0.116355	0.147556	0.156594	0.142682	0.113911	0.0810064	0.0520109	0.0304915	0.0164771	0.00827354	0.00388685	0.00171862	0.000718919	0.000285798	0.000108403	3.93688e-05	1.37325e-05	4.6136e-06	1.49662e-06	4.69832e-07	1.43026e-07	4.22987e-08	1.21733e-08	3.41449e-09	9.34727e-10	2.5006e-10	6.54516e-11	1.67799e-11	4.21793e-12	1.04059e-12	2.52212e-13	6.01231e-14	1.41175e-14	3.27323e-15	7.52971e-16	1.73658e-16	4.1131e-17	1.05849e-17	3.36519e-18	1.69466e-18	
N25	2.43334e-11	5.83887e-09	4.03038e-07	1.18698e-05	0.000179489	0.00156046	0.00844339	0.0302133	0.0751103	0.135225	0.182729	0.19119	0.159165	0.107963	0.0609223	0.0291228	0.0119821	0.00430232	0.00136467	0.000386497	9.86629e-05	2.2891e-05	4.86282e-06	9.52093e-07	1.72818e-07	2.92348e-08	4.63094e-09	6.89841e-10	9.70099e-11	1.29238e-11	1.63629e-12	1.97463e-13	2.27731e-14	2.51612e-15	2.66924e-16	2.72452e-17	2.68086e-18	2.54754e-19	2.34205e-20	2.08704e-21	1.80755e-22	1.52974e-23	1.28281e-24	1.10899e-25	1.10709e-26	1.87967e-27	
N26	1.45282e-13	1.13105e-10	1.9229e-08	1.14706e-06	3.04498e-05	0.000417277	0.00327263	0.0158613	0.0504507	0.110603	0.174141	0.203959	0.1832	0.129595	0.073896	0.0346644	0.0136194	0.00455292	0.00131317	0.000330817	7.35902e-05	1.45956e-05	2.60337e-06	4.20837e-07	6.20802e-08	8.40919e-09	1.05184e-09	1.22108e-10	1.3217e-11	1.33946e-12	1.27584e-13	1.14616e-14	9.74231e-16	7.85828e-17	6.03134e-18	4.41576e-19	3.09105e-20	2.07321e-21	1.33501e-22	8.26884e-24	4.93533e-25	2.8447e-26	1.59043e-27	8.78328e-29	5.31307e-30	6.20849e-31	
N27	6.84982e-18	2.34154e-14	1.54079e-11	3.08866e-09	2.39339e-07	8.39432e-06	0.000149732	0.00148829	0.00887747	0.0337895	0.0864039	0.155053	0.202659	0.199181	0.151315	0.0910006	0.0442382	0.0177047	0.00592821	0.00168463	0.00041148	8.73724e-05	1.62926e-05	2.6925e-06	3.97593e-07	5.28524e-08	6.36734e-09	6.9948e-10	7.04589e-11	6.5411e-12	5.62266e-13	4.49434e-14	3.35374e-15	2.34478e-16	1.54112e-17	9.55152e-19	5.59826e-20	3.11124e-21	1.64358e-22	8.27262e-24	3.97659e-25	1.83079e-26	8.11789e-28	3.53088e-29	1.64365e-30	1.39451e-31	
N28	3.79802e-22	1.38421e-18	1.14548e-15	3.33494e-13	4.23348e-11	2.68386e-09	9.3715e-08	1.94504e-06	2.55209e-05	0.000222747	0.00134938	0.00588041	0.0190049	0.0467605	0.0896026	0.136411	0.167935	0.169841	0.143126	0.101798	0.0618276	0.0324092	0.0148058	0.00594772	0.00211831	0.000673947	0.000192874	4.99698e-05	1.17894e-05	2.54673e-06	5.0625e-07	9.30367e-08	1.5875e-08	2.52507e-09	3.75778e-10	5.25022e-11	6.90866e-12	8.58762e-13	1.0112e-13	1.13107e-14	1.20557e-15	1.23043e-16	1.21647e-17	1.20782e-18	1.36549e-19	2.76254e-20	
C_selaginoides	0	0	0	0	0	0	0	0	0	0	0	0	0	0	0	0	0	1	0	0	0	0	0	0	0	0	0	0	0	0	0	0	0	0	0	0	0	0	0	0	0	0	0	0	0	0	
N29	2.37697e-32	3.74431e-28	1.33769e-24	1.67706e-21	9.11927e-19	2.4527e-16	3.57802e-14	3.03533e-12	1.58212e-10	5.29879e-09	1.18339e-07	1.81834e-06	1.97451e-05	0.000155106	0.000899928	0.00392972	0.0131401	0.0341909	0.0702859	0.115787	0.154926	0.170513	0.156211	0.120451	0.0789862	0.0444748	0.0216962	0.00924616	0.00346889	0.0011539	0.000342592	9.1346e-05	2.19988e-05	4.81102e-06	9.60286e-07	1.75784e-07	2.96488e-08	4.62939e-09	6.72508e-10	9.14132e-11	1.17098e-11	1.42716e-12	1.67795e-13	1.94971e-14	2.42143e-15	4.87058e-16	
L_littorale	0	0	0	0	0	0	0	0	0	0	0	0	0	0	0	0	0	0	0	0	0	0	0	0	0	0	0	0	0	0	0	0	0	0	0	1	0	0	0	0	0	0	0	0	0	0	
N30	1.55079e-39	8.85996e-35	1.14403e-30	5.13879e-27	9.8539e-24	9.11786e-21	4.41968e-18	1.19062e-15	1.86409e-13	1.75701e-11	1.02612e-09	3.80456e-08	9.14938e-07	1.45537e-05	0.000156021	0.00114832	0.0059123	0.0217057	0.0579331	0.114605	0.171241	0.196795	0.176961	0.126524	0.0730102	0.034475	0.0134916	0.00442758	0.00123172	0.000293386	6.03896e-05	1.0834e-05	1.7075e-06	2.38159e-07	2.95984e-08	3.29855e-09	3.31584e-10	3.02322e-11	2.51294e-12	1.91344e-13	1.34073e-14	8.68475e-16	5.23339e-17	2.98815e-18	1.78561e-19	1.98327e-20	
N31	4.63112e-45	5.59184e-40	1.53622e-35	1.47393e-31	6.04113e-28	1.19121e-24	1.22174e-21	6.88437e-19	2.21866e-16	4.21683e-14	4.84312e-12	3.4299e-10	1.52451e-08	4.32334e-07	7.95165e-06	9.65057e-05	0.000787692	0.0044159	0.0173966	0.0493118	0.102927	0.161675	0.19494	0.183669	0.137381	0.0827346	0.0406221	0.0164448	0.00554493	0.00157176	0.000377765	7.7603e-05	1.37292e-05	2.10701e-06	2.82463e-07	3.33003e-08	3.47495e-09	3.22993e-10	2.69052e-11	2.02068e-12	1.37691e-13	8.57744e-15	4.944e-16	2.70774e-17	1.53578e-18	1.46217e-19	
L_macraei	0	0	0	0	0	0	0	0	0	0	0	0	0	0	0	0	0	0	0	0	0	0	0	0	0	0	0	0	0	0	0	0	0	0	0	1	0	0	0	0	0	0	0	0	0	0	
L_prostratum	0	0	0	0	0	0	0	0	0	0	0	0	0	0	0	0	0	1	0	0	0	0	0	0	0	0	0	0	0	0	0	0	0	0	0	0	0	0	0	0	0	0	0	0	0	0	
L_oligophyllum	0	0	0	0	0	0	0	0	0	0	0	0	0	0	0	0	0	1	0	0	0	0	0	0	0	0	0	0	0	0	0	0	0	0	0	0	0	0	0	0	0	0	0	0	0	0	
N32	1.40355e-16	2.77448e-13	1.17434e-10	1.65496e-08	9.6581e-07	2.68192e-05	0.000392027	0.00326637	0.0165686	0.0541142	0.119442	0.18583	0.211419	0.181634	0.121191	0.0643648	0.0278028	0.00995429	0.0030036	0.000775106	0.000173303	3.39605e-05	5.89272e-06	9.13689e-07	1.27636e-07	1.61817e-08	1.87424e-09	1.99511e-10	1.96241e-11	1.79237e-12	1.52692e-13	1.21823e-14	9.13646e-16	6.46325e-17	4.32623e-18	2.74797e-19	1.66079e-20	9.57398e-22	5.27645e-23	2.78614e-24	1.41258e-25	6.89476e-27	3.25701e-28	1.51663e-29	7.62371e-31	7.10253e-32	
N33	7.98306e-17	1.56964e-13	6.70267e-11	9.64491e-09	5.80509e-07	1.67641e-05	0.000256632	0.00225298	0.0121077	0.0421134	0.0994908	0.166499	0.204768	0.19111	0.139211	0.0811155	0.0386297	0.0153221	0.00514624	0.00148517	0.000373051	8.24931e-05	1.62226e-05	2.86278e-06	4.57002e-07	6.64727e-08	8.86698e-09	1.09107e-09	1.245e-10	1.32373e-11	1.31715e-12	1.23138e-13	1.08554e-14	9.05394e-16	7.16612e-17	5.39761e-18	3.87892e-19	2.66591e-20	1.75618e-21	1.11119e-22	6.76746e-24	3.97806e-25	2.27088e-26	1.2877e-27	8.05412e-29	9.35644e-30	
L_kingii	0	0	0	0	0	0	0	0	0	0	0	0	1	0	0	0	0	0	0	0	0	0	0	0	0	0	0	0	0	0	0	0	0	0	0	0	0	0	0	0	0	0	0	0	0	0	
N34	6.27514e-19	1.5674e-15	8.85852e-13	1.75349e-10	1.50302e-08	6.36527e-07	1.46174e-05	0.000195441	0.00161126	0.00859366	0.0309029	0.0776983	0.141101	0.1906	0.196703	0.158926	0.102784	0.0542954	0.0238576	0.00886435	0.00282635	0.000783609	0.00019116	4.14676e-05	8.07484e-06	1.42347e-06	2.28896e-07	3.38036e-08	4.61295e-09	5.84899e-10	6.92522e-11	7.69123e-12	8.04536e-13	7.9561e-14	7.46337e-15	6.66187e-16	5.67438e-17	4.62417e-18	3.61398e-19	2.71479e-20	1.96429e-21	1.37218e-22	9.29786e-24	6.23461e-25	4.63491e-26	6.7306e-27	
L_rupestre	0	0	0	0	0	0	0	0	0	0	0	0	0	0	0	0	0	1	0	0	0	0	0	0	0	0	0	0	0	0	0	0	0	0	0	0	0	0	0	0	0	0	0	0	0	0	
L_vernale	0	0	0	0	0	0	0	0	0	0	0	0	0	0	1	0	0	0	0	0	0	0	0	0	0	0	0	0	0	0	0	0	0	0	0	0	0	0	0	0	0	0	0	0	0	0	
L_striatum	0	0	0	0	0	0	0	0	1	0	0	0	0	0	0	0	0	0	0	0	0	0	0	0	0	0	0	0	0	0	0	0	0	0	0	0	0	0	0	0	0	0	0	0	0	0	
N35	1.22453e-10	3.07464e-08	1.92389e-06	4.72059e-05	0.000569496	0.00389445	0.0166755	0.0481441	0.0992552	0.152959	0.182884	0.174951	0.137391	0.0905154	0.0509593	0.0249071	0.0107137	0.00410397	0.00141446	0.000442606	0.000126748	3.34517e-05	8.18763e-06	1.86889e-06	3.99816e-07	8.05258e-08	1.53307e-08	2.76904e-09	4.76074e-10	7.81459e-11	1.22806e-11	1.85225e-12	2.68754e-13	3.75922e-14	5.07899e-15	6.64009e-16	8.41419e-17	1.03508e-17	1.23797e-18	1.44186e-19	1.63882e-20	1.8251e-21	2.01343e-22	2.28139e-23	3.03152e-24	7.44386e-25	
He_micranthum	0	0	0	0	0	0	0	0	0	0	0	0	0	0	0	0	0	1	0	0	0	0	0	0	0	0	0	0	0	0	0	0	0	0	0	0	0	0	0	0	0	0	0	0	0	0	
S_digynum	0	0	0	0	0	1	0	0	0	0	0	0	0	0	0	0	0	0	0	0	0	0	0	0	0	0	0	0	0	0	0	0	0	0	0	0	0	0	0	0	0	0	0	0	0	0	
N36	2.25908e-21	1.10921e-17	1.26345e-14	5.10974e-12	8.93296e-10	7.5572e-08	3.3228e-06	7.96822e-05	0.00107919	0.00848999	0.0398181	0.114429	0.207847	0.247118	0.199713	0.113996	0.0476804	0.0151175	0.00374527	0.000744603	0.000121587	1.66386e-05	1.94172e-06	1.96187e-07	1.73897e-08	1.36787e-09	9.64525e-11	6.15107e-12	3.57574e-13	1.90804e-14	9.40394e-16	4.30474e-17	1.83935e-18	7.36913e-20	2.7795e-21	9.90638e-23	3.3475e-24	1.07577e-25	3.29719e-27	9.66463e-29	2.71718e-30	7.35771e-32	1.93597e-33	5.08055e-35	1.45634e-36	6.79907e-38	
N37	9.78009e-25	2.12311e-20	8.58667e-17	1.01311e-13	4.33869e-11	7.70374e-09	6.20636e-07	2.42285e-05	0.000482462	0.00511653	0.0300546	0.101616	0.205725	0.25989	0.213703	0.119262	0.0470048	0.0135716	0.00296655	0.000505412	6.88486e-05	7.66788e-06	7.11906e-07	5.60403e-08	3.79621e-09	2.24192e-10	1.16758e-11	5.41671e-13	2.25874e-14	8.53386e-16	2.94216e-17	9.31546e-19	2.7243e-20	7.39724e-22	1.87364e-23	4.44588e-25	9.92123e-27	2.08954e-28	4.16697e-30	7.89181e-32	1.4234e-33	2.45167e-35	4.04627e-37	6.45674e-39	1.05405e-40	2.99967e-42	
N38	1.49161e-25	3.23566e-21	1.43363e-17	1.97491e-14	1.02692e-11	2.25657e-09	2.25775e-07	1.086e-05	0.000262329	0.00330645	0.0225545	0.0864056	0.193305	0.263275	0.228048	0.13132	0.0524742	0.0151414	0.00327015	0.000545633	7.23051e-05	7.79461e-06	6.97924e-07	5.28501e-08	3.4381e-09	1.94791e-10	9.72736e-12	4.32685e-13	1.73035e-14	6.2727e-16	2.07642e-17	6.31766e-19	1.77714e-20	4.64625e-22	1.13439e-23	2.59761e-25	5.60059e-27	1.14101e-28	2.2037e-30	4.04685e-32	7.08552e-34	1.18583e-35	1.90213e-37	2.94229e-39	4.60022e-41	1.24025e-42	
N39	4.00133e-31	2.09535e-26	2.35291e-22	8.63656e-19	1.25751e-15	8.10489e-13	2.47364e-10	3.72928e-08	2.84815e-06	0.000111539	0.00224138	0.0228688	0.11592	0.283358	0.326483	0.181972	0.055324	0.0103063	0.00128874	0.000115879	7.89558e-06	4.24538e-07	1.85999e-08	6.813e-10	2.13072e-11	5.78933e-13	1.38669e-14	2.96448e-16	5.71647e-18	1.00341e-19	1.61603e-21	2.40466e-23	3.32619e-25	4.30016e-27	5.22106e-29	5.9792e-31	6.48364e-33	6.68042e-35	6.561e-37	6.15978e-39	5.54274e-41	4.79171e-43	3.98902e-45	3.20975e-47	2.56832e-49	3.30707e-51	
L_acuticarpum	0	0	0	0	0	0	0	0	0	0	0	0	0	0	1	0	0	0	0	0	0	0	0	0	0	0	0	0	0	0	0	0	0	0	0	0	0	0	0	0	0	0	0	0	0	0	
L_gracile	0	0	0	0	0	0	0	0	0	0	0	0	0	0	1	0	0	0	0	0	0	0	0	0	0	0	0	0	0	0	0	0	0	0	0	0	0	0	0	0	0	0	0	0	0	0	
L_heterostylum	0	0	0	0	0	0	0	0	0	0	0	0	0	0	1	0	0	0	0	0	0	0	0	0	0	0	0	0	0	0	0	0	0	0	0	0	0	0	0	0	0	0	0	0	0	0	
L_africanum	0	0	0	0	0	0	0	0	0	0	0	0	0	0	1	0	0	0	0	0	0	0	0	0	0	0	0	0	0	0	0	0	0	0	0	0	0	0	0	0	0	0	0	0	0	0	
L_comptonii	0	0	0	0	0	0	0	0	0	0	0	0	0	0	1	0	0	0	0	0	0	0	0	0	0	0	0	0	0	0	0	0	0	0	0	0	0	0	0	0	0	0	0	0	0	0	
Ra_linoides	0	0	0	0	0	0	0	0	1	0	0	0	0	0	0	0	0	0	0	0	0	0	0	0	0	0	0	0	0	0	0	0	0	0	0	0	0	0	0	0	0	0	0	0	0	0	
N40	0.0942705	0.173985	0.197833	0.176281	0.134541	0.0919928	0.0578653	0.0340671	0.0189977	0.0101225	0.00518738	0.00256973	0.00123554	0.000578467	0.000264431	0.000118286	5.18754e-05	2.23406e-05	9.46108e-06	3.94477e-06	1.62106e-06	6.57169e-07	2.63039e-07	1.04028e-07	4.0678e-08	1.57367e-08	6.02632e-09	2.2856e-09	8.58945e-10	3.19997e-10	1.18231e-10	4.33433e-11	1.57732e-11	5.70115e-12	2.04802e-12	7.31844e-13	2.60467e-13	9.25016e-14	3.28774e-14	1.17528e-14	4.26165e-15	1.5917e-15	6.29798e-16	2.77787e-16	1.48504e-16	1.06968e-16	
N41	0.0539346	0.124267	0.169318	0.175829	0.15319	0.117635	0.0820012	0.0529057	0.0320244	0.0183691	0.0100605	0.00529233	0.00268682	0.00132151	0.000631741	0.000294313	0.000133929	5.96465e-05	2.60422e-05	1.11634e-05	4.70438e-06	1.95119e-06	7.97316e-07	3.2129e-07	1.27779e-07	5.01936e-08	1.94879e-08	7.48327e-09	2.84378e-09	1.07013e-09	3.99006e-10	1.475e-10	5.40966e-11	1.96995e-11	7.12948e-12	2.5674e-12	9.2138e-13	3.30231e-13	1.18559e-13	4.28285e-14	1.56788e-14	5.88918e-15	2.3231e-15	1.00713e-15	5.21858e-16	3.65429e-16	
N42	0.00663364	0.0307007	0.0721006	0.116478	0.146534	0.153455	0.139385	0.112882	0.0831241	0.0564729	0.0357945	0.0213539	0.0120752	0.00651004	0.00336232	0.00167041	0.000801009	0.000371853	0.000167551	7.34412e-05	3.13773e-05	1.30899e-05	5.34049e-06	2.13384e-06	8.36032e-07	3.2156e-07	1.21542e-07	4.51884e-08	1.654e-08	5.96479e-09	2.12091e-09	7.44059e-10	2.57706e-10	8.81731e-11	2.98194e-11	9.97445e-12	3.30252e-12	1.08358e-12	3.5301e-13	1.1462e-13	3.73782e-14	1.24384e-14	4.36189e-15	1.71349e-15	8.3405e-16	5.70109e-16	
N43	0.000755894	0.00565446	0.020026	0.0463554	0.0803208	0.112249	0.132586	0.136646	0.125724	0.105051	0.0807784	0.0577627	0.038738	0.024535	0.014761	0.00847721	0.00466674	0.0024715	0.00126315	0.000624716	0.000299703	0.000139768	6.34838e-05	2.81315e-05	1.21805e-05	5.16038e-06	2.14184e-06	8.7193e-07	3.48512e-07	1.36903e-07	5.28999e-08	2.01235e-08	7.54232e-09	2.78736e-09	1.01651e-09	3.66147e-10	1.30409e-10	4.60009e-11	1.61127e-11	5.62991e-12	1.97913e-12	7.11464e-13	2.6975e-13	1.14117e-13	5.90042e-14	4.17345e-14	
N44	4.68034e-10	1.56459e-07	1.41291e-05	0.000487126	0.00736439	0.0520315	0.176984	0.297744	0.264369	0.138562	0.0478868	0.0118965	0.00226485	0.000346524	4.417e-05	4.82261e-06	4.60978e-07	3.9256e-08	3.0208e-09	2.1252e-10	1.38028e-11	8.34414e-13	4.72791e-14	2.52596e-15	1.27907e-16	6.16632e-18	2.84139e-19	1.25579e-20	5.33975e-22	2.19043e-23	8.68985e-25	3.34141e-26	1.24784e-27	4.53427e-29	1.60596e-30	5.55372e-32	1.87857e-33	6.22769e-35	2.02844e-36	6.51343e-38	2.07218e-39	6.58075e-41	2.11002e-42	6.95861e-44	2.47796e-45	1.30534e-46	
N45	4.77363e-14	1.774e-10	1.1811e-07	2.10595e-05	0.00118519	0.0225981	0.149681	0.35187	0.316655	0.127181	0.0270141	0.00347505	0.000299253	1.85741e-05	8.78294e-07	3.30122e-08	1.01959e-09	2.65683e-11	5.9671e-13	1.17552e-14	2.06099e-16	3.25541e-18	4.68075e-20	6.18085e-22	7.55301e-24	8.59821e-26	9.17128e-28	9.21291e-30	8.75517e-32	7.90264e-34	6.79938e-36	5.59433e-38	4.41428e-40	3.34916e-42	2.44908e-44	1.7298e-46	1.18242e-48	7.83632e-51	5.04369e-53	3.15762e-55	1.92572e-57	1.14574e-59	6.66267e-62	3.80971e-64	2.24775e-66	2.15803e-68	
N46	2.14216e-16	3.52139e-12	8.10965e-09	3.88725e-06	0.000459653	0.0146537	0.133242	0.366666	0.338126	0.123285	0.0213829	0.00205276	0.00012232	4.9301e-06	1.43454e-07	3.16884e-09	5.52799e-11	7.85959e-13	9.34316e-15	9.48336e-17	8.3634e-19	6.50317e-21	4.51432e-23	2.82756e-25	1.61278e-27	8.44405e-30	4.08671e-32	1.83955e-34	7.74335e-37	3.06282e-39	1.14332e-41	4.04342e-44	1.3595e-46	4.35941e-49	1.33702e-51	3.93224e-54	1.11164e-56	3.0273e-59	7.95758e-62	2.02273e-64	4.98036e-67	1.18968e-69	2.7611e-72	6.2354e-75	1.38193e-77	4.30687e-80	
N47	3.13601e-16	3.36096e-12	6.02715e-09	2.62314e-06	0.000316891	0.0111195	0.114708	0.355617	0.356393	0.135225	0.0240758	0.00238615	0.000149073	6.42497e-06	2.04202e-07	5.0329e-09	9.99996e-11	1.65139e-12	2.32257e-14	2.83767e-16	3.06137e-18	2.95619e-20	2.58453e-22	2.06579e-24	1.5222e-26	1.04152e-28	6.65881e-31	3.99984e-33	2.26833e-35	1.21968e-37	6.24196e-40	3.05075e-42	1.42834e-44	6.42384e-47	2.78212e-49	1.16295e-51	4.70151e-54	1.84174e-56	7.00287e-59	2.58863e-61	9.31627e-64	3.26869e-66	1.11951e-68	3.75049e-71	1.25128e-73	6.21747e-76	
N48	1.94778e-18	4.0018e-14	1.41748e-10	1.25965e-07	3.21154e-05	0.00243201	0.0533683	0.317119	0.458295	0.149054	0.0184835	0.00116969	4.49444e-05	1.17336e-06	2.24867e-08	3.34453e-10	4.02435e-12	4.04433e-14	3.4806e-16	2.61709e-18	1.74753e-20	1.0503e-22	5.74608e-25	2.88883e-27	1.3455e-29	5.84623e-32	2.3841e-34	9.17302e-37	3.3454e-39	1.16119e-41	3.84989e-44	1.22317e-46	3.7349e-49	1.09888e-51	3.12262e-54	8.58841e-57	2.29071e-59	5.93546e-62	1.49647e-64	3.67666e-67	8.81451e-70	2.06465e-72	4.73046e-75	1.06148e-77	2.35401e-80	7.42289e-83	
N49	1.25747e-22	1.10391e-17	1.65107e-13	6.07969e-10	6.22452e-07	0.000179184	0.0135209	0.228305	0.629648	0.121542	0.00663901	0.000162769	2.26317e-06	2.05242e-08	1.33064e-10	6.5752e-13	2.59472e-15	8.47061e-18	2.35099e-20	5.669e-23	1.20858e-25	2.3109e-28	4.01047e-31	6.38065e-34	9.38602e-37	1.28589e-39	1.65108e-42	1.99777e-45	2.28884e-48	2.49352e-51	2.59275e-54	2.58166e-57	2.469e-60	2.27398e-63	2.02181e-66	1.7391e-69	1.4501e-72	1.1742e-75	9.24849e-79	7.09633e-82	5.31168e-85	3.88343e-88	2.77647e-91	1.94332e-94	1.3362e-97	1.16973e-100	
N50	1.0973e-27	4.52986e-22	3.24086e-17	5.80181e-13	2.92178e-09	4.12941e-06	0.00147343	0.103583	0.829251	0.064584	0.00109744	7.62948e-06	2.88769e-08	6.99107e-11	1.19874e-13	1.56024e-16	1.61986e-19	1.39192e-22	1.0183e-25	6.48501e-29	3.65968e-32	1.85679e-35	8.57171e-39	3.63667e-42	1.43003e-45	5.24963e-49	1.81031e-52	5.89596e-56	1.82213e-59	5.36563e-63	1.51099e-66	4.08236e-70	1.06126e-73	2.66144e-77	6.45365e-81	1.51636e-84	3.45883e-88	7.67254e-92	1.65773e-95	3.49364e-99	7.19123e-103	1.44748e-106	2.85229e-110	5.50791e-114	1.04396e-117	2.30725e-121	
L_alpinum	0	0	0	0	0	0	0	0	1	0	0	0	0	0	0	0	0	0	0	0	0	0	0	0	0	0	0	0	0	0	0	0	0	0	0	0	0	0	0	0	0	0	0	0	0	0	
L_punctatum1	0	0	0	0	0	0	0	0	1	0	0	0	0	0	0	0	0	0	0	0	0	0	0	0	0	0	0	0	0	0	0	0	0	0	0	0	0	0	0	0	0	0	0	0	0	0	
L_perenne	0	0	0	0	0	0	0	0	1	0	0	0	0	0	0	0	0	0	0	0	0	0	0	0	0	0	0	0	0	0	0	0	0	0	0	0	0	0	0	0	0	0	0	0	0	0	
L_lewisii	0	0	0	0	0	0	0	0	1	0	0	0	0	0	0	0	0	0	0	0	0	0	0	0	0	0	0	0	0	0	0	0	0	0	0	0	0	0	0	0	0	0	0	0	0	0	
L_leonii	0	0	0	0	0	0	0	0	1	0	0	0	0	0	0	0	0	0	0	0	0	0	0	0	0	0	0	0	0	0	0	0	0	0	0	0	0	0	0	0	0	0	0	0	0	0	
N51	3.27253e-15	1.88939e-11	1.95189e-08	5.30743e-06	0.000441546	0.0119471	0.107394	0.326736	0.355931	0.157858	0.0347982	0.00448449	0.000380028	2.30453e-05	1.06386e-06	3.91599e-08	1.19086e-09	3.07601e-11	6.89935e-13	1.36796e-14	2.43297e-16	3.92899e-18	5.82016e-20	7.97728e-22	1.01918e-23	1.22151e-25	1.38099e-27	1.47991e-29	1.50966e-31	1.47147e-33	1.37501e-35	1.23547e-37	1.07027e-39	8.96042e-42	7.26581e-44	5.71758e-46	4.37411e-48	3.25855e-50	2.36735e-52	1.67957e-54	1.16514e-56	7.91234e-59	5.26567e-61	3.44008e-63	2.25051e-65	2.36164e-67	
L_austr_mauritanicum	0	0	0	0	0	0	0	0	1	0	0	0	0	0	0	0	0	0	0	0	0	0	0	0	0	0	0	0	0	0	0	0	0	0	0	0	0	0	0	0	0	0	0	0	0	0	
L_austriacum	0	0	0	0	0	0	0	0	1	0	0	0	0	0	0	0	0	0	0	0	0	0	0	0	0	0	0	0	0	0	0	0	0	0	0	0	0	0	0	0	0	0	0	0	0	0	
L_pallescens	0	0	0	0	0	0	0	0	1	0	0	0	0	0	0	0	0	0	0	0	0	0	0	0	0	0	0	0	0	0	0	0	0	0	0	0	0	0	0	0	0	0	0	0	0	0	
L_pycnophyllum	0	0	0	0	0	0	0	0	1	0	0	0	0	0	0	0	0	0	0	0	0	0	0	0	0	0	0	0	0	0	0	0	0	0	0	0	0	0	0	0	0	0	0	0	0	0	
N52	1.23383e-15	5.05387e-13	6.70316e-11	4.13886e-09	1.4009e-07	2.85818e-06	3.7418e-05	0.000328678	0.00200414	0.00871922	0.0277092	0.0657032	0.118598	0.166179	0.184266	0.164771	0.121012	0.0742767	0.0387288	0.0174144	0.00684588	0.0023822	0.000741954	0.000208898	5.36402e-05	1.26608e-05	2.7662e-06	5.62949e-07	1.07309e-07	1.92551e-08	3.26691e-09	5.26201e-10	8.07541e-11	1.18469e-11	1.66641e-12	2.25381e-13	2.93889e-14	3.70487e-15	4.52904e-16	5.38918e-17	6.27515e-18	7.2086e-19	8.28188e-20	9.78361e-21	1.30113e-21	2.93943e-22	
L_aroanium1	0	0	0	0	0	0	0	0	0	0	0	0	0	0	0	0	0	1	0	0	0	0	0	0	0	0	0	0	0	0	0	0	0	0	0	0	0	0	0	0	0	0	0	0	0	0	
L_nervosum	0	0	0	0	0	0	0	0	0	0	0	0	0	0	1	0	0	0	0	0	0	0	0	0	0	0	0	0	0	0	0	0	0	0	0	0	0	0	0	0	0	0	0	0	0	0	
N53	0.000107284	0.00143084	0.00786876	0.0255072	0.0571262	0.0967884	0.131525	0.14927	0.145725	0.125134	0.0961683	0.0670663	0.0429199	0.0254395	0.0140736	0.0073146	0.00359156	0.00167407	0.000743836	0.000316217	0.000129033	5.0683e-05	1.92123e-05	7.04439e-06	2.5035e-06	8.63964e-07	2.90015e-07	9.48392e-08	3.02556e-08	9.42821e-09	2.87324e-09	8.57248e-10	2.50652e-10	7.18906e-11	2.02441e-11	5.60174e-12	1.52453e-12	4.08493e-13	1.07922e-13	2.81857e-14	7.31572e-15	1.91002e-15	5.159e-16	1.53613e-16	5.73858e-17	3.29284e-17	
N54	1.50239e-05	0.000291158	0.0021856	0.0092768	0.0263788	0.0553785	0.091392	0.123847	0.142268	0.141924	0.125288	0.0993573	0.0716531	0.0474684	0.029133	0.0166837	0.00896997	0.00455182	0.00219017	0.0010033	0.000439127	0.00018422	7.42845e-05	2.88652e-05	1.08333e-05	3.93503e-06	1.38598e-06	4.74159e-07	1.57808e-07	5.11678e-08	1.61844e-08	4.9999e-09	1.51038e-09	4.46627e-10	1.29419e-10	3.6789e-11	1.02718e-11	2.82142e-12	7.64184e-13	2.04887e-13	5.47563e-14	1.47787e-14	4.13157e-15	1.25839e-15	4.63833e-16	2.54683e-16	
N55	6.64003e-09	4.04681e-07	8.3872e-06	8.83935e-05	0.000570741	0.00251981	0.00818098	0.0205698	0.041631	0.0698772	0.0996049	0.122914	0.133407	0.129055	0.11253	0.0892946	0.0650204	0.0437594	0.0273927	0.0160382	0.0088263	0.00458576	0.00225821	0.00105772	0.000472736	0.000202192	8.29743e-05	3.27491e-05	1.2459e-05	4.57788e-06	1.62759e-06	5.60871e-07	1.8763e-07	6.1024e-08	1.93222e-08	5.96406e-09	1.79696e-09	5.29284e-10	1.52695e-10	4.32791e-11	1.21224e-11	3.39764e-12	9.79889e-13	3.09317e-13	1.21035e-13	7.13082e-14	
N56	5.90515e-33	1.61726e-28	1.18123e-24	3.44193e-21	4.78969e-18	3.51299e-15	1.43787e-12	3.38818e-10	4.65108e-08	3.69949e-06	0.000166503	0.00404583	0.0489446	0.256817	0.459444	0.193221	0.0338384	0.00329805	0.000209958	9.63503e-06	3.40386e-07	9.6978e-09	2.30599e-10	4.69788e-12	8.37006e-14	1.32583e-15	1.89242e-17	2.46123e-19	2.94409e-21	3.26482e-23	3.37933e-25	3.28413e-27	3.01202e-29	2.61881e-31	2.16718e-33	1.71315e-35	1.2979e-37	9.45385e-40	6.64219e-42	4.51848e-44	2.99133e-46	1.94233e-48	1.25295e-50	8.19698e-53	5.60749e-55	4.91788e-57	
L_bienne	0	0	0	0	0	0	0	0	0	0	0	0	0	0	1	0	0	0	0	0	0	0	0	0	0	0	0	0	0	0	0	0	0	0	0	0	0	0	0	0	0	0	0	0	0	0	
L_usitatissimum	0	0	0	0	0	0	0	0	0	0	0	0	0	0	1	0	0	0	0	0	0	0	0	0	0	0	0	0	0	0	0	0	0	0	0	0	0	0	0	0	0	0	0	0	0	0	
L_hologynum	0	0	0	0	0	0	0	0	0	0	0	0	0	0	0	0	0	0	0	0	1	0	0	0	0	0	0	0	0	0	0	0	0	0	0	0	0	0	0	0	0	0	0	0	0	0	
L_narbonense	0	0	0	0	0	0	0	0	0	0	0	0	0	1	0	0	0	0	0	0	0	0	0	0	0	0	0	0	0	0	0	0	0	0	0	0	0	0	0	0	0	0	0	0	0	0	
N57	2.98324e-05	0.000754265	0.00639129	0.0273195	0.0714806	0.12858	0.171883	0.180508	0.155207	0.112774	0.0709814	0.0394717	0.0197047	0.0089471	0.00373543	0.00144711	0.000524213	0.000178738	5.76874e-05	1.77103e-05	5.19401e-06	1.46061e-06	3.95141e-07	1.03139e-07	2.60417e-08	6.37537e-09	1.51646e-09	3.51126e-10	7.92751e-11	1.74791e-11	3.76894e-12	7.95775e-13	1.64719e-13	3.34616e-14	6.67787e-15	1.3105e-15	2.53137e-16	4.81782e-17	9.04682e-18	1.67946e-18	3.09373e-19	5.69982e-20	1.07011e-20	2.14969e-21	5.28137e-22	2.18456e-22	
L_decumbens1	0	0	0	0	0	0	0	0	1	0	0	0	0	0	0	0	0	0	0	0	0	0	0	0	0	0	0	0	0	0	0	0	0	0	0	0	0	0	0	0	0	0	0	0	0	0	
L_grandiflorum	0	0	0	0	0	0	0	1	0	0	0	0	0	0	0	0	0	0	0	0	0	0	0	0	0	0	0	0	0	0	0	0	0	0	0	0	0	0	0	0	0	0	0	0	0	0	
L_stelleroides	0	0	0	0	0	0	0	0	1	0	0	0	0	0	0	0	0	0	0	0	0	0	0	0	0	0	0	0	0	0	0	0	0	0	0	0	0	0	0	0	0	0	0	0	0	0	
N58	0.00207726	0.017745	0.061338	0.124113	0.17384	0.185574	0.160573	0.117465	0.0748774	0.0425366	0.0219088	0.01037	0.00455963	0.0018788	0.000730762	0.000269924	9.51697e-05	3.21691e-05	1.04638e-05	3.286e-06	9.99087e-07	2.94837e-07	8.46376e-08	2.36809e-08	6.46919e-09	1.72823e-09	4.52134e-10	1.15987e-10	2.92101e-11	7.22956e-12	1.76027e-12	4.22029e-13	9.97246e-14	2.32464e-14	5.35086e-15	1.21755e-15	2.74238e-16	6.12527e-17	1.36012e-17	3.01384e-18	6.70402e-19	1.51193e-19	3.52079e-20	8.80078e-21	2.60427e-21	1.18184e-21	
N59	0.000157132	0.00350451	0.0245969	0.082497	0.162335	0.212802	0.202621	0.149074	0.0887115	0.0442064	0.018949	0.00713671	0.00240222	0.000732742	0.000204868	5.30058e-05	1.27934e-05	2.90019e-06	6.21142e-07	1.26321e-07	2.45016e-08	4.55011e-09	8.11766e-10	1.39549e-10	2.31778e-11	3.72825e-12	5.82042e-13	8.83609e-14	1.30672e-14	1.88541e-15	2.65804e-16	3.66624e-17	4.95342e-18	6.56293e-19	8.53576e-20	1.09081e-20	1.37088e-21	1.69575e-22	2.06635e-23	2.48302e-24	2.94745e-25	3.47078e-26	4.10529e-27	5.07949e-28	7.52899e-29	2.03678e-29	
N60	8.17129e-06	0.000462777	0.00675607	0.0399692	0.119862	0.210126	0.238665	0.190062	0.112922	0.0525759	0.0199466	0.00636094	0.00174813	0.000422459	9.12653e-05	1.78662e-05	3.20533e-06	5.32038e-07	8.23628e-08	1.19734e-08	1.6442e-09	2.1437e-10	2.66547e-11	3.17304e-12	3.62874e-13	3.99887e-14	4.25787e-15	4.39106e-16	4.3955e-17	4.27915e-18	4.05865e-19	3.75643e-20	3.39759e-21	3.00707e-22	2.60747e-23	2.2176e-24	1.85174e-25	1.51956e-26	1.22653e-27	9.74588e-29	7.62997e-30	5.89377e-31	4.51319e-32	3.50829e-33	3.138e-34	5.56096e-35	
L_hirsutum	0	0	0	0	0	0	0	1	0	0	0	0	0	0	0	0	0	0	0	0	0	0	0	0	0	0	0	0	0	0	0	0	0	0	0	0	0	0	0	0	0	0	0	0	0	0	
L_seljukorum	0	0	0	0	0	0	0	1	0	0	0	0	0	0	0	0	0	0	0	0	0	0	0	0	0	0	0	0	0	0	0	0	0	0	0	0	0	0	0	0	0	0	0	0	0	0	
L_viscosum	0	0	0	0	0	0	0	1	0	0	0	0	0	0	0	0	0	0	0	0	0	0	0	0	0	0	0	0	0	0	0	0	0	0	0	0	0	0	0	0	0	0	0	0	0	0	
L_pubescens	0	0	0	0	0	0	0	1	0	0	0	0	0	0	0	0	0	0	0	0	0	0	0	0	0	0	0	0	0	0	0	0	0	0	0	0	0	0	0	0	0	0	0	0	0	0	
Re_indica	0	0	0	0	0	0	0	0	0	0	1	0	0	0	0	0	0	0	0	0	0	0	0	0	0	0	0	0	0	0	0	0	0	0	0	0	0	0	0	0	0	0	0	0	0	0	
