NODE	1	2	3	4	5	6	7	8	9	10	11	12	13	14	15	16	17	18	19	20	21	22	23	24	25	26	27	28	29	30	31	32	33	34	35	36	37	38	39	40	41	42	43	44	45	46	
N1	0.230331	0.209576	0.175415	0.135858	0.0976236	0.0651206	0.0402963	0.0230972	0.0122409	0.00598682	0.00269713	0.00111737	0.00042505	0.000148282	4.73916e-05	1.38654e-05	3.71126e-06	9.08429e-07	2.03297e-07	4.15905e-08	7.77831e-09	1.33002e-09	2.07972e-10	2.97476e-11	3.89369e-12	4.66568e-13	6.71158e-17	2.12848e-17	6.4636e-18	1.88006e-18	5.23959e-19	1.39957e-19	3.58432e-20	8.80424e-21	2.07498e-21	4.69408e-22	1.0198e-22	2.12903e-23	4.27546e-24	8.27306e-25	1.54775e-25	2.81886e-26	5.06845e-27	9.24788e-28	1.81588e-28	4.95343e-29	
N2	0.163119	0.174082	0.167749	0.147253	0.118452	0.0876631	0.0598358	0.0377165	0.0219629	0.0118124	0.00586435	0.0026854	0.00113338	0.000440584	0.000157659	5.19108e-05	1.57226e-05	4.37969e-06	1.12202e-06	2.64378e-07	5.73045e-08	1.14289e-08	2.09803e-09	3.54639e-10	5.52236e-11	7.92562e-12	1.04887e-12	1.28044e-13	1.44234e-14	1.49919e-15	1.43752e-16	1.27086e-17	1.03509e-18	7.76037e-20	5.35223e-21	3.39572e-22	1.98504e-23	1.07518e-24	5.48227e-26	2.74067e-27	1.46442e-28	9.39774e-30	7.61074e-31	7.49431e-32	9.42432e-33	2.31095e-33	
N3	0.00983084	0.0155171	0.0273749	0.0473418	0.0750621	0.106051	0.131984	0.144004	0.137463	0.114701	0.0836379	0.0533017	0.0297006	0.0144804	0.00618301	0.00231489	0.000760981	0.000219993	5.60255e-05	1.25925e-05	2.50293e-06	4.4085e-07	6.89556e-08	9.59922e-09	1.19195e-09	1.32314e-10	1.31601e-11	1.1754e-12	9.44842e-14	6.85058e-15	4.48984e-16	2.66558e-17	1.43653e-18	7.04183e-20	3.14603e-21	1.28348e-22	4.79048e-24	1.63882e-25	5.14776e-27	1.48731e-28	3.95976e-30	9.73619e-32	2.22078e-33	4.7724e-35	1.04189e-36	3.95603e-38	
N4	0.00479482	0.00868946	0.017935	0.0357298	0.0642237	0.101033	0.136886	0.158275	0.155342	0.129019	0.0905336	0.0536423	0.0268428	0.0113531	0.00406376	0.00123314	0.000317875	6.97728e-05	1.30745e-05	2.09742e-06	2.88894e-07	3.42692e-08	3.51184e-09	3.1189e-10	2.40813e-11	1.62161e-12	9.55353e-14	4.93947e-15	2.24813e-16	9.03411e-18	3.21474e-19	1.01588e-20	2.85877e-22	7.18348e-24	1.61602e-25	3.26305e-27	5.92836e-29	9.71447e-31	1.43907e-32	1.9315e-34	2.35399e-36	2.61066e-38	2.64155e-40	2.45528e-42	2.19859e-44	3.17175e-46	
N5	0.00173435	0.00350543	0.00860448	0.0206434	0.0441112	0.0808141	0.12473	0.160676	0.171815	0.152013	0.111069	0.066964	0.0333122	0.0136821	0.00464526	0.00130588	0.000304615	5.9105e-05	9.56599e-06	1.29535e-06	1.47231e-07	1.40943e-08	1.14037e-09	7.8266e-11	4.57304e-12	2.28316e-13	9.77586e-15	3.60282e-16	1.14699e-17	3.16554e-19	7.60001e-21	1.59271e-22	2.92318e-24	4.71387e-26	6.69993e-28	8.41899e-30	9.38068e-32	9.29483e-34	8.21277e-36	6.48856e-38	4.59567e-40	2.9254e-42	1.67773e-44	8.69336e-47	4.13986e-49	2.88581e-51	
N6	0.000347601	0.000826588	0.00247115	0.00722534	0.0187841	0.0418192	0.0784117	0.122795	0.159864	0.172542	0.154148	0.113921	0.0696546	0.0352646	0.0148052	0.00516507	0.00150125	0.000364651	7.42759e-05	1.27352e-05	1.84544e-06	2.26967e-07	2.37946e-08	2.13582e-09	1.64872e-10	1.09936e-11	6.35973e-13	3.20551e-14	1.4136e-15	5.47627e-17	1.87095e-18	5.65833e-20	1.52029e-21	3.64139e-23	7.80068e-25	1.49925e-26	2.59286e-28	4.04635e-30	5.71332e-32	7.3173e-34	8.52106e-36	9.04295e-38	8.76521e-40	7.78358e-42	6.49669e-44	8.68746e-46	
N7	1.80456e-12	1.72403e-10	1.5351e-08	1.01151e-06	4.56105e-05	0.00129317	0.020661	0.158218	0.445419	0.299328	0.0619498	0.00956298	0.00257954	0.000751416	0.000169212	2.04499e-05	1.27471e-06	4.36529e-08	8.94333e-10	1.17982e-11	1.06203e-13	6.82468e-16	3.2446e-18	1.17445e-20	3.31369e-23	7.4316e-26	1.34688e-28	2.00076e-31	2.46607e-34	2.5493e-37	2.23129e-40	1.66752e-43	1.07213e-46	5.97107e-50	2.89847e-53	1.23325e-56	4.62316e-60	1.53427e-63	4.52738e-67	1.19272e-70	2.81595e-74	5.97907e-78	1.14565e-81	1.99009e-85	3.20476e-89	6.26752e-93	
L_corymbiferum	0	0	0	0	0	0	0	0	0.981206	0	0	0	0	0	0.0187936	0	0	0	0	0	0	0	0	0	0	0	0	0	0	0	0	0	0	0	0	0	0	0	0	0	0	0	0	0	0	0	
N8	8.83175e-17	4.5e-14	2.04749e-11	6.0722e-09	1.08756e-06	0.000107024	0.00506919	0.0945254	0.493737	0.360865	0.0424126	0.00251748	0.000450781	0.00024335	6.61157e-05	5.40715e-06	1.28114e-07	1.23176e-09	5.89236e-12	1.59546e-14	2.6707e-17	2.94665e-20	2.24971e-23	1.23488e-26	5.02601e-30	1.55588e-33	3.74254e-37	7.12355e-41	1.0899e-44	1.35889e-48	1.3974e-52	1.19795e-56	8.64328e-61	5.29386e-65	2.77389e-69	1.25224e-73	4.90192e-78	1.67371e-82	5.01174e-87	1.3227e-91	3.09112e-96	6.42418e-101	1.19208e-105	1.98247e-110	2.96522e-115	4.32473e-120	
L_gallicum	0	0	0	0	0	0	0	0	0	1	0	0	0	0	0	0	0	0	0	0	0	0	0	0	0	0	0	0	0	0	0	0	0	0	0	0	0	0	0	0	0	0	0	0	0	0	
L_strictum	0	0	0	0	0	0	0	0	0.998589	0	0	0	0	0	0.00106103	0.000350368	0	0	0	0	0	0	0	0	0	0	0	0	0	0	0	0	0	0	0	0	0	0	0	0	0	0	0	0	0	0	
N9	5.50313e-08	3.66484e-07	3.18817e-06	2.55877e-05	0.000175871	0.000999625	0.00458063	0.0165827	0.0466792	0.100977	0.166521	0.208281	0.196954	0.140491	0.0754611	0.0304797	0.00925411	0.00211514	0.000365548	4.81447e-05	4.88419e-06	3.86422e-07	2.41553e-08	1.20846e-09	4.89839e-11	1.62718e-12	4.47675e-14	1.02998e-15	1.99924e-17	3.30051e-19	4.66856e-21	5.69657e-23	6.03359e-25	5.57909e-27	4.52771e-29	3.24083e-31	2.05532e-33	1.15984e-35	5.8472e-38	2.64335e-40	1.0754e-42	3.95075e-45	1.3151e-47	3.98153e-50	1.11243e-52	4.33237e-55	
L_setaceum	0	0	0	0	0	0	0	0	1	0	0	0	0	0	0	0	0	0	0	0	0	0	0	0	0	0	0	0	0	0	0	0	0	0	0	0	0	0	0	0	0	0	0	0	0	0	
N10	2.05302e-19	3.27782e-17	5.3052e-15	6.80088e-13	6.4332e-11	4.24705e-09	1.83592e-07	4.74253e-06	6.28718e-05	0.000327724	0.000862474	0.00130791	0.00133045	0.00291532	0.0241134	0.141115	0.387949	0.36819	0.0674123	0.00427953	0.000127559	2.11542e-06	2.17115e-08	1.48301e-10	7.11479e-13	2.81139e-15	9.69015e-17	1.93861e-17	3.20839e-18	4.08294e-19	3.9501e-20	2.85326e-21	1.49499e-22	5.42403e-24	1.25964e-25	1.61839e-27	8.62665e-30	2.56434e-32	4.95824e-35	6.80222e-38	6.99639e-41	5.60405e-44	3.59448e-47	1.88618e-50	8.25997e-54	3.92615e-57	
L_suffruticosum1	0	0	0	0	0	0	0	0	0	0	0	0	0	0	0	0	0	1	0	0	0	0	0	0	0	0	0	0	0	0	0	0	0	0	0	1.52587e-14	0	0	0	0	0	0	0	0	0	0	
L_tenuifolium1	0	0	0	0	0	0	0	9.23483e-05	0.00469911	0	0	0	0	0	0	0	0	0.995209	0	0	0	0	0	0	0	0	0	0	0	0	0	0	0	0	0	0	0	0	0	0	0	0	0	0	0	0	
N11	0.000360924	0.000872386	0.00269128	0.00809791	0.0214249	0.0479194	0.0890895	0.136516	0.171579	0.17635	0.147969	0.101282	0.0565614	0.0257955	0.00962325	0.00294349	0.000740327	0.000153631	2.64049e-05	3.77426e-06	4.5063e-07	4.51465e-08	3.81292e-09	2.72745e-10	1.66017e-11	8.63895e-13	3.86064e-14	1.48829e-15	4.97084e-17	1.4445e-18	3.6671e-20	8.1649e-22	1.60048e-23	2.77206e-25	4.25723e-27	5.81683e-29	7.09379e-31	7.74545e-33	7.59411e-35	6.70508e-37	5.34576e-39	3.85857e-41	2.52784e-43	1.50752e-45	8.33987e-48	6.9486e-50	
N12	1.18653e-10	1.99604e-09	3.87783e-08	6.44503e-07	8.68323e-06	9.21179e-05	0.000751442	0.0046092	0.0207839	0.0672946	0.152672	0.236845	0.245793	0.168049	0.0754217	0.0224511	0.00452558	0.000633789	6.33196e-05	4.62767e-06	2.53144e-07	1.05796e-08	3.44028e-10	8.84669e-12	1.8251e-13	3.05983e-15	4.21705e-17	4.82746e-19	4.63328e-21	3.76011e-23	2.60023e-25	1.54308e-27	7.90939e-30	3.52265e-32	1.37076e-34	4.68416e-37	1.41236e-39	3.77412e-42	8.97505e-45	1.9067e-47	3.63181e-50	6.22352e-53	9.62542e-56	1.34833e-58	1.73661e-61	2.96129e-64	
N13	1.27798e-14	5.98316e-13	3.47827e-11	1.62905e-09	5.81186e-08	1.5377e-06	2.94331e-05	0.000396954	0.00366376	0.0224007	0.0874949	0.209842	0.296744	0.238981	0.107941	0.027825	0.00425179	0.000402402	2.46105e-05	1.01061e-06	2.88187e-08	5.87676e-10	8.79189e-12	9.86769e-14	8.47347e-16	5.6643e-18	2.99328e-20	1.26773e-22	4.35644e-25	1.22822e-27	2.86959e-30	5.60695e-33	9.23875e-36	1.29357e-38	1.54988e-41	1.59934e-44	1.42992e-47	1.11381e-50	7.59752e-54	4.56007e-57	2.41909e-60	1.13901e-63	4.77858e-67	1.79295e-70	6.04416e-74	2.2765e-77	
N14	7.75031e-24	2.79605e-21	1.0771e-18	3.26287e-16	7.49768e-14	1.27387e-11	1.55441e-09	1.31531e-07	7.39056e-06	0.000260889	0.00537361	0.0581659	0.281828	0.466177	0.166629	0.0203997	0.00112483	3.28692e-05	5.66012e-07	6.18975e-09	4.54514e-11	2.34032e-13	8.74906e-16	2.44354e-18	5.22205e-21	8.71495e-24	1.15585e-26	1.23699e-29	1.08263e-32	7.84125e-36	4.74967e-39	2.42899e-42	1.05773e-45	3.95249e-49	1.27633e-52	3.58458e-56	8.80765e-60	1.90361e-63	3.6372e-67	6.17216e-71	9.34233e-75	1.26636e-78	1.543e-82	1.6959e-86	1.68849e-90	1.79963e-94	
L_album	0	0	0	0	0	0	0	0	0	0	0	0	0	1	0	0	0	0	0	0	0	0	0	0	0	0	0	0	0	0	0	0	0	0	0	0	0	0	0	0	0	0	0	0	0	0	
L_mucronatum1	0	0	0	0	0	0	0	0	0	0	0	0	0	1	0	0	0	0	0	0	0	0	0	0	0	0	0	0	0	0	0	0	0	0	0	0	0	0	0	0	0	0	0	0	0	0	
N15	3.2972e-25	1.89621e-22	1.1317e-19	5.14564e-17	1.72045e-14	4.11302e-12	6.8061e-10	7.49802e-08	5.24319e-06	0.000219164	0.00506255	0.0579981	0.280928	0.449013	0.182218	0.0233056	0.00121897	3.09373e-05	4.28457e-07	3.5265e-09	1.8406e-11	6.41016e-14	1.552e-16	2.70197e-19	3.47922e-22	3.39378e-25	2.55973e-28	1.51961e-31	7.21175e-35	2.77374e-38	8.75135e-42	2.28965e-45	5.0161e-49	9.2825e-53	1.46254e-56	1.97617e-60	2.30498e-64	2.3348e-68	2.06526e-72	1.60344e-76	1.09781e-80	6.65707e-85	3.58987e-89	1.72801e-93	7.45519e-98	3.34763e-102	
N16	1.53924e-31	5.47382e-28	1.59664e-24	3.20292e-21	4.29604e-18	3.75287e-15	2.08663e-12	7.23936e-10	1.52693e-07	1.84941e-05	0.0011436	0.0298946	0.256219	0.51875	0.180123	0.0135383	0.0003102	2.73944e-06	1.095e-08	2.22682e-11	2.51911e-14	1.70089e-17	7.2549e-21	2.04811e-24	3.9782e-28	5.4931e-32	5.54404e-36	4.18886e-40	2.41893e-44	1.0871e-48	3.86324e-53	1.10099e-57	2.54809e-62	4.843e-67	7.63599e-72	1.00791e-76	1.12296e-81	1.06404e-86	8.63326e-92	6.03588e-97	3.65725e-102	1.93072e-107	8.924e-113	3.62774e-118	1.30249e-123	4.35016e-129	
N17	9.79213e-29	1.90298e-25	3.27306e-22	3.97226e-19	3.24977e-16	1.69694e-13	5.26869e-11	8.87354e-09	7.32399e-07	3.03165e-05	0.0010001	0.0246503	0.23856	0.537647	0.183972	0.0138061	0.000330476	3.25248e-06	1.56137e-08	4.12112e-11	6.5272e-14	6.62831e-17	4.54445e-20	2.19229e-23	7.69646e-27	2.02215e-30	4.07101e-34	6.40757e-38	8.02268e-42	8.11226e-46	6.71305e-50	4.59991e-54	2.63736e-58	1.27715e-62	5.26784e-67	1.86488e-71	5.7057e-76	1.51829e-80	3.53433e-85	7.23566e-90	1.30919e-94	2.10305e-99	3.01197e-104	3.86104e-109	4.44658e-114	4.9901e-119	
N18	8.11769e-32	2.01594e-28	4.45989e-25	7.29261e-22	8.57144e-19	7.03342e-16	3.91448e-13	1.44059e-10	3.42428e-08	5.03877e-06	0.000413322	0.015521	0.199382	0.571394	0.198593	0.0143575	0.000330379	3.16387e-06	1.50127e-08	3.9793e-11	6.42475e-14	6.7429e-17	4.83822e-20	2.47071e-23	9.27798e-27	2.63235e-30	5.77286e-34	9.97766e-38	1.38206e-41	1.55673e-45	1.44424e-49	1.11616e-53	7.25841e-58	4.00784e-62	1.89436e-66	7.72141e-71	2.73224e-75	8.44473e-80	2.29261e-84	5.49525e-89	1.16849e-93	2.21386e-98	3.75265e-103	5.7126e-108	7.83789e-113	1.05062e-117	
L_arboreum	0	0	0	0	0	0	0	0	0	0	0	0	0	1	0	0	0	0	0	0	0	0	0	0	0	0	0	0	0	0	0	0	0	0	0	0	0	0	0	0	0	0	0	0	0	0	
L_elegans	0	0	0	0	0	0	0	0	0	0	0	0	0	0.714598	0.285402	0	0	0	0	0	0	0	0	0	0	0	0	0	0	0	0	0	0	0	0	0	0	0	0	0	0	0	0	0	0	0	
L_campanulatum	0	0	0	0	0	0	0	0	0.00434143	0	0	0	0	0.995659	0	0	0	0	0	0	0	0	0	0	0	0	0	0	0	0	0	0	0	0	0	0	0	0	0	0	0	0	0	0	0	0	
N19	7.20591e-31	2.2181e-27	5.80254e-24	1.05636e-20	1.28321e-17	9.90528e-15	4.58719e-12	1.19986e-09	1.71344e-07	1.42369e-05	0.00076426	0.0216424	0.218792	0.526191	0.21315	0.0188569	0.00058165	7.78539e-06	4.89017e-08	1.55222e-10	2.70063e-13	2.77503e-16	1.7935e-19	7.67811e-23	2.2719e-26	4.8126e-30	7.51617e-34	8.87214e-38	8.08514e-42	5.79314e-46	3.31598e-50	1.53755e-54	5.84663e-59	1.84322e-63	4.86496e-68	1.08444e-72	2.05771e-77	3.34744e-82	4.69904e-87	5.7259e-92	6.0893e-97	5.67986e-102	4.66809e-107	3.39471e-112	2.19318e-117	1.36178e-122	
L_capitatum	0	0	0	0	0	0	0	0	0	0	0	0.0523972	0	0.90806	0	0	0.0395429	0	0	0	0	0	0	0	0	0	0	0	0	0	0	0	0	0	0	0	0	0	0	0	0	0	0	0	0	0	
N20	2.07906e-28	3.62838e-25	5.70399e-22	6.37871e-19	4.85093e-16	2.37551e-13	6.96846e-11	1.1097e-08	8.43493e-07	2.85762e-05	0.000717383	0.0167889	0.183531	0.516072	0.255329	0.0266402	0.000880488	1.20403e-05	8.06443e-08	2.96751e-10	6.52436e-13	9.14112e-16	8.5897e-19	5.64258e-22	2.68133e-25	9.48444e-29	2.55844e-32	5.37314e-36	8.94399e-40	1.19851e-43	1.31064e-47	1.18385e-51	8.92753e-56	5.67476e-60	3.06677e-64	1.42006e-68	5.6739e-73	1.96874e-77	5.96719e-82	1.58839e-86	3.73154e-91	7.77214e-96	1.44125e-100	2.38876e-105	3.55194e-110	5.20841e-115	
L_gyaricum	0	0	0	0	0	0	0	0	0	0	0	0	0	0	1	0	0	0	0	0	0	0	0	0	0	0	0	0	0	0	0	0	0	0	0	0	0	0	0	0	0	0	0	0	0	0	
L_tauricum	0	0	0	0	0	0	0	0	0.00468504	0	0	0	0	0.995315	0	0	0	0	0	0	0	0	0	0	0	0	0	0	0	0	0	0	0	0	0	0	0	0	0	0	0	0	0	0	0	0	
L_flavum	0	0	0	0	0	0	0	0	0	0	0	0	0	0.523839	0.476161	0	0	0	0	0	0	0	0	0	0	0	0	0	0	0	0	0	0	0	0	0	0	0	0	0	0	0	0	0	0	0	
L_nodiflorum	0	0	0	0	0	0	0	0	0	0	0	0.130139	0.869861	0	0	0	0	0	0	0	0	0	0	0	0	0	0	0	0	0	0	0	0	0	0	0	0	0	0	0	0	0	0	0	0	0	
N21	0.000111791	0.000353092	0.00147327	0.00572192	0.0184989	0.0479725	0.0982267	0.157422	0.196418	0.190272	0.143054	0.083641	0.038188	0.0136955	0.00388607	0.00087954	0.000160166	2.36761e-05	2.86626e-06	2.86648e-07	2.38805e-08	1.67059e-09	9.8883e-11	4.98765e-12	2.15816e-13	8.06048e-15	2.61326e-16	7.39227e-18	1.83295e-19	4.00035e-21	7.71297e-23	1.31813e-24	2.00266e-26	2.71246e-28	3.28352e-30	3.56117e-32	3.4685e-34	3.04072e-36	2.40477e-38	1.71945e-40	1.11397e-42	6.55322e-45	3.50804e-47	1.71307e-49	7.75218e-52	5.15737e-54	
N22	1.64826e-08	2.90474e-07	5.95707e-06	9.5942e-05	0.00111833	0.00894787	0.0466632	0.149761	0.278103	0.284131	0.159927	0.0543811	0.0133695	0.00286443	0.000537569	8.13997e-05	1.06567e-05	1.3582e-06	1.56091e-07	1.36128e-08	8.19944e-10	3.38746e-11	9.85747e-13	2.08715e-14	3.3129e-16	4.0444e-18	3.88044e-20	2.98011e-22	1.86075e-24	9.57375e-27	4.10677e-29	1.48392e-31	4.5579e-34	1.19978e-36	2.72648e-39	5.38445e-42	9.29685e-45	1.41117e-47	1.89264e-50	2.25337e-53	2.3919e-56	2.27271e-59	1.94024e-62	1.49361e-65	1.04524e-68	8.89731e-72	
N23	3.73161e-20	4.1384e-17	4.15407e-14	2.86515e-11	1.25864e-08	3.25929e-06	0.00044574	0.0268784	0.491619	0.458789	0.021939	0.000322868	2.1562e-06	7.96994e-09	1.85354e-11	2.9657e-14	3.47829e-17	3.12929e-20	2.22349e-23	1.2612e-26	5.68426e-30	2.01559e-33	5.5874e-37	1.21102e-40	2.06354e-44	2.78857e-48	3.01916e-52	2.64679e-56	1.8983e-60	1.12478e-64	5.55622e-69	2.30751e-73	8.11911e-78	2.43748e-82	6.28423e-87	1.39966e-91	2.70785e-96	4.57335e-101	6.77426e-106	8.8382e-111	1.01966e-115	1.04407e-120	9.52058e-126	7.75589e-131	5.66562e-136	4.15695e-141	
L_corymbulosum	0	0	0	0	0	0	0	0	1	0	0	0	0	0	0	0	0	0	0	0	0	0	0	0	0	0	0	0	0	0	0	0	0	0	0	0	0	0	0	0	0	0	0	0	0	0	
L_trigynum	0	0	0	0	0	0	0	0	0	1	0	0	0	0	0	0	0	0	0	0	0	0	0	0	0	0	0	0	0	0	0	0	0	0	0	0	0	0	0	0	0	0	0	0	0	0	
L_tenue1	0	0	0	0	0	0	0	0	0	0.97019	0	0	0	0	0.0295404	0	0	0	0	0.000269072	0	0	0	0	0	0	0	0	0	0	0	0	0	0	0	0	0	0	0	0	0	0	0	0	0	0	
L_maritimum	0	0	0	0	0	0	0	0	0.189072	0.810928	0	0	0	0	0	0	0	0	0	0	0	0	0	0	0	0	0	0	0	0	0	0	0	0	0	0	0	0	0	0	0	0	0	0	0	0	
L_catharticum	0	0	0	0	0	0	0	1	0	0	0	0	0	0	0	0	0	0	0	0	0	0	0	0	0	0	0	0	0	0	0	0	0	0	0	0	0	0	0	0	0	0	0	0	0	0	
N24	0.000451842	0.0010775	0.00294903	0.00765488	0.0179394	0.0371368	0.0669888	0.104313	0.1393	0.158774	0.15393	0.126629	0.0882515	0.0520641	0.0259989	0.0109963	0.00394445	0.00120227	0.000312141	6.92284e-05	1.31584e-05	2.15087e-06	3.03461e-07	3.70932e-08	3.94301e-09	3.65884e-10	2.9748e-11	2.12694e-12	1.34209e-13	7.49954e-15	3.72362e-16	1.64805e-17	6.52228e-19	2.31496e-20	7.39006e-22	2.12768e-23	5.5394e-25	1.30743e-26	2.8043e-28	5.47893e-30	9.77246e-32	1.59475e-33	2.38663e-35	3.29355e-37	4.38692e-39	9.9883e-41	
N25	2.07896e-09	2.41125e-08	3.18687e-07	3.61214e-06	3.35397e-05	0.000250137	0.0014756	0.00679087	0.0240682	0.0649025	0.131656	0.198787	0.221297	0.180185	0.106675	0.0457829	0.0142515	0.0032312	0.00053769	6.63499e-05	6.14519e-06	4.32773e-07	2.3483e-08	9.94612e-10	3.32939e-11	8.9123e-13	1.92888e-14	3.40996e-16	4.97097e-18	6.02821e-20	6.13082e-22	5.26861e-24	3.85252e-26	2.41254e-28	1.30164e-30	6.08455e-33	2.47713e-35	8.82614e-38	2.76486e-40	7.64742e-43	1.87516e-45	4.09152e-48	7.97275e-51	1.39286e-53	2.2209e-56	4.79364e-59	
N26	4.44382e-11	7.43675e-10	1.62432e-08	3.01347e-07	4.38999e-06	4.90251e-05	0.000413874	0.00261127	0.0121868	0.0416667	0.103396	0.184489	0.234453	0.210192	0.131763	0.0573473	0.0172594	0.00359199	0.0005192	5.25569e-05	3.76844e-06	1.93976e-07	7.27215e-09	2.01521e-10	4.18841e-12	6.62138e-14	8.06891e-16	7.6755e-18	5.76676e-20	3.45984e-22	1.67462e-24	6.60154e-27	2.13838e-29	5.73872e-32	1.2858e-34	2.42253e-37	3.8638e-40	5.24961e-43	6.11161e-46	6.1304e-49	5.32564e-52	4.02637e-55	2.66136e-58	1.54463e-61	7.92146e-65	4.61627e-68	
N27	2.11911e-14	8.65863e-13	4.37447e-11	1.72629e-09	5.06776e-08	1.08674e-06	1.67945e-05	0.000185088	0.00144488	0.00797373	0.0311825	0.086726	0.171365	0.23809	0.228374	0.14824	0.0641224	0.0183378	0.00346594	0.000435523	3.67755e-05	2.1162e-06	8.43408e-08	2.36894e-09	4.77393e-11	7.02716e-13	7.69011e-15	6.36575e-17	4.05427e-19	2.02033e-21	8.01014e-24	2.56914e-26	6.77499e-29	1.49141e-31	2.77703e-34	4.41913e-37	6.05209e-40	7.16174e-43	7.33664e-46	6.5122e-49	5.01246e-52	3.34957e-55	1.94682e-58	9.86548e-62	4.38292e-65	2.18405e-68	
N28	8.07426e-18	4.00114e-16	2.53317e-14	1.32532e-12	5.50315e-11	1.78833e-09	4.49214e-08	8.6156e-07	1.2464e-05	0.000134397	0.00106765	0.00617713	0.0257317	0.076293	0.159214	0.231484	0.232512	0.160418	0.0758476	0.0246196	0.00551986	0.000863708	9.56727e-05	7.64268e-06	4.51785e-07	2.06131e-08	7.82996e-10	2.76699e-11	9.79868e-13	3.33636e-14	9.94854e-16	2.4436e-17	4.83062e-19	7.6583e-21	9.77917e-23	1.01309e-24	8.58432e-27	5.99896e-29	3.48574e-31	1.69734e-33	6.97833e-36	2.43966e-38	7.30162e-41	1.88315e-43	4.25069e-46	1.23855e-48	
C_selaginoides	0	0	0	0	0	0	0	0	0	0	0	0	0	0	0	0	0	1	0	0	0	0	0	0	0	0	0	0	0	0	0	0	0	0	0	0	0	0	0	0	0	0	0	0	0	0	
N29	4.49289e-24	5.7498e-22	8.8375e-20	1.11882e-17	1.13533e-15	9.11545e-14	5.71489e-12	2.75858e-10	1.00987e-08	2.75917e-07	5.53147e-06	7.99259e-05	0.000816994	0.00579566	0.0279862	0.0902779	0.191233	0.262317	0.230947	0.130205	0.0472337	0.011152	0.00174492	0.000187115	1.55056e-05	1.5658e-06	2.81201e-07	5.48497e-08	8.46971e-09	9.80823e-10	8.4877e-11	5.50004e-12	2.67379e-13	9.76503e-15	2.68355e-16	5.56556e-18	8.75764e-20	1.05423e-21	9.81386e-24	7.15227e-26	4.13368e-28	1.91887e-30	7.24351e-33	2.25493e-35	6.01223e-38	2.03513e-40	
L_littorale	0	0	0	0	0	0	0	0	0	0	0	0	0	0	0	0	0	0.999977	0	0	0	0	0	0	0	0	0	0	0	0	0	0	0	0	0	2.2604e-05	0	0	0	0	0	0	0	0	0	0	
N30	3.36468e-34	2.00942e-31	1.2974e-28	6.83253e-26	2.88185e-23	9.60218e-21	2.48965e-18	4.94021e-16	7.36507e-14	8.08278e-12	6.38386e-10	3.53934e-08	1.34032e-06	3.36544e-05	0.000542789	0.00544104	0.0328349	0.116197	0.238117	0.284845	0.203325	0.0890463	0.0246243	0.00441876	0.000527704	4.29624e-05	2.44866e-06	1.01583e-07	3.29117e-09	9.29245e-11	2.47598e-12	5.96483e-14	1.16988e-15	1.73943e-17	1.90569e-19	1.5307e-21	9.06766e-24	4.00666e-26	1.33906e-28	3.43574e-31	6.86911e-34	1.08553e-36	1.37424e-39	1.41111e-42	1.19192e-45	1.10091e-48	
N31	1.29828e-41	1.71075e-38	2.32658e-35	2.63191e-32	2.44415e-29	1.83948e-26	1.10581e-23	5.22353e-21	1.90297e-18	5.23376e-16	1.06039e-13	1.53863e-11	1.54776e-09	1.03981e-07	4.47107e-06	0.000117344	0.0017874	0.015084	0.0689096	0.175911	0.264227	0.245759	0.147938	0.0597671	0.0166838	0.00329213	0.000467241	4.82956e-05	3.66489e-06	2.04927e-07	8.43693e-09	2.54312e-10	5.54994e-12	8.61661e-14	9.29218e-16	6.77844e-18	3.30284e-20	1.11046e-22	2.69721e-25	4.93794e-28	7.05452e-31	8.07882e-34	7.56708e-37	5.88466e-40	3.86449e-43	2.8633e-46	
L_macraei	0	0	0	0	0	0	0	0	0	0	0	0	0	0	0	0	0	0	0	0	0	0	0	0	0	0	0	0	0	0	0	0	0	0	0	1	0	0	0	0	0	0	0	0	0	0	
L_prostratum	0	0	0	0	0	0	0	0	0	0	0	0	0	0	0	0	0	1	0	0	0	0	0	0	0	0	0	0	0	0	0	0	0	0	0	0	0	0	0	0	0	0	0	0	0	0	
L_oligophyllum	0	0	0	0	0	0	0	0	0	0	0	0	0	0	0	0	0	1	0	0	0	0	0	0	0	0	0	0	0	0	0	0	0	0	0	0	0	0	0	0	0	0	0	0	0	0	
N32	4.40627e-13	1.35938e-11	4.6213e-10	1.27347e-08	2.70475e-07	4.30865e-06	5.05294e-05	0.000430234	0.00263605	0.0116134	0.0372216	0.0888523	0.161243	0.221107	0.221012	0.154234	0.0729098	0.0230463	0.00487269	0.00069522	6.78692e-05	4.60893e-06	2.21621e-07	7.68288e-09	1.95441e-10	3.71066e-12	5.34327e-14	5.92414e-16	5.1286e-18	3.51222e-20	1.9258e-22	8.54916e-25	3.10451e-27	9.31011e-30	2.32612e-32	4.88162e-35	8.6703e-38	1.31247e-40	1.70436e-43	1.91024e-46	1.85834e-49	1.57751e-52	1.17432e-55	7.70469e-59	4.51738e-62	3.17708e-65	
N33	1.2839e-13	3.77385e-12	1.42072e-10	4.33683e-09	1.01761e-07	1.80177e-06	2.3742e-05	0.000230142	0.00162701	0.00835082	0.0311012	0.0841134	0.164653	0.230608	0.226864	0.153828	0.0709584	0.0221687	0.00470881	0.000687	6.98502e-05	5.03359e-06	2.61737e-07	9.99867e-09	2.85557e-10	6.19909e-12	1.03897e-13	1.36395e-15	1.4214e-17	1.19042e-19	8.1035e-22	4.53058e-24	2.10042e-26	8.14631e-29	2.66472e-31	7.40697e-34	1.76176e-36	3.60882e-39	6.40462e-42	9.90249e-45	1.34081e-47	1.59758e-50	1.68264e-53	1.57342e-56	1.31828e-59	1.34302e-62	
L_kingii	0	0	0	0	0	0	0	0	0	0	0	0	1	0	0	0	0	0	0	0	0	0	0	0	0	0	0	0	0	0	0	0	0	0	0	0	0	0	0	0	0	0	0	0	0	0	
N34	4.01704e-16	1.57263e-14	8.06645e-13	3.42134e-11	1.15364e-09	3.04788e-08	6.22274e-07	9.67569e-06	0.000112812	0.000970094	0.00604468	0.0267836	0.0827566	0.174897	0.248493	0.23435	0.145801	0.0599152	0.0164035	0.00303786	0.000388177	3.49865e-05	2.27468e-06	1.09014e-07	3.92983e-09	1.08561e-10	2.33742e-12	3.98319e-14	5.44739e-16	6.05438e-18	5.53128e-20	4.19709e-22	2.67012e-24	1.43649e-26	6.58696e-29	2.59303e-31	8.82171e-34	2.60964e-36	6.75069e-39	1.53509e-41	3.08355e-44	5.49632e-47	8.73036e-50	1.24071e-52	1.58972e-55	2.54155e-58	
L_rupestre	0	0	0	0	0	0	0	0	0	0	0	0	0	0	0	0	0	1	0	0	0	0	0	0	0	0	0	0	0	0	0	0	0	0	0	0	0	0	0	0	0	0	0	0	0	0	
L_vernale	0	0	0	0	0	0	0	0	0	0	0	0	0	0	1	0	0	0	0	0	0	0	0	0	0	0	0	0	0	0	0	0	0	0	0	0	0	0	0	0	0	0	0	0	0	0	
L_striatum	0	0	0	0	0	0.0476653	0	0	0.229432	0	0	0	0	0	0	0	0	0.722903	0	0	0	0	0	0	0	0	0	0	0	0	0	0	0	0	0	0	0	0	0	0	0	0	0	0	0	0	
N35	2.60199e-08	2.06242e-07	2.11513e-06	1.90882e-05	0.000141508	0.000840758	0.00394866	0.0145209	0.0415042	0.0916371	0.155474	0.201816	0.199754	0.15042	0.0861002	0.037488	0.0124451	0.00316293	0.000618879	9.38819e-05	1.11304e-05	1.04044e-06	7.73937e-08	4.62456e-09	2.24069e-10	8.88432e-12	2.90832e-13	7.92706e-15	1.81352e-16	3.50885e-18	5.78279e-20	8.17235e-22	9.96592e-24	1.05487e-25	9.74493e-28	7.89757e-30	5.64206e-32	3.56924e-34	2.00793e-36	1.00853e-38	4.53967e-41	1.83775e-43	6.71315e-46	2.22066e-48	6.75372e-51	2.87692e-53	
He_micranthum	0	0	0	0	0	0	0	0	0	0	0	0	0	0	0	0	0	1	0	0	0	0	0	0	0	0	0	0	0	0	0	0	0	0	0	0	0	0	0	0	0	0	0	0	0	0	
S_digynum	0	0	0	0	0	1	0	0	0	0	0	0	0	0	0	0	0	0	0	0	0	0	0	0	0	0	0	0	0	0	0	0	0	0	0	0	0	0	0	0	0	0	0	0	0	0	
N36	8.38918e-19	8.3607e-17	9.50505e-15	8.94143e-13	6.53778e-11	3.60649e-09	1.46393e-07	4.25779e-06	8.60782e-05	0.00116776	0.0102056	0.0548412	0.172207	0.300492	0.280282	0.138032	0.0366699	0.00549457	0.000489515	2.73159e-05	1.00312e-06	2.55642e-08	4.89186e-10	8.10521e-12	1.3741e-13	2.38487e-15	3.65306e-17	4.44403e-19	4.14834e-21	2.9666e-23	1.64095e-25	7.11173e-28	2.44759e-30	6.77699e-33	1.52819e-35	2.83831e-38	4.38716e-41	5.69716e-44	6.26955e-47	5.89308e-50	4.7655e-53	3.33735e-56	2.03638e-59	1.08901e-62	5.17506e-66	2.9815e-69	
N37	1.68486e-21	3.72862e-19	9.35991e-17	1.80411e-14	2.55445e-12	2.58688e-10	1.82438e-08	8.70011e-07	2.7135e-05	0.000532907	0.00631284	0.0429993	0.160008	0.309469	0.299219	0.14264	0.0341827	0.00429722	0.000298589	1.21238e-05	3.09434e-07	5.98921e-09	1.42315e-10	4.82738e-12	1.47601e-13	3.26331e-15	5.01523e-17	5.33953e-19	3.95179e-21	2.04979e-23	7.55544e-26	2.01501e-28	3.96601e-31	5.8752e-34	6.67299e-37	5.91021e-40	4.14491e-43	2.33361e-46	1.06783e-49	4.01571e-53	1.25359e-56	3.27807e-60	7.23986e-64	1.36089e-67	2.20407e-71	3.86587e-75	
N38	2.62856e-22	7.04784e-20	2.00018e-17	4.33595e-15	6.97648e-13	8.12751e-11	6.66541e-09	3.72579e-07	1.36773e-05	0.000315967	0.00437545	0.0343943	0.144725	0.307576	0.315028	0.152822	0.0360741	0.0043737	0.000289935	1.11726e-05	2.65049e-07	4.10022e-09	4.45195e-11	3.83178e-13	3.08419e-15	2.47147e-17	1.76945e-19	1.0089e-21	4.37117e-24	1.43017e-26	3.56564e-29	6.8677e-32	1.03698e-34	1.24507e-37	1.20473e-40	9.51045e-44	6.19491e-47	3.36407e-50	1.53735e-53	5.9632e-57	1.97873e-60	5.6573e-64	1.40282e-67	3.03523e-71	5.76777e-75	1.16528e-78	
N39	1.54859e-27	9.59189e-25	6.0962e-22	3.03775e-19	1.15847e-16	3.30328e-14	6.85317e-12	1.00145e-09	9.91163e-08	6.33142e-06	0.000245674	0.00535204	0.0588251	0.279554	0.452523	0.178021	0.0240123	0.00141666	4.27741e-05	7.36199e-07	7.81254e-09	5.42655e-11	2.58594e-13	8.78152e-16	2.19264e-18	4.1323e-21	6.01043e-24	6.87715e-27	6.29368e-30	4.67412e-33	2.8534e-36	1.44823e-39	6.17387e-43	2.23101e-46	6.89091e-50	1.83298e-53	4.22804e-57	8.51074e-61	1.50373e-64	2.34466e-68	3.24239e-72	3.99523e-76	4.40539e-80	4.36467e-84	3.90169e-88	3.64761e-92	
L_acuticarpum	0	0	0	0	0	0	0	0	0	0	0	0	0	0	1	0	0	0	0	0	0	0	0	0	0	0	0	0	0	0	0	0	0	0	0	0	0	0	0	0	0	0	0	0	0	0	
L_gracile	0	0	0	0	0	0	0	0	0	0	0	0	0	0	1	0	0	0	0	0	0	0	0	0	0	0	0	0	0	0	0	0	0	0	0	0	0	0	0	0	0	0	0	0	0	0	
L_heterostylum	0	0	0	0	0	0	0	0	0	0	0	0	0	0	1	0	0	0	0	0	0	0	0	0	0	0	0	0	0	0	0	0	0	0	0	0	0	0	0	0	0	0	0	0	0	0	
L_africanum	0	0	0	0	0	0	0	0	0	0	0	0	0	0	0.790267	0.20973	0	0	0	0	0	0	0	0	0	0	0	0	3.13429e-06	0	0	0	0	0	0	0	0	0	0	0	0	0	0	0	0	0	
L_comptonii	0	0	0	0	0	0	0	0	0	0	0	0	0	0	1	0	0	0	0	0	0	0	0	0	0	0	0	0	0	0	0	0	0	0	0	0	0	0	0	0	0	0	0	0	0	0	
Ra_linoides	0	0	0	0	0	0	0	0	1	0	0	0	0	0	0	0	0	0	0	0	0	0	0	0	0	0	0	0	0	0	0	0	0	0	0	0	0	0	0	0	0	0	0	0	0	0	
N40	0.110895	0.12564	0.134492	0.135222	0.126813	0.110276	0.088527	0.0654072	0.0443847	0.0276255	0.015757	0.00823174	0.00393758	0.00172439	0.000691368	0.000253809	8.53326e-05	2.6282e-05	7.41803e-06	1.91946e-06	4.55543e-07	9.92104e-08	1.9838e-08	3.64423e-09	6.15387e-10	9.55891e-11	1.36673e-11	1.80001e-12	2.18528e-13	2.44739e-14	2.53047e-15	2.41737e-16	2.1354e-17	1.74567e-18	1.32176e-19	9.27704e-21	6.04088e-22	3.65251e-23	2.05236e-24	1.0727e-25	5.22045e-27	2.36959e-28	1.00774e-29	4.09019e-31	1.74301e-32	1.40704e-33	
N41	0.0810654	0.0960212	0.110596	0.121373	0.12486	0.11911	0.104664	0.0843817	0.0622651	0.0419895	0.0258545	0.0145276	0.00744707	0.00348231	0.00148546	0.000578155	0.000205369	6.66027e-05	1.9729e-05	5.34065e-06	1.32192e-06	2.99365e-07	6.20686e-08	1.17902e-08	2.05335e-09	3.28123e-10	4.81486e-11	6.4932e-12	8.05429e-13	9.19732e-14	9.67696e-15	9.38955e-16	8.40945e-17	6.95825e-18	5.32398e-19	3.77028e-20	2.4735e-21	1.50472e-22	8.49619e-24	4.45745e-25	2.17613e-26	9.91413e-28	4.24672e-29	1.75201e-30	7.64649e-32	6.04623e-33	
N42	0.0229911	0.0315788	0.0460142	0.0661392	0.0895014	0.111203	0.125287	0.127229	0.116116	0.0951073	0.0698644	0.0460146	0.0271712	0.014386	0.00683114	0.00291016	0.00111277	0.000382119	0.000117915	3.27218e-05	8.17238e-06	1.83861e-06	3.72969e-07	6.82875e-08	1.1297e-08	1.69053e-09	2.29104e-10	2.81526e-11	3.14063e-12	3.18478e-13	2.93945e-14	2.47254e-15	1.89795e-16	1.33126e-17	8.54384e-19	5.02378e-20	2.70999e-21	1.34287e-22	6.12059e-24	2.56923e-25	9.94531e-27	3.55474e-28	1.17538e-29	3.62351e-31	1.11893e-32	6.63009e-34	
N43	0.00690846	0.0104419	0.0175498	0.0296494	0.0476304	0.0707478	0.0957585	0.117162	0.128975	0.127384	0.112691	0.0892116	0.063174	0.0400162	0.0226804	0.0115091	0.00523328	0.00213462	0.000782074	0.000257762	7.65567e-05	2.05294e-05	4.98086e-06	1.09579e-06	2.19097e-07	3.99055e-08	6.63574e-09	1.00953e-09	1.4078e-10	1.80243e-11	2.12156e-12	2.29814e-13	2.29278e-14	2.10795e-15	1.78671e-16	1.39669e-17	1.00727e-18	6.70414e-20	4.11989e-21	2.33883e-22	1.22737e-23	5.96077e-25	2.68741e-26	1.14175e-27	5.02299e-29	4.27059e-30	
N44	7.32591e-07	9.22213e-06	0.000120838	0.00122028	0.00884135	0.043539	0.137533	0.262102	0.286354	0.177519	0.0651159	0.015046	0.00232521	0.000252594	2.00556e-05	1.19909e-06	5.52365e-08	1.99636e-09	5.7469e-11	1.33496e-12	2.53169e-14	3.96153e-16	5.16488e-18	5.66102e-20	5.25965e-22	4.17399e-24	2.84921e-26	1.68376e-28	8.66583e-31	3.90573e-33	1.54941e-35	5.4357e-38	1.69382e-40	4.70728e-43	1.17116e-45	2.61785e-48	5.27469e-51	9.61006e-54	1.58783e-56	2.38576e-59	3.26841e-62	4.09343e-65	4.70348e-68	5.00684e-71	5.17738e-74	7.26884e-77	
N45	1.44856e-09	6.43386e-08	2.9905e-06	9.4728e-05	0.00183201	0.0199904	0.112929	0.300513	0.347199	0.171662	0.0400498	0.0052416	0.000456389	2.8168e-05	1.18427e-06	3.24937e-08	5.78634e-10	6.8173e-12	5.46725e-14	3.07453e-16	1.24671e-18	3.73826e-21	8.47621e-24	1.4823e-26	2.03438e-29	2.2252e-32	1.9663e-35	1.42071e-38	8.48351e-42	4.22666e-45	1.77199e-48	6.29896e-52	1.91161e-55	4.98355e-59	1.12237e-62	2.19494e-66	3.74506e-70	5.59943e-74	7.36622e-78	8.55875e-82	8.81429e-86	8.07288e-90	6.59637e-94	4.82301e-98	3.16825e-102	2.23198e-106	
N46	4.86166e-11	4.72736e-09	4.54486e-07	2.64153e-05	0.000841212	0.0135197	0.100202	0.311144	0.372575	0.16797	0.0309081	0.00268185	0.000127585	3.65533e-06	6.44945e-08	7.04496e-10	4.92743e-12	2.35293e-14	8.1892e-17	2.13958e-19	4.15624e-22	5.89029e-25	6.04569e-28	4.51927e-31	2.49295e-34	1.03133e-37	3.25347e-41	7.95243e-45	1.52865e-48	2.34254e-52	2.8975e-56	2.92563e-60	2.43635e-64	1.68908e-68	9.83261e-73	4.84398e-77	2.03413e-81	7.32953e-86	2.28011e-90	6.15851e-95	1.45184e-99	3.00196e-104	5.46902e-109	8.81609e-114	1.26259e-118	1.74948e-123	
N47	3.85004e-11	3.7598e-09	3.48103e-07	1.99575e-05	0.000651029	0.0110946	0.0892384	0.302046	0.385687	0.176816	0.031789	0.00255182	0.000103252	2.32364e-06	3.13672e-08	2.6904e-10	1.53394e-12	6.03298e-15	1.68918e-17	3.46066e-20	5.31455e-23	6.2498e-26	5.73523e-29	4.17605e-32	2.44863e-35	1.1714e-38	4.6255e-42	1.52327e-45	4.22265e-49	9.9357e-53	1.99933e-56	3.46429e-60	5.20115e-64	6.80509e-68	7.80037e-72	7.8718e-76	7.02575e-80	5.56954e-84	3.93718e-88	2.49123e-92	1.4159e-96	7.25236e-101	3.35823e-105	1.40997e-109	5.38426e-114	2.11257e-118	
N48	4.62028e-13	8.79328e-11	1.52432e-08	1.64647e-06	0.000102165	0.00330948	0.0492271	0.281224	0.47648	0.170234	0.0185973	0.000807738	1.66665e-05	1.85878e-07	1.24098e-09	5.42932e-12	1.7041e-14	4.20463e-17	8.71762e-20	1.53364e-22	2.21453e-25	2.53714e-28	2.27112e-31	1.5886e-34	8.75535e-38	3.84629e-41	1.36361e-44	3.94855e-48	9.44447e-52	1.8854e-55	3.17115e-59	4.53263e-63	5.5489e-67	5.85984e-71	5.37308e-75	4.30345e-79	3.02729e-83	1.87991e-87	1.03538e-91	5.07954e-96	2.22875e-100	8.77894e-105	3.11519e-109	9.99104e-114	2.90534e-118	8.47785e-123	
N49	1.25162e-16	9.03836e-14	5.31337e-11	1.89603e-08	3.76981e-06	0.000373027	0.0156331	0.216422	0.636689	0.125368	0.00542313	8.58907e-05	1.3342e-06	5.16786e-08	1.54206e-09	3.11824e-11	5.97458e-13	7.0659e-15	3.2455e-17	8.2979e-20	1.32146e-22	1.36545e-25	9.45249e-29	4.53082e-32	1.55242e-35	3.91396e-39	7.44863e-43	1.09403e-46	1.26428e-50	1.16898e-54	8.77622e-59	5.41941e-63	2.78428e-67	1.20231e-71	4.40373e-76	1.3794e-80	3.72264e-85	8.71419e-90	1.78027e-94	3.19204e-99	5.04913e-104	7.07943e-109	8.8373e-114	9.86166e-119	9.87525e-124	9.54754e-129	
N50	1.66996e-21	5.90205e-18	1.56979e-14	2.54324e-11	2.29588e-08	1.01933e-05	0.00184371	0.0991541	0.835778	0.06245	0.000761417	3.07166e-06	3.04398e-08	1.64693e-09	5.36772e-11	5.94731e-13	2.332e-14	5.97117e-16	1.54096e-18	1.51466e-21	7.43244e-25	2.09328e-28	3.70431e-32	4.39345e-36	3.66622e-40	2.2357e-44	1.02706e-48	3.6442e-53	1.01968e-57	2.29006e-62	4.19098e-67	6.3324e-72	7.9909e-77	8.50744e-82	7.71067e-87	5.9976e-92	4.03279e-97	2.35954e-102	1.20845e-107	5.44723e-113	2.17185e-118	7.69445e-124	2.43251e-129	6.88893e-135	1.75406e-140	4.20957e-146	
L_alpinum	0	0	0	0	0	0	0	0	0.999998	0	0	0	0	0	1.92337e-06	0	0	4.42418e-09	0	0	0	0	0	0	0	0	0	0	0	0	0	0	0	0	0	0	0	0	0	0	0	0	0	0	0	0	
L_punctatum1	0	0	0	0	0	0	0	0	1	0	0	0	0	0	0	0	0	0	0	0	0	0	0	0	0	0	0	0	0	0	0	0	0	0	0	0	0	0	0	0	0	0	0	0	0	0	
L_perenne	0	0	0	0	0	0	0	0.0637081	0.936218	0	0	0	0	0	7.23641e-05	0	0	1.67942e-06	0	0	0	0	0	0	0	0	0	0	0	0	0	0	0	0	0	0	0	0	0	0	0	0	0	0	0	0	
L_lewisii	0	0	0	0	0	0	0	0	1	0	0	0	0	0	0	0	0	0	0	0	0	0	0	0	0	0	0	0	0	0	0	0	0	0	0	0	0	0	0	0	0	0	0	0	0	0	
L_leonii	0	0	0	0	0	0	0	0	0.839305	0.160695	0	0	0	0	0	0	0	0	0	0	0	0	0	0	0	0	0	0	0	0	0	0	0	0	0	0	0	0	0	0	0	0	0	0	0	0	
N51	2.64993e-10	1.58567e-08	9.80331e-07	3.95195e-05	0.000961363	0.0130797	0.0907416	0.288055	0.374978	0.188424	0.0395819	0.00392226	0.000207934	7.32739e-06	3.12529e-07	2.07674e-08	1.14616e-09	3.94314e-11	8.03926e-13	1.01164e-14	8.31752e-17	4.70106e-19	1.90423e-21	5.71738e-24	1.30793e-26	2.33227e-29	3.30454e-32	3.78166e-35	3.54506e-38	2.75604e-41	1.79631e-44	9.91043e-48	4.66837e-51	1.89221e-54	6.64592e-58	2.03562e-61	5.46932e-65	1.29595e-68	2.72151e-72	5.08833e-76	8.50592e-80	1.27631e-83	1.72531e-87	2.10836e-91	2.33762e-95	2.75283e-99	
L_austr_mauritanicum	0	0	0	0	0	0	0	0	1	0	0	0	0	0	0	0	0	0	0	0	0	0	0	0	0	0	0	0	0	0	0	0	0	0	0	0	0	0	0	0	0	0	0	0	0	0	
L_austriacum	0	0	0	0	0	0	0	0	0.999957	0	0	0	0	0	0	0	0	4.30676e-05	0	0	0	0	0	0	0	0	0	0	0	0	0	0	0	0	0	0	0	0	0	0	0	0	0	0	0	0	
L_pallescens	0	0	0	0	0	0	0	0	0.963168	0	0	0	0	0	0.0368322	0	0	0	0	0	0	0	0	0	0	0	0	0	0	0	0	0	0	0	0	0	0	0	0	0	0	0	0	0	0	0	
L_pycnophyllum	0	0	0	0	0	0	0	0	1	0	0	0	0	0	0	0	0	0	0	0	0	0	0	0	0	0	0	0	0	0	0	0	0	0	0	0	0	0	0	0	0	0	0	0	0	0	
N52	2.81556e-10	3.30704e-09	4.41392e-08	4.95252e-07	4.50648e-06	3.26778e-05	0.000185874	0.000819727	0.00280698	0.00770978	0.0183937	0.0415997	0.0883896	0.158488	0.216187	0.21144	0.144688	0.0693299	0.0243953	0.00780322	0.00353474	0.00219008	0.0012343	0.000538713	0.00017612	4.27853e-05	7.70716e-06	1.03311e-06	1.04183e-07	8.03292e-09	4.82287e-10	2.29587e-11	8.81244e-13	2.76902e-14	7.21897e-16	1.58018e-17	2.93482e-19	4.66822e-21	6.41234e-23	7.66307e-25	8.0207e-27	7.39792e-29	6.05073e-31	4.43538e-33	3.05628e-35	3.16658e-37	
L_aroanium1	0	0	0	0	0	0	0	0	0	0	0	0	0	0	0	0	0	1	0	0	0	0	0	0	0	0	0	0	0	0	0	0	0	0	0	0	0	0	0	0	0	0	0	0	0	0	
L_nervosum	0	0	0	0	0	0	0	0	0.0716781	0	0	0	0	0	0.916091	0	0	0	0	0	0	0	0	0	0	0	0.0122313	0	0	0	0	0	0	0	0	0	0	0	0	0	0	0	0	0	0	0	
N53	0.00171326	0.00327385	0.00716521	0.0152435	0.0298348	0.0525268	0.0821947	0.113475	0.137541	0.145884	0.135093	0.10905	0.0766542	0.0468903	0.0249537	0.0115526	0.00465382	0.00163197	0.000498485	0.00013273	3.08371e-05	6.25789e-06	1.11061e-06	1.72603e-07	2.35244e-08	2.8161e-09	2.9659e-10	2.75299e-11	2.25629e-12	1.63592e-13	1.05141e-14	6.00238e-16	3.05027e-17	1.38281e-18	5.60484e-20	2.03575e-21	6.6412e-23	1.95049e-24	5.16945e-26	1.23931e-27	2.69398e-29	5.32272e-31	9.58443e-33	1.58249e-34	2.51814e-36	6.97193e-38	
N54	0.000515844	0.001064	0.00259143	0.0062284	0.0139066	0.0281038	0.0506669	0.0807551	0.113102	0.138599	0.148129	0.13773	0.111191	0.0778208	0.047165	0.0247349	0.0112199	0.00440183	0.001494	0.000438923	0.000111714	2.46594e-05	4.72705e-06	7.88133e-07	1.14489e-07	1.45184e-08	1.61056e-09	1.5665e-10	1.33923e-11	1.00908e-12	6.72082e-14	3.96964e-15	2.08675e-16	9.80174e-18	4.13191e-19	1.57061e-20	5.41028e-22	1.69736e-23	4.87259e-25	1.28498e-26	3.12212e-28	7.00139e-30	1.45109e-31	2.80001e-33	5.37181e-35	1.81745e-36	
N55	2.39712e-07	9.55136e-07	5.02951e-06	2.54438e-05	0.000115813	0.00046565	0.00163791	0.00500405	0.0132	0.0299132	0.0579827	0.0957766	0.134387	0.159745	0.160524	0.136144	0.0973526	0.0586658	0.0297958	0.0127631	0.00461689	0.0014131	0.000366982	8.12043e-05	1.54168e-05	2.54375e-06	3.73985e-07	5.12318e-08	6.95106e-09	9.75214e-10	1.39432e-10	1.92081e-11	2.41995e-12	2.70471e-13	2.646e-14	2.25614e-15	1.67686e-16	1.08865e-17	6.19183e-19	3.09554e-20	1.36505e-21	5.32877e-23	1.84994e-24	5.78052e-26	1.75358e-27	9.59592e-29	
N56	5.33706e-24	1.83091e-21	6.13669e-19	1.66315e-16	3.40282e-14	4.94694e-12	4.74448e-10	2.67372e-08	7.03418e-07	4.14052e-06	2.01878e-05	0.000488176	0.0125522	0.152537	0.579647	0.229237	0.0243959	0.00107905	2.48256e-05	3.39488e-07	3.01168e-09	1.85258e-11	1.59658e-13	7.10514e-13	4.11406e-11	1.69108e-09	4.33229e-08	6.14873e-07	3.94737e-06	7.46185e-06	9.39417e-07	3.48602e-08	5.86327e-10	5.48001e-12	3.20386e-14	1.26584e-16	3.56875e-19	7.47522e-22	1.20017e-24	1.51411e-27	1.53165e-30	1.2635e-33	8.624e-37	4.94323e-40	2.46895e-43	1.45613e-46	
L_bienne	0	0	0	0	0	0	0	0	4.39002e-05	0	0	0	0	0	0.864313	0.13563	0	0	0	0	0	0	0	0	0	0	0	0	0	1.3044e-05	0	0	0	0	0	0	0	0	0	0	0	0	0	0	0	0	
L_usitatissimum	0	0	0	0	0	0	0	0	0	0	0	0	0	0	0.806375	0.193612	0	0	0	0	0	0	0	0	0	0	0	0	0	1.3044e-05	0	0	0	0	0	0	0	0	0	0	0	0	0	0	0	0	
L_hologynum	0	0	0	0	0	0	0	0	0	0	0	0	0	0	0	0	0	0	0	0	1	0	0	0	0	0	0	0	0	0	0	0	0	0	0	0	0	0	0	0	0	0	0	0	0	0	
L_narbonense	0	0	0	0	0	0	0.0689387	0	0.160765	0.0662125	0	0	0	0.58386	0.120224	0	0	0	0	0	0	0	0	0	0	0	0	0	0	0	0	0	0	0	0	0	0	0	0	0	0	0	0	0	0	0	
N57	0.00234502	0.00450744	0.0104596	0.0238222	0.0483235	0.0839003	0.122807	0.151011	0.15659	0.138275	0.105514	0.0707233	0.0421626	0.0224297	0.0105755	0.00436442	0.00155681	0.000475555	0.000123755	2.7388e-05	5.15821e-06	8.28671e-07	1.13932e-07	1.34576e-08	1.37138e-09	1.21081e-10	9.30212e-12	6.24469e-13	3.67831e-14	1.90863e-15	8.75771e-17	3.56657e-18	1.29368e-19	4.19348e-21	1.21868e-22	3.1849e-24	7.50697e-26	1.60031e-27	3.09366e-29	5.43713e-31	8.7087e-33	1.27421e-34	1.70725e-36	2.10518e-38	2.48695e-40	4.93334e-42	
L_decumbens1	0	0	0	0	0	0	0	0	0.818548	0	0	0	0	0	0	0.181452	0	0	0	0	0	0	0	0	0	0	0	0	0	0	0	0	0	0	0	0	0	0	0	0	0	0	0	0	0	0	
L_grandiflorum	0	0	0	0	0	0	0	1	0	0	0	0	0	0	0	0	0	0	0	0	0	0	0	0	0	0	0	0	0	0	0	0	0	0	0	0	0	0	0	0	0	0	0	0	0	0	
L_stelleroides	0	0	0	0	0	0	0	0	0.496954	0.503046	0	0	0	0	0	0	0	0	0	0	0	0	0	0	0	0	0	0	0	0	0	0	0	0	0	0	0	0	0	0	0	0	0	0	0	0	
N58	0.0287692	0.0415774	0.0639784	0.0943113	0.125543	0.146692	0.148515	0.129535	0.0971136	0.0625573	0.0346497	0.0165268	0.00680192	0.00242154	0.000747783	0.000200906	4.7111e-05	9.67374e-06	1.74526e-06	2.7757e-07	3.90466e-08	4.87432e-09	5.41703e-10	5.37627e-11	4.77956e-12	3.81727e-13	2.74661e-14	1.78523e-15	1.05093e-16	5.61718e-18	2.73248e-19	1.2125e-20	4.91861e-22	1.82787e-23	6.2353e-25	1.95621e-26	5.65475e-28	1.50876e-29	3.72201e-31	8.50378e-33	1.80262e-34	3.55404e-36	6.55263e-38	1.15039e-39	2.07665e-41	6.30857e-43	
N59	0.0101714	0.0186428	0.0387491	0.0748629	0.123328	0.167126	0.183304	0.161484	0.113929	0.0643777	0.0292095	0.0106886	0.00317345	0.000769982	0.000153904	2.55552e-05	3.55422e-06	4.1721e-07	4.16087e-08	3.54472e-09	2.59056e-10	1.62949e-11	8.84546e-13	4.15373e-14	1.69129e-15	5.98583e-17	1.84627e-18	4.97673e-20	1.17586e-21	2.44266e-23	4.47521e-25	7.25392e-27	1.0435e-28	1.3363e-30	1.52796e-32	1.56453e-34	1.43863e-36	1.19123e-38	8.90572e-41	6.02655e-43	3.70047e-45	2.06658e-47	1.05207e-49	4.89578e-52	2.12052e-54	1.35452e-56	
N60	0.00242883	0.00600838	0.0178974	0.0476173	0.101768	0.167779	0.209364	0.195949	0.137295	0.0724276	0.0291985	0.00923812	0.00238479	0.000524152	0.000100656	1.67944e-05	2.37041e-06	2.75619e-07	2.59953e-08	1.97914e-09	1.2188e-10	6.10564e-12	2.50649e-13	8.49959e-15	2.39993e-16	5.68642e-18	1.139e-19	1.94215e-21	2.83761e-23	3.57428e-25	3.90371e-27	3.71658e-29	3.09999e-31	2.27596e-33	1.47729e-35	8.51255e-38	4.37149e-40	2.008e-42	8.2786e-45	3.07343e-47	1.03062e-49	3.13072e-52	8.63892e-55	2.17137e-57	5.01855e-60	1.56865e-62	
L_hirsutum	0	0	0	0	0	0	0	0.926121	0.0611557	0	0	0	0	0	0.012723	0	0	0	0	0	0	0	0	0	0	0	0	0	0	0	0	0	0	0	0	0	0	0	0	0	0	0	0	0	0	0	
L_seljukorum	0	0	0	0	0	0	0	1	0	0	0	0	0	0	0	0	0	0	0	0	0	0	0	0	0	0	0	0	0	0	0	0	0	0	0	0	0	0	0	0	0	0	0	0	0	0	
L_viscosum	0	0	0	0	0	0	0	1	0	0	0	0	0	0	0	0	0	0	0	0	0	0	0	0	0	0	0	0	0	0	0	0	0	0	0	0	0	0	0	0	0	0	0	0	0	0	
L_pubescens	0	0	0	0	0	0	0	0.503834	0.496166	0	0	0	0	0	0	0	0	0	0	0	0	0	0	0	0	0	0	0	0	0	0	0	0	0	0	0	0	0	0	0	0	0	0	0	0	0	
Re_indica	0	0	0	0	0	0	0	0	0	0.287489	0.712511	0	0	0	0	0	0	0	0	0	0	0	0	0	0	0	0	0	0	0	0	0	0	0	0	0	0	0	0	0	0	0	0	0	0	0	
