NODE	1	2	3	4	5	6	7	8	9	10	11	12	13	14	15	16	17	18	19	20	21	22	23	24	25	26	27	28	29	30	31	32	33	34	35	36	37	38	39	40	41	42	43	44	45	46	
N1	0.142627	0.137968	0.129215	0.117234	0.103072	0.087827	0.0725254	0.0580287	0.0449728	0.0337472	0.0245078	0.0172158	0.0116914	0.0076715	0.00486096	0.00297268	0.00175357	0.000997276	0.000546525	0.00028847	0.000146588	7.16844e-05	3.37225e-05	1.52559e-05	6.63514e-06	2.77362e-06	1.11413e-06	4.29976e-07	1.59415e-07	5.67769e-08	1.94266e-08	6.3867e-09	2.01815e-09	6.1328e-10	1.79375e-10	5.05601e-11	1.37595e-11	3.62493e-12	9.27979e-13	2.32067e-13	8.92167e-17	4.41533e-17	2.20078e-17	1.12836e-17	6.2879e-18	4.33105e-18	
N2	0.125868	0.125984	0.121837	0.113942	0.103112	0.0903402	0.0766552	0.0630034	0.0501594	0.0386767	0.0288764	0.0208679	0.0145907	0.00986575	0.00644814	0.00407172	0.00248287	0.0014614	0.000829922	0.000454556	0.000240028	0.000122157	5.99e-05	2.82923e-05	1.28689e-05	5.63578e-06	2.37588e-06	9.64017e-07	3.76422e-07	1.41432e-07	5.11282e-08	1.77824e-08	5.95005e-09	1.91536e-09	5.93198e-10	1.76776e-10	5.07033e-11	1.40042e-11	3.72833e-12	9.58652e-13	2.39026e-13	5.82912e-14	1.41771e-14	3.60429e-15	1.0792e-15	5.01321e-16	
N3	0.0356918	0.0392885	0.0452214	0.0532513	0.0627533	0.0726499	0.081494	0.0877233	0.0900293	0.0877143	0.0809008	0.0705063	0.0579916	0.0449792	0.0328802	0.0226455	0.0146913	0.00897672	0.00516582	0.00279984	0.00142932	0.000687353	0.000311422	0.00013296	5.35042e-05	2.02982e-05	7.26182e-06	2.45065e-06	7.80368e-07	2.34556e-07	6.65694e-08	1.78462e-08	4.52091e-09	1.08267e-09	2.45214e-10	5.25518e-11	1.06628e-11	2.04987e-12	3.73788e-13	6.47675e-14	1.06996e-14	1.69635e-15	2.61821e-16	4.07569e-17	7.13322e-18	2.04962e-18	
N4	0.028359	0.0322087	0.0389938	0.0485801	0.0603945	0.0732493	0.0853338	0.0944787	0.0986834	0.0967376	0.0886688	0.0757881	0.060289	0.0445726	0.0305953	0.0194847	0.0115075	0.00630082	0.00319805	0.00150467	0.000656305	0.00026543	9.95589e-05	3.46438e-05	1.11877e-05	3.35424e-06	9.34065e-07	2.41708e-07	5.81504e-08	1.30133e-08	2.71041e-09	5.257e-10	9.5006e-11	1.60079e-11	2.51623e-12	3.69211e-13	5.06039e-14	6.48287e-15	7.76865e-16	8.71613e-17	9.16995e-18	9.07783e-19	8.53988e-20	7.88091e-21	7.978e-22	1.3793e-22	
N5	0.0186139	0.0217676	0.027793	0.0370904	0.0497171	0.0649646	0.081078	0.0953566	0.104761	0.106883	0.100866	0.0878041	0.0703665	0.0518436	0.0350811	0.0217873	0.0124134	0.00648651	0.00310824	0.00136584	0.000550435	0.000203478	6.90148e-05	2.14844e-05	6.14081e-06	1.61226e-06	3.89005e-07	8.63004e-08	1.76134e-08	3.30902e-09	5.7259e-10	9.13169e-11	1.34309e-11	1.82304e-12	2.28521e-13	2.64728e-14	2.83613e-15	2.81206e-16	2.58233e-17	2.19796e-18	1.73541e-19	1.2725e-20	8.69257e-22	5.6216e-23	3.80674e-24	4.76248e-25	
N6	0.00748022	0.00944845	0.013551	0.0204496	0.030799	0.0448474	0.0619563	0.0802668	0.0967992	0.10814	0.11155	0.106019	0.0927036	0.074505	0.0550028	0.0372856	0.0232051	0.0132588	0.00695596	0.00335144	0.00148339	0.000603386	0.000225652	7.76257e-05	2.45772e-05	7.16604e-06	1.92541e-06	4.77048e-07	1.09069e-07	2.30283e-08	4.49341e-09	8.1094e-10	1.35472e-10	2.09659e-11	3.00848e-12	4.00606e-13	4.95445e-14	5.69584e-15	6.09228e-16	6.06799e-17	5.63329e-18	4.88105e-19	3.96235e-20	3.07236e-21	2.54655e-22	3.9393e-23	
N7	6.37025e-08	9.98175e-07	1.69821e-05	0.00022453	0.0021772	0.0147338	0.0657791	0.181937	0.29274	0.262478	0.132207	0.0393467	0.00735887	0.000915494	7.94923e-05	5.01223e-06	2.37093e-07	8.64337e-09	2.4836e-10	5.73247e-12	1.08012e-13	1.68464e-15	2.20125e-17	2.43522e-19	2.30224e-21	1.87537e-23	1.326e-25	8.1922e-28	4.44887e-30	2.13525e-32	9.10221e-35	3.46186e-37	1.17963e-39	3.61513e-42	9.99966e-45	2.50475e-47	5.69893e-50	1.1812e-52	2.23629e-55	3.8774e-58	6.17347e-61	9.05682e-64	1.23212e-66	1.58132e-69	2.01696e-72	3.19626e-75	
L_corymbiferum	0	0	0	0	0	0	0	0	1	0	0	0	0	0	0	0	0	0	0	0	0	0	0	0	0	0	0	0	0	0	0	0	0	0	0	0	0	0	0	0	0	0	0	0	0	0	
N8	9.2586e-11	4.2928e-09	2.34378e-07	9.11937e-06	0.000233281	0.00368483	0.0333417	0.157312	0.345264	0.315809	0.120653	0.0215583	0.00202147	0.000109173	3.65165e-06	8.00871e-08	1.20539e-09	1.29207e-11	1.01702e-13	6.0314e-16	2.75437e-18	9.86906e-21	2.81991e-23	6.51743e-26	1.2338e-28	1.93456e-31	2.53754e-34	2.80946e-37	2.64687e-40	2.13762e-43	1.48982e-46	9.0158e-50	4.76428e-53	2.20991e-56	9.04122e-60	3.27716e-63	1.0568e-66	3.0437e-70	7.85771e-74	1.82455e-77	3.82268e-81	7.24835e-85	1.24738e-88	1.9535e-92	2.79234e-96	4.2391e-100	
L_gallicum	0	0	0	0	0	0	0	0	0	1	0	0	0	0	0	0	0	0	0	0	0	0	0	0	0	0	0	0	0	0	0	0	0	0	0	0	0	0	0	0	0	0	0	0	0	0	
L_strictum	0	0	0	0	0	0	0	0	1	0	0	0	0	0	0	0	0	0	0	0	0	0	0	0	0	0	0	0	0	0	0	0	0	0	0	0	0	0	0	0	0	0	0	0	0	0	
N9	2.64798e-05	6.14926e-05	0.000184913	0.000561605	0.00159903	0.00415378	0.00972169	0.0203569	0.0379665	0.0628707	0.0922324	0.119682	0.137226	0.138951	0.124228	0.0980771	0.0684028	0.0421705	0.0229996	0.0111077	0.00475541	0.00180687	0.00061009	0.000183303	4.9075e-05	1.17245e-05	2.50332e-06	4.78394e-07	8.19546e-08	1.26055e-08	1.74356e-09	2.17219e-10	2.44142e-11	2.47957e-12	2.27932e-13	1.89949e-14	1.43739e-15	9.89291e-17	6.20279e-18	3.54865e-19	1.8555e-20	8.88334e-22	3.90667e-23	1.59818e-24	6.58479e-26	4.74654e-27	
L_setaceum	0	0	0	0	0	0	0	0	1	0	0	0	0	0	0	0	0	0	0	0	0	0	0	0	0	0	0	0	0	0	0	0	0	0	0	0	0	0	0	0	0	0	0	0	0	0	
N10	3.64794e-19	2.20747e-17	1.46961e-15	8.44839e-14	4.02852e-12	1.53957e-10	4.54613e-09	9.96635e-08	1.55825e-06	1.69445e-05	0.000130612	0.000737875	0.00315309	0.0104593	0.0274888	0.0581607	0.100305	0.142377	0.16758	0.164486	0.135193	0.0933063	0.0541593	0.0264488	0.0108582	0.00373977	0.00107692	0.000257996	5.10715e-05	8.27829e-06	1.08576e-06	1.13456e-07	9.25744e-09	5.74845e-10	2.63198e-11	8.59083e-13	1.95951e-14	3.19739e-16	3.87389e-18	3.60964e-20	2.66368e-22	1.59414e-24	7.88911e-27	3.28566e-29	1.19564e-31	5.70742e-34	
L_suffruticosum1	0	0	0	0	0	0	0	0	0	0	0	0	0	0	0	0	0	0	0	0	0	0	0	0	0	0	0	0	0	0	0	0	0	0	0	1	0	0	0	0	0	0	0	0	0	0	
L_tenuifolium1	0	0	0	0	0	0	0	0	1	0	0	0	0	0	0	0	0	0	0	0	0	0	0	0	0	0	0	0	0	0	0	0	0	0	0	0	0	0	0	0	0	0	0	0	0	0	
N11	0.00989084	0.0122097	0.0170038	0.0250244	0.0369318	0.0527682	0.071394	0.0902199	0.105576	0.113781	0.112534	0.101903	0.084353	0.0637654	0.0439898	0.0276844	0.0158912	0.00831969	0.0039732	0.00173124	0.000688496	0.000250007	8.29319e-05	2.51451e-05	6.97296e-06	1.76971e-06	4.11361e-07	8.76413e-08	1.7128e-08	3.07311e-09	5.06638e-10	7.68155e-11	1.07207e-11	1.37856e-12	1.63478e-13	1.78952e-14	1.80998e-15	1.69312e-16	1.46622e-17	1.17661e-18	8.75829e-20	6.05486e-21	3.8989e-22	2.37298e-23	1.5042e-24	1.76531e-25	
N12	1.96609e-06	7.24714e-06	3.44776e-05	0.000156999	0.000638903	0.00226911	0.00694809	0.0181856	0.0403976	0.0756975	0.11902	0.156347	0.171021	0.155433	0.117249	0.073417	0.0382065	0.0165613	0.00599799	0.00182179	0.000466036	0.000100871	1.85617e-05	2.91809e-06	3.93844e-07	4.58551e-08	4.62732e-09	4.06562e-10	3.12381e-11	2.10781e-12	1.25405e-13	6.60392e-15	3.08948e-16	1.28849e-17	4.80651e-19	1.6088e-20	4.84625e-22	1.3176e-23	3.24203e-25	7.2384e-27	1.47015e-28	2.72358e-30	4.62083e-32	7.26602e-34	1.12623e-35	2.73002e-37	
N13	1.07633e-08	6.59431e-08	6.00052e-07	5.19727e-06	3.8756e-05	0.000240828	0.00122704	0.00506889	0.0168172	0.0444278	0.0927337	0.151897	0.194184	0.193011	0.148896	0.0891835	0.0415784	0.0151538	0.0043428	0.000985348	0.000178336	2.5949e-05	3.05969e-06	2.94653e-07	2.33528e-08	1.53448e-09	8.4185e-11	3.8822e-12	1.51446e-13	5.02793e-15	1.42874e-16	3.49373e-18	7.38941e-20	1.35833e-21	2.17997e-23	3.06772e-25	3.80073e-27	4.1618e-29	4.04245e-31	3.49513e-33	2.69878e-35	1.86688e-37	1.16041e-39	6.50238e-42	3.33893e-44	2.40674e-46	
N14	1.4261e-15	5.81725e-14	3.07243e-12	1.39736e-10	5.12435e-09	1.47201e-07	3.23723e-06	5.31941e-05	0.000634831	0.00531841	0.0300166	0.108634	0.238261	0.299568	0.209526	0.0840194	0.0204218	0.00318393	0.000334545	2.46871e-05	1.32373e-06	5.30526e-08	1.62734e-09	3.8979e-11	7.4171e-13	1.13808e-14	1.42663e-16	1.47799e-18	1.27852e-20	9.32022e-23	5.77345e-25	3.06205e-27	1.40006e-29	5.55356e-32	1.92225e-34	5.83688e-37	1.56257e-39	3.70493e-42	7.81389e-45	1.47176e-47	2.48495e-50	3.77425e-53	5.17392e-56	6.42431e-59	7.31759e-62	1.03596e-64	
L_album	0	0	0	0	0	0	0	0	0	0	0	0	0	1	0	0	0	0	0	0	0	0	0	0	0	0	0	0	0	0	0	0	0	0	0	0	0	0	0	0	0	0	0	0	0	0	
L_mucronatum1	0	0	0	0	0	0	0	0	0	0	0	0	0	1	0	0	0	0	0	0	0	0	0	0	0	0	0	0	0	0	0	0	0	0	0	0	0	0	0	0	0	0	0	0	0	0	
N15	6.95232e-17	4.01074e-15	2.95216e-13	1.84016e-11	9.03124e-10	3.39191e-08	9.5293e-07	1.95455e-05	0.000284647	0.00284927	0.018874	0.0792251	0.201135	0.295974	0.24633	0.116639	0.0324607	0.00555065	0.000610036	4.4891e-05	2.29216e-06	8.37439e-08	2.24781e-09	4.53512e-11	7.0157e-13	8.4678e-15	8.09769e-17	6.21969e-19	3.88411e-21	1.99383e-23	8.49696e-26	3.03332e-28	9.14563e-31	2.34642e-33	5.15809e-36	9.77729e-39	1.60748e-41	2.30478e-44	2.89647e-47	3.20559e-50	3.13802e-53	2.72834e-56	2.11502e-59	1.46739e-62	9.20406e-66	6.98516e-69	
N16	2.93268e-22	9.3354e-20	3.18379e-17	8.08918e-15	1.47621e-12	1.88194e-10	1.62634e-08	9.2082e-07	3.28532e-05	0.000706486	0.00870904	0.0582654	0.200145	0.336595	0.269906	0.103756	0.0197971	0.00197382	0.000108757	3.49446e-06	6.87369e-08	8.64023e-10	7.20572e-12	4.11966e-14	1.66152e-16	4.84751e-19	1.04597e-21	1.70228e-24	2.12638e-27	2.07082e-30	1.59456e-33	9.83209e-37	4.91078e-40	2.0077e-43	6.78323e-47	1.91058e-50	4.52245e-54	9.06315e-58	1.54829e-61	2.26905e-65	2.86952e-69	3.14867e-73	3.0131e-77	2.52661e-81	1.86523e-85	1.3703e-89	
N17	1.4387e-21	3.55018e-19	9.61213e-17	1.98604e-14	3.03347e-12	3.33398e-10	2.55612e-08	1.31841e-06	4.38443e-05	0.000894492	0.0105697	0.0678226	0.221007	0.345144	0.251196	0.0868353	0.0150217	0.00138779	7.3068e-05	2.326e-06	4.7142e-08	6.35903e-10	5.92951e-12	3.94796e-14	1.92995e-16	7.09549e-19	2.00338e-21	4.42417e-24	7.76565e-27	1.09898e-29	1.26994e-32	1.21195e-35	9.65021e-39	6.47064e-42	3.6843e-45	1.79504e-48	7.53592e-52	2.7436e-55	8.71342e-59	2.42718e-62	5.96002e-66	1.29615e-69	2.50737e-73	4.33207e-77	6.71519e-81	1.0987e-84	
N18	3.27989e-22	8.90151e-20	2.64638e-17	6.05615e-15	1.0367e-12	1.29253e-10	1.13753e-08	6.80845e-07	2.65015e-05	0.000635519	0.00879191	0.0648243	0.232328	0.368203	0.243524	0.0709213	0.00997054	0.000741232	3.15477e-05	8.21511e-07	1.38284e-08	1.57485e-10	1.26042e-12	7.3194e-15	3.1688e-17	1.04677e-19	2.69181e-22	5.48341e-25	8.98484e-28	1.20029e-30	1.32308e-33	1.21637e-36	9.41684e-40	6.19273e-43	3.48673e-46	1.6929e-49	7.1346e-53	2.62572e-56	8.48545e-60	2.42029e-63	6.12189e-67	1.37923e-70	2.77906e-74	5.02722e-78	8.19745e-82	1.41052e-85	
L_arboreum	0	0	0	0	0	0	0	0	0	0	0	0	0	1	0	0	0	0	0	0	0	0	0	0	0	0	0	0	0	0	0	0	0	0	0	0	0	0	0	0	0	0	0	0	0	0	
L_elegans	0	0	0	0	0	0	0	0	0	0	0	0	0	1	0	0	0	0	0	0	0	0	0	0	0	0	0	0	0	0	0	0	0	0	0	0	0	0	0	0	0	0	0	0	0	0	
L_campanulatum	0	0	0	0	0	0	0	0	0	0	0	0	0	1	0	0	0	0	0	0	0	0	0	0	0	0	0	0	0	0	0	0	0	0	0	0	0	0	0	0	0	0	0	0	0	0	
N19	4.43471e-23	1.60416e-20	6.11584e-18	1.7534e-15	3.65625e-13	5.39245e-11	5.44918e-09	3.63687e-07	1.53658e-05	0.00039143	0.0056902	0.0444564	0.175679	0.333117	0.293664	0.120557	0.0238789	0.00241393	0.000132608	4.20596e-06	8.13571e-08	1.00691e-09	8.31131e-12	4.74197e-14	1.92868e-16	5.7436e-19	1.28185e-21	2.18808e-24	2.90842e-27	3.0585e-30	2.58081e-33	1.76963e-36	9.97287e-40	4.66678e-43	1.83024e-46	6.06678e-50	1.71285e-53	4.14819e-57	8.67355e-61	1.57519e-64	2.49845e-68	3.47885e-72	4.27262e-76	4.64917e-80	4.50456e-84	4.51951e-88	
L_capitatum	0	0	0	0	0	0	0	0	0	0	0	0	0	1	0	0	0	0	0	0	0	0	0	0	0	0	0	0	0	0	0	0	0	0	0	0	0	0	0	0	0	0	0	0	0	0	
N20	1.98045e-22	5.03205e-20	1.42794e-17	3.1363e-15	5.16852e-13	6.22994e-11	5.33356e-09	3.13367e-07	1.21365e-05	0.000295566	0.00428558	0.0347935	0.148262	0.312435	0.31282	0.148147	0.0344646	0.00418821	0.000284239	1.147e-05	2.90838e-07	4.85887e-09	5.56853e-11	4.53086e-13	2.69522e-15	1.20206e-17	4.10815e-20	1.09647e-22	2.32382e-25	3.96862e-28	5.533e-31	6.37111e-34	6.12247e-37	4.95651e-40	3.40922e-43	2.00779e-46	1.0196e-49	4.49362e-53	1.72898e-56	5.83968e-60	1.74015e-63	4.59636e-67	1.08085e-70	2.27196e-74	4.28988e-78	8.74751e-82	
L_gyaricum	0	0	0	0	0	0	0	0	0	0	0	0	0	0	1	0	0	0	0	0	0	0	0	0	0	0	0	0	0	0	0	0	0	0	0	0	0	0	0	0	0	0	0	0	0	0	
L_tauricum	0	0	0	0	0	0	0	0	0	0	0	0	0	0	1	0	0	0	0	0	0	0	0	0	0	0	0	0	0	0	0	0	0	0	0	0	0	0	0	0	0	0	0	0	0	0	
L_flavum	0	0	0	0	0	0	0	0	0	0	0	0	0	0	1	0	0	0	0	0	0	0	0	0	0	0	0	0	0	0	0	0	0	0	0	0	0	0	0	0	0	0	0	0	0	0	
L_nodiflorum	0	0	0	0	0	0	0	0	0	0	0	0	1	0	0	0	0	0	0	0	0	0	0	0	0	0	0	0	0	0	0	0	0	0	0	0	0	0	0	0	0	0	0	0	0	0	
N21	0.00669347	0.00893974	0.0140527	0.0234486	0.0385305	0.0596119	0.0846998	0.109029	0.126197	0.130797	0.121108	0.100057	0.073722	0.0484388	0.0283901	0.0148512	0.00693927	0.00289896	0.001084	0.000363251	0.000109235	2.95197e-05	7.17969e-06	1.57405e-06	3.11557e-07	5.5766e-08	9.04119e-09	1.3299e-09	1.77775e-10	2.16318e-11	2.39991e-12	2.43153e-13	2.25342e-14	1.91324e-15	1.49051e-16	1.06708e-17	7.03096e-19	4.2699e-20	2.3935e-21	1.24015e-22	5.94771e-24	2.64443e-25	1.0929e-26	4.24457e-28	1.67039e-29	1.17141e-30	
N22	5.29574e-05	0.000182603	0.000840512	0.00354241	0.0124836	0.0356011	0.080491	0.142053	0.193475	0.201937	0.16114	0.0985176	0.0464228	0.017007	0.00489442	0.00111887	0.000205473	3.06467e-05	3.75142e-06	3.80574e-07	3.22894e-08	2.31051e-09	1.40522e-10	7.31588e-12	3.28193e-13	1.27634e-14	4.32717e-16	1.28557e-17	3.36301e-19	7.78109e-21	1.59897e-22	2.92964e-24	4.80331e-26	7.07133e-28	9.37748e-30	1.12359e-31	1.21982e-33	1.20316e-35	1.08092e-37	8.86664e-40	6.656e-42	4.58278e-44	2.90143e-46	1.69891e-48	9.52257e-51	7.70326e-53	
N23	3.51801e-14	4.75179e-12	6.50326e-10	6.78099e-08	4.90677e-06	0.000227272	0.00610033	0.0815371	0.4117	0.412244	0.0818258	0.00612714	0.000227855	4.88521e-06	6.62982e-08	6.07223e-10	3.93342e-12	1.86789e-14	6.69057e-17	1.85011e-19	4.02701e-22	7.01419e-25	9.91652e-28	1.15219e-30	1.11233e-33	9.01004e-37	6.17744e-40	3.61339e-43	1.81619e-46	7.89587e-50	2.98701e-53	9.8872e-57	2.87826e-60	7.40389e-64	1.69034e-67	3.43916e-71	6.25972e-75	1.02291e-78	1.50579e-82	2.0031e-86	2.41515e-90	2.64673e-94	2.64332e-98	2.41222e-102	2.02596e-106	1.89552e-110	
L_corymbulosum	0	0	0	0	0	0	0	0	1	0	0	0	0	0	0	0	0	0	0	0	0	0	0	0	0	0	0	0	0	0	0	0	0	0	0	0	0	0	0	0	0	0	0	0	0	0	
L_trigynum	0	0	0	0	0	0	0	0	0	1	0	0	0	0	0	0	0	0	0	0	0	0	0	0	0	0	0	0	0	0	0	0	0	0	0	0	0	0	0	0	0	0	0	0	0	0	
L_tenue1	0	0	0	0	0	0	0	0	0	1	0	0	0	0	0	0	0	0	0	0	0	0	0	0	0	0	0	0	0	0	0	0	0	0	0	0	0	0	0	0	0	0	0	0	0	0	
L_maritimum	0	0	0	0	0	0	0	0	0	1	0	0	0	0	0	0	0	0	0	0	0	0	0	0	0	0	0	0	0	0	0	0	0	0	0	0	0	0	0	0	0	0	0	0	0	0	
L_catharticum	0	0	0	0	0	0	0	1	0	0	0	0	0	0	0	0	0	0	0	0	0	0	0	0	0	0	0	0	0	0	0	0	0	0	0	0	0	0	0	0	0	0	0	0	0	0	
N24	0.00673157	0.00888572	0.0132623	0.0202702	0.0302416	0.0431655	0.0583986	0.0744794	0.0891992	0.100014	0.10473	0.102219	0.0928442	0.0783792	0.061441	0.0446915	0.0301502	0.0188591	0.0109359	0.00587873	0.00292989	0.00135409	0.00058049	0.000230915	8.52723e-05	2.92465e-05	9.32149e-06	2.76245e-06	7.61683e-07	1.95527e-07	4.67615e-08	1.04262e-08	2.16887e-09	4.21244e-10	7.64451e-11	1.29722e-11	2.05995e-12	3.06352e-13	4.27029e-14	5.58426e-15	6.86001e-16	7.93942e-17	8.73405e-18	9.43316e-19	1.13388e-19	2.41561e-20	
N25	3.79993e-06	1.1668e-05	4.57677e-05	0.000175758	0.000618564	0.0019473	0.00542167	0.0132635	0.0283811	0.0529251	0.0857452	0.12037	0.146084	0.152993	0.138073	0.107274	0.0717143	0.041248	0.0204191	0.00870627	0.00320095	0.00101628	0.000279128	6.64548e-05	1.37453e-05	2.47592e-06	3.89384e-07	5.36073e-08	6.47815e-09	6.89051e-10	6.46876e-11	5.3747e-12	3.96309e-13	2.60032e-14	1.52223e-15	7.97105e-17	3.74306e-18	1.58009e-19	6.0106e-21	2.06512e-22	6.42349e-24	1.81347e-25	4.66719e-27	1.11169e-28	2.65081e-30	1.01478e-31	
N26	3.55056e-07	1.27113e-06	6.23805e-06	3.10479e-05	0.000142761	0.000582019	0.00206253	0.00628734	0.0163836	0.0363355	0.0683531	0.108763	0.146047	0.165184	0.15713	0.125574	0.0842559	0.0474526	0.0224365	0.0089112	0.00297594	0.000836752	0.000198413	3.9755e-05	6.74561e-06	9.7165e-07	1.19122e-07	1.2464e-08	1.11622e-09	8.58127e-11	5.6801e-12	3.24695e-13	1.60778e-14	6.91703e-16	2.5933e-17	8.49786e-19	2.44093e-20	6.16352e-22	1.37197e-23	2.69957e-25	4.70796e-27	7.2962e-29	1.0075e-30	1.24493e-32	1.42051e-34	2.4716e-36	
N27	9.70125e-10	5.66534e-09	5.13228e-08	4.59016e-07	3.63325e-06	2.45873e-05	0.000140158	0.000667472	0.00264108	0.00864782	0.0233579	0.0519121	0.094741	0.141767	0.173742	0.174274	0.143036	0.0960738	0.052837	0.0238141	0.00880719	0.00267689	0.000669936	0.000138353	2.36346e-05	3.34863e-06	3.94629e-07	3.88002e-08	3.19293e-09	2.20646e-10	1.28481e-11	6.32613e-13	2.64323e-14	9.40557e-16	2.86056e-17	7.46262e-19	1.67593e-20	3.25148e-22	5.46863e-24	8.00088e-26	1.0217e-27	1.14252e-29	1.12262e-31	9.74184e-34	7.68781e-36	8.69303e-38	
N28	1.27984e-13	1.12589e-12	1.51294e-11	2.00625e-10	2.37796e-09	2.45295e-08	2.18215e-07	1.66626e-06	1.08826e-05	6.06063e-05	0.000286989	0.00115252	0.00391597	0.0112335	0.0271565	0.0552357	0.0944025	0.13543	0.162964	0.164404	0.13903	0.0985678	0.0586106	0.0292513	0.0122656	0.00432688	0.00128618	0.00032277	6.85299e-05	1.23398e-05	1.88936e-06	2.46678e-07	2.75461e-08	2.63915e-09	2.17649e-10	1.55019e-11	9.56795e-13	5.13501e-14	2.40456e-15	9.85779e-17	3.55006e-18	1.12688e-19	3.16518e-21	7.93791e-23	1.88358e-24	7.24589e-26	
C_selaginoides	0	0	0	0	0	0	0	0	0	0	0	0	0	0	0	0	0	1	0	0	0	0	0	0	0	0	0	0	0	0	0	0	0	0	0	0	0	0	0	0	0	0	0	0	0	0	
N29	2.78209e-22	7.31232e-21	2.88085e-19	1.05812e-17	3.41628e-16	9.56752e-15	2.31034e-13	4.78829e-12	8.4805e-11	1.27796e-09	1.63146e-08	1.75679e-07	1.58877e-06	1.20157e-05	7.56795e-05	0.000395367	0.00170675	0.00606679	0.0177012	0.0422788	0.0824828	0.131224	0.170067	0.179473	0.154248	0.108042	0.0617509	0.0288461	0.0110357	0.00346561	0.00089567	0.000191035	3.37265e-05	4.94415e-06	6.03837e-07	6.16559e-08	5.28257e-09	3.81234e-10	2.32672e-11	1.20593e-12	5.33233e-14	2.02294e-15	6.64502e-17	1.92987e-18	5.29305e-20	2.11755e-21	
L_littorale	0	0	0	0	0	0	0	0	0	0	0	0	0	0	0	0	0	0	0	0	0	0	0	0	0	0	0	0	0	0	0	0	0	0	0	1	0	0	0	0	0	0	0	0	0	0	
N30	1.68439e-27	1.25833e-25	1.30111e-23	1.18687e-21	9.22091e-20	6.05013e-18	3.32963e-16	1.52611e-14	5.78231e-13	1.79703e-11	4.54392e-10	9.27055e-09	1.51321e-07	1.95948e-06	1.99643e-05	0.00015881	0.000979444	0.00465577	0.016979	0.0473548	0.100834	0.163863	0.203388	0.193143	0.140666	0.0788011	0.0340671	0.0114064	0.00296898	0.000603164	9.60363e-05	1.20369e-05	1.19315e-06	9.40012e-08	5.91749e-09	2.99339e-10	1.22407e-11	4.07174e-13	1.10887e-14	2.4886e-16	4.63287e-18	7.20108e-20	9.40593e-22	1.04016e-23	1.00275e-25	1.35958e-27	
N31	6.20483e-32	8.27506e-30	1.4455e-27	2.19877e-25	2.85146e-23	3.12828e-21	2.88095e-19	2.20884e-17	1.39746e-15	7.22674e-14	3.02413e-12	1.01319e-10	2.68782e-09	5.58212e-08	8.9739e-07	1.10479e-05	0.000103167	0.000725225	0.00381878	0.0150324	0.0442678	0.097792	0.162722	0.204914	0.196244	0.143592	0.0806082	0.0348386	0.0116243	0.00300022	0.000599707	9.28915e-05	1.11518e-05	1.03782e-06	7.49286e-08	4.20527e-09	1.84184e-10	6.33353e-12	1.72356e-13	3.74647e-15	6.56999e-17	9.38995e-19	1.10507e-20	1.08481e-22	9.25807e-25	1.07042e-26	
L_macraei	0	0	0	0	0	0	0	0	0	0	0	0	0	0	0	0	0	0	0	0	0	0	0	0	0	0	0	0	0	0	0	0	0	0	0	1	0	0	0	0	0	0	0	0	0	0	
L_prostratum	0	0	0	0	0	0	0	0	0	0	0	0	0	0	0	0	0	1	0	0	0	0	0	0	0	0	0	0	0	0	0	0	0	0	0	0	0	0	0	0	0	0	0	0	0	0	
L_oligophyllum	0	0	0	0	0	0	0	0	0	0	0	0	0	0	0	0	0	1	0	0	0	0	0	0	0	0	0	0	0	0	0	0	0	0	0	0	0	0	0	0	0	0	0	0	0	0	
N32	9.94643e-09	5.50913e-08	4.2939e-07	3.17559e-06	2.06815e-05	0.00011566	0.0005478	0.00217783	0.00722269	0.0198916	0.0453333	0.0852597	0.132041	0.168111	0.175754	0.15078	0.106129	0.0613057	0.0290859	0.0113479	0.00364692	0.00096743	0.000212356	3.86789e-05	5.86396e-06	7.42446e-07	7.87834e-08	7.03248e-09	5.30086e-10	3.38723e-11	1.84212e-12	8.56028e-14	3.41252e-15	1.17161e-16	3.47769e-18	8.95884e-20	2.0104e-21	3.94421e-23	6.78923e-25	1.02886e-26	1.37727e-28	1.63386e-30	1.72353e-32	1.626e-34	1.41839e-36	1.81124e-38	
N33	1.64298e-08	7.71381e-08	5.5647e-07	3.96062e-06	2.49383e-05	0.000134601	0.000615069	0.00236385	0.00760651	0.0204221	0.0456147	0.0845589	0.129845	0.164921	0.173099	0.150071	0.107476	0.0636211	0.0311632	0.0126509	0.00426494	0.00119695	0.000280425	5.5015e-05	9.0682e-06	1.26031e-06	1.4824e-07	1.48128e-08	1.26236e-09	9.21103e-11	5.77715e-12	3.12676e-13	1.46597e-14	5.97653e-16	2.12658e-17	6.62824e-19	1.81606e-20	4.38898e-22	9.38736e-24	1.78265e-25	3.01494e-27	4.55506e-29	6.1671e-31	7.52464e-33	8.59089e-35	1.4995e-36	
L_kingii	0	0	0	0	0	0	0	0	0	0	0	0	1	0	0	0	0	0	0	0	0	0	0	0	0	0	0	0	0	0	0	0	0	0	0	0	0	0	0	0	0	0	0	0	0	0	
N34	1.31671e-09	7.10249e-09	6.23476e-08	5.37568e-07	4.06208e-06	2.62272e-05	0.000143455	0.000661149	0.00255555	0.00824871	0.0221436	0.0492582	0.0905067	0.136996	0.170486	0.174214	0.146109	0.100606	0.0569392	0.0265384	0.0102128	0.0032555	0.000862803	0.000190906	3.54211e-05	5.53668e-06	7.32564e-07	8.24391e-08	7.92853e-09	6.54758e-10	4.6646e-11	2.87979e-12	1.5475e-13	7.26887e-15	2.99676e-16	1.08867e-17	3.49817e-19	9.97842e-21	2.53552e-22	5.75836e-24	1.17257e-25	2.14739e-27	3.54742e-29	5.30951e-31	7.44239e-33	1.65489e-34	
L_rupestre	0	0	0	0	0	0	0	0	0	0	0	0	0	0	0	0	0	1	0	0	0	0	0	0	0	0	0	0	0	0	0	0	0	0	0	0	0	0	0	0	0	0	0	0	0	0	
L_vernale	0	0	0	0	0	0	0	0	0	0	0	0	0	0	1	0	0	0	0	0	0	0	0	0	0	0	0	0	0	0	0	0	0	0	0	0	0	0	0	0	0	0	0	0	0	0	
L_striatum	0	0	0	0	0	0	0	0	1	0	0	0	0	0	0	0	0	0	0	0	0	0	0	0	0	0	0	0	0	0	0	0	0	0	0	0	0	0	0	0	0	0	0	0	0	0	
N35	3.38612e-05	7.47863e-05	0.00022438	0.00069275	0.00199938	0.00522682	0.0122176	0.0253551	0.0465013	0.0751199	0.106635	0.132788	0.144882	0.1384	0.115702	0.0846438	0.0541972	0.0303867	0.0149284	0.00643231	0.00243348	0.000809407	0.000237042	6.12226e-05	1.39698e-05	2.82147e-06	5.05382e-07	8.04473e-08	1.14041e-08	1.44279e-09	1.63258e-10	1.65587e-11	1.50872e-12	1.23756e-13	9.1589e-15	6.12868e-16	3.71581e-17	2.04554e-18	1.0245e-19	4.67773e-21	1.95089e-22	7.44714e-24	2.60931e-25	8.47013e-27	2.72184e-28	1.51833e-29	
He_micranthum	0	0	0	0	0	0	0	0	0	0	0	0	0	0	0	0	0	1	0	0	0	0	0	0	0	0	0	0	0	0	0	0	0	0	0	0	0	0	0	0	0	0	0	0	0	0	
S_digynum	0	0	0	0	0	1	0	0	0	0	0	0	0	0	0	0	0	0	0	0	0	0	0	0	0	0	0	0	0	0	0	0	0	0	0	0	0	0	0	0	0	0	0	0	0	0	
N36	2.56761e-11	3.1078e-10	4.8647e-09	7.02825e-08	8.67053e-07	8.83869e-06	7.30238e-05	0.000482072	0.00251276	0.010231	0.0322207	0.0777983	0.142947	0.198732	0.208312	0.164457	0.0979315	0.0441592	0.0151689	0.00399979	0.000816762	0.000130395	1.64366e-05	1.65212e-06	1.3371e-07	8.79547e-09	4.74485e-10	2.11716e-11	7.87666e-13	2.4619e-14	6.51058e-16	1.46646e-17	2.83091e-19	4.71102e-21	6.79525e-23	8.53922e-25	9.39369e-27	9.0869e-29	7.76241e-31	5.87912e-33	3.96283e-35	2.38608e-37	1.28899e-39	6.30926e-42	2.94137e-44	1.95288e-46	
N37	1.38196e-12	2.12195e-11	5.00479e-10	1.06618e-08	1.86048e-07	2.58174e-06	2.80303e-05	0.00023512	0.00150674	0.00730105	0.0264964	0.0714068	0.141878	0.206696	0.220043	0.17099	0.0971176	0.0404639	0.0124377	0.00284105	0.000486396	6.29974e-05	6.23345e-06	4.75923e-07	2.83176e-08	1.32592e-09	4.93191e-11	1.47057e-12	3.54557e-14	6.96937e-16	1.12563e-17	1.50488e-19	1.67701e-21	1.56806e-23	1.23787e-25	8.29903e-28	4.75138e-30	2.33521e-32	9.90135e-35	3.63877e-37	1.16421e-39	3.25646e-42	7.99554e-45	1.73061e-47	3.34894e-50	8.17943e-53	
N38	3.42988e-13	6.66816e-12	1.92257e-10	4.74171e-09	9.35606e-08	1.45131e-06	1.74806e-05	0.000161559	0.00113238	0.00595059	0.0231891	0.0663486	0.138197	0.208177	0.225876	0.176309	0.0991723	0.0403825	0.0119869	0.00261687	0.000424488	5.17332e-05	4.79173e-06	3.41254e-07	1.89018e-08	8.23399e-10	2.85139e-11	7.9302e-13	1.78857e-14	3.30143e-16	5.03059e-18	6.3794e-20	6.78409e-22	6.09338e-24	4.65359e-26	3.04098e-28	1.71039e-30	8.32606e-33	3.5262e-35	1.30564e-37	4.2461e-40	1.21813e-42	3.09536e-45	6.99548e-48	1.42239e-50	3.66488e-53	
N39	1.03507e-17	5.84606e-16	4.3738e-14	2.73139e-12	1.3593e-10	5.29045e-09	1.5814e-07	3.55721e-06	5.88166e-05	0.000695593	0.00569933	0.0311716	0.109069	0.233239	0.292512	0.210943	0.0892395	0.0230869	0.00382425	0.000423309	3.25032e-05	1.78757e-06	7.2372e-08	2.20836e-09	5.18338e-11	9.52619e-13	1.39246e-14	1.64141e-16	1.57975e-18	1.25521e-20	8.31642e-23	4.63647e-25	2.19306e-27	8.8675e-30	3.08631e-32	9.3053e-35	2.44468e-37	5.62699e-40	1.14046e-42	2.04491e-45	3.25804e-48	4.63127e-51	5.89615e-54	6.74769e-57	6.99402e-60	8.71162e-63	
L_acuticarpum	0	0	0	0	0	0	0	0	0	0	0	0	0	0	1	0	0	0	0	0	0	0	0	0	0	0	0	0	0	0	0	0	0	0	0	0	0	0	0	0	0	0	0	0	0	0	
L_gracile	0	0	0	0	0	0	0	0	0	0	0	0	0	0	1	0	0	0	0	0	0	0	0	0	0	0	0	0	0	0	0	0	0	0	0	0	0	0	0	0	0	0	0	0	0	0	
L_heterostylum	0	0	0	0	0	0	0	0	0	0	0	0	0	0	1	0	0	0	0	0	0	0	0	0	0	0	0	0	0	0	0	0	0	0	0	0	0	0	0	0	0	0	0	0	0	0	
L_africanum	0	0	0	0	0	0	0	0	0	0	0	0	0	0	1	0	0	0	0	0	0	0	0	0	0	0	0	0	0	0	0	0	0	0	0	0	0	0	0	0	0	0	0	0	0	0	
L_comptonii	0	0	0	0	0	0	0	0	0	0	0	0	0	0	1	0	0	0	0	0	0	0	0	0	0	0	0	0	0	0	0	0	0	0	0	0	0	0	0	0	0	0	0	0	0	0	
Ra_linoides	0	0	0	0	0	0	0	0	1	0	0	0	0	0	0	0	0	0	0	0	0	0	0	0	0	0	0	0	0	0	0	0	0	0	0	0	0	0	0	0	0	0	0	0	0	0	
N40	0.111441	0.112597	0.110873	0.106371	0.0993604	0.0902758	0.0796902	0.0682651	0.0566825	0.0455705	0.0354381	0.0266334	0.0193293	0.0135376	0.0091443	0.00595416	0.00373559	0.00225736	0.0013134	0.00073557	0.000396431	0.000205557	0.000102525	4.91803e-05	2.26855e-05	1.00611e-05	4.28977e-06	1.75824e-06	6.92697e-07	2.62305e-07	9.54657e-08	3.33931e-08	1.12262e-08	3.62726e-09	1.12647e-09	3.36284e-10	9.65216e-11	2.66475e-11	7.08211e-12	1.81509e-12	4.50302e-13	1.09065e-13	2.63193e-14	6.65693e-15	2.00444e-15	9.47389e-16	
N41	0.0977085	0.099673	0.0999477	0.0983489	0.0947422	0.0891154	0.0816321	0.072647	0.0626753	0.0523247	0.0422074	0.0328545	0.0246535	0.0178184	0.0123955	0.00829497	0.00533717	0.0033005	0.001961	0.00111914	0.000613339	0.000322731	0.000163019	7.90378e-05	3.67779e-05	1.64233e-05	7.03766e-06	2.89384e-06	1.14179e-06	4.32283e-07	1.57043e-07	5.47467e-08	1.83151e-08	5.88049e-09	1.81234e-09	5.36279e-10	1.52422e-10	4.16406e-11	1.09481e-11	2.77645e-12	6.82044e-13	1.63661e-13	3.90602e-14	9.68954e-15	2.81144e-15	1.27207e-15	
N42	0.0568479	0.0601534	0.0645722	0.0696798	0.0748093	0.0791223	0.0817416	0.0819256	0.0792402	0.0736742	0.0656561	0.0559645	0.0455578	0.035379	0.0261885	0.0184672	0.0124002	0.00792612	0.00482165	0.00279104	0.00153717	0.000805448	0.000401509	0.000190411	8.59087e-05	3.68761e-05	1.50606e-05	5.85274e-06	2.16438e-06	7.61747e-07	2.55176e-07	8.13722e-08	2.47047e-08	7.14191e-09	1.9663e-09	5.15655e-10	1.28833e-10	3.06722e-11	6.96071e-12	1.50665e-12	3.11531e-13	6.18268e-14	1.1959e-14	2.36918e-15	5.58091e-16	2.2231e-16	
N43	0.0342046	0.0372573	0.0421194	0.0485806	0.0561967	0.0642665	0.0718648	0.0779508	0.0815425	0.0819208	0.0788008	0.0724142	0.0634678	0.0529886	0.0421027	0.0318153	0.0228527	0.0155974	0.0101128	0.00622749	0.00364196	0.00202264	0.00106675	0.000534296	0.000254163	0.000114841	4.92939e-05	2.0103e-05	7.79072e-06	2.86959e-06	1.00479e-06	3.34531e-07	1.05925e-07	3.19058e-08	9.14432e-09	2.49437e-09	6.4777e-10	1.60205e-10	3.77513e-11	8.48306e-12	1.82138e-12	3.7572e-13	7.57019e-14	1.56666e-14	3.85203e-15	1.57875e-15	
N44	0.000391551	0.00116567	0.00413013	0.0131898	0.0352808	0.076638	0.13287	0.181832	0.1951	0.163689	0.107519	0.0555472	0.0227347	0.00743788	0.00196431	0.000423027	7.50346e-05	1.10679e-05	1.37003e-06	1.43535e-07	1.28291e-08	9.8546e-10	6.55013e-11	3.79111e-12	1.92188e-13	8.57974e-15	3.38991e-16	1.19094e-17	3.73643e-19	1.05108e-20	2.66111e-22	6.08494e-24	1.26079e-25	2.37442e-27	4.07622e-29	6.39631e-31	9.19815e-33	1.21525e-34	1.47887e-36	1.66235e-38	1.73234e-40	1.68345e-42	1.54243e-44	1.36269e-46	1.21955e-48	1.46023e-50	
N45	1.7708e-05	9.67642e-05	0.000657394	0.00384772	0.0173156	0.0568856	0.132578	0.215349	0.241264	0.185741	0.0985255	0.0363077	0.00941174	0.00174231	0.000234148	2.32281e-05	1.72892e-06	9.80661e-08	4.3011e-09	1.47856e-10	4.03404e-12	8.83691e-14	1.57088e-15	2.28838e-17	2.75664e-19	2.76903e-21	2.33733e-23	1.66979e-25	1.01632e-27	5.30275e-30	2.38543e-32	9.30145e-35	3.15952e-37	9.39315e-40	2.45484e-42	5.66299e-45	1.15761e-47	2.10451e-50	3.41439e-53	4.95977e-56	6.47052e-59	7.60381e-62	8.072e-65	7.76494e-68	6.85285e-71	7.65995e-74	
N46	4.1302e-06	2.78493e-05	0.000267565	0.00213008	0.0122619	0.0485766	0.129016	0.225984	0.258532	0.192493	0.0935006	0.0298576	0.00634307	0.000909871	8.9594e-05	6.16186e-06	3.01179e-07	1.06412e-08	2.76244e-10	5.3511e-12	7.84807e-14	8.83422e-16	7.73006e-18	5.32048e-20	2.91247e-22	1.28106e-24	4.57113e-27	1.33502e-29	3.2178e-32	6.45061e-35	1.08331e-37	1.53443e-40	1.84474e-43	1.89362e-46	1.66896e-49	1.26959e-52	8.37701e-56	4.81661e-59	2.42396e-62	1.07211e-65	4.18395e-69	1.44603e-72	4.44158e-76	1.21652e-79	2.98299e-83	7.83888e-87	
N47	2.49984e-06	1.9466e-05	0.000210531	0.00180971	0.0110121	0.0456095	0.125548	0.225739	0.262205	0.196017	0.0946935	0.0298877	0.00626378	0.000888755	8.71841e-05	6.04017e-06	3.01752e-07	1.10879e-08	3.05293e-10	6.40823e-12	1.04188e-13	1.33134e-15	1.35509e-17	1.11217e-19	7.44335e-22	4.10423e-24	1.88218e-26	7.2415e-29	2.35616e-31	6.53126e-34	1.55298e-36	3.18756e-39	5.68093e-42	8.83931e-45	1.20687e-47	1.45281e-50	1.54878e-53	1.46825e-56	1.24262e-59	9.4231e-63	6.42482e-66	3.9514e-69	2.19885e-72	1.11038e-75	5.11572e-79	2.71104e-82	
N48	7.88646e-08	1.28958e-06	2.6777e-05	0.000407746	0.0041408	0.0267408	0.104961	0.239298	0.304956	0.213661	0.0837805	0.0191191	0.00265735	0.000235106	1.37822e-05	5.54612e-07	1.58033e-08	3.27623e-10	5.06044e-12	5.94664e-14	5.41561e-16	3.88539e-18	2.22833e-20	1.03507e-22	3.94015e-25	1.2423e-27	3.27565e-30	7.28665e-33	1.37846e-35	2.23398e-38	3.12252e-41	3.78762e-44	4.01007e-47	3.72535e-50	3.05176e-53	2.2146e-56	1.42975e-59	8.24475e-63	4.26262e-66	1.98281e-69	8.3258e-73	3.16562e-76	1.09309e-79	3.43728e-83	9.87913e-87	3.14752e-90	
N49	1.17562e-10	6.96023e-09	4.51236e-07	1.95632e-05	0.000523079	0.00804376	0.0652339	0.249505	0.392031	0.225133	0.0532037	0.00594352	0.000351041	1.19515e-05	2.50935e-07	3.42886e-09	3.18575e-11	2.08684e-13	9.9359e-16	3.52864e-18	9.55768e-21	2.01293e-23	3.3525e-26	4.48165e-29	4.8727e-32	4.35994e-35	3.24461e-38	2.02748e-41	1.07304e-44	4.84783e-48	1.88309e-51	6.33056e-55	1.85304e-58	4.74924e-62	1.07126e-65	2.13689e-69	3.78626e-73	5.98388e-77	8.46801e-81	1.07691e-84	1.23496e-88	1.28111e-92	1.20584e-96	1.03273e-100	8.07158e-105	6.53825e-109	
N50	9.48954e-15	2.83833e-12	7.85312e-10	1.38222e-07	1.4321e-05	0.000795356	0.0207567	0.208054	0.561581	0.190707	0.0174657	0.000615841	1.02319e-05	9.1376e-08	4.81469e-10	1.60466e-12	3.57018e-15	5.53549e-18	6.19418e-21	5.14976e-24	3.25976e-27	1.60412e-30	6.24814e-34	1.95671e-37	4.99496e-41	1.05207e-44	1.8483e-48	2.73475e-52	3.43778e-56	3.70069e-60	3.436e-64	2.76974e-68	1.95006e-72	1.20581e-76	6.58186e-81	3.18641e-85	1.37416e-89	5.3006e-94	1.83573e-98	5.72833e-103	1.61594e-107	4.13378e-112	9.61767e-117	2.04073e-121	3.95961e-126	7.61809e-131	
L_alpinum	0	0	0	0	0	0	0	0	1	0	0	0	0	0	0	0	0	0	0	0	0	0	0	0	0	0	0	0	0	0	0	0	0	0	0	0	0	0	0	0	0	0	0	0	0	0	
L_punctatum1	0	0	0	0	0	0	0	0	1	0	0	0	0	0	0	0	0	0	0	0	0	0	0	0	0	0	0	0	0	0	0	0	0	0	0	0	0	0	0	0	0	0	0	0	0	0	
L_perenne	0	0	0	0	0	0	0	0	1	0	0	0	0	0	0	0	0	0	0	0	0	0	0	0	0	0	0	0	0	0	0	0	0	0	0	0	0	0	0	0	0	0	0	0	0	0	
L_lewisii	0	0	0	0	0	0	0	0	1	0	0	0	0	0	0	0	0	0	0	0	0	0	0	0	0	0	0	0	0	0	0	0	0	0	0	0	0	0	0	0	0	0	0	0	0	0	
L_leonii	0	0	0	0	0	0	0	0	1	0	0	0	0	0	0	0	0	0	0	0	0	0	0	0	0	0	0	0	0	0	0	0	0	0	0	0	0	0	0	0	0	0	0	0	0	0	
N51	5.93175e-06	3.72481e-05	0.000333486	0.00243888	0.0129738	0.0484776	0.124559	0.216518	0.251881	0.19537	0.101455	0.0356663	0.00862568	0.00146259	0.00017742	1.57103e-05	1.03537e-06	5.1722e-08	1.99201e-09	6.00795e-11	1.43943e-12	2.77559e-14	4.35916e-16	5.63713e-18	6.0624e-20	5.47162e-22	4.17926e-24	2.72225e-26	1.52288e-28	7.3646e-31	3.09736e-33	1.13925e-35	3.68369e-38	1.05216e-40	2.66664e-43	6.02228e-46	1.21668e-48	2.20707e-51	3.60726e-54	5.32942e-57	7.13928e-60	8.69678e-63	9.66005e-66	9.80966e-69	9.15357e-72	1.02743e-74	
L_austr_mauritanicum	0	0	0	0	0	0	0	0	1	0	0	0	0	0	0	0	0	0	0	0	0	0	0	0	0	0	0	0	0	0	0	0	0	0	0	0	0	0	0	0	0	0	0	0	0	0	
L_austriacum	0	0	0	0	0	0	0	0	1	0	0	0	0	0	0	0	0	0	0	0	0	0	0	0	0	0	0	0	0	0	0	0	0	0	0	0	0	0	0	0	0	0	0	0	0	0	
L_pallescens	0	0	0	0	0	0	0	0	1	0	0	0	0	0	0	0	0	0	0	0	0	0	0	0	0	0	0	0	0	0	0	0	0	0	0	0	0	0	0	0	0	0	0	0	0	0	
L_pycnophyllum	0	0	0	0	0	0	0	0	1	0	0	0	0	0	0	0	0	0	0	0	0	0	0	0	0	0	0	0	0	0	0	0	0	0	0	0	0	0	0	0	0	0	0	0	0	0	
N52	2.96016e-08	1.31703e-07	8.03524e-07	4.64908e-06	2.40529e-05	0.000109985	0.000441969	0.00155288	0.00474647	0.0125569	0.0286092	0.0558692	0.0931061	0.131905	0.15837	0.160788	0.137871	0.0998309	0.0610988	0.0316672	0.0139386	0.0052288	0.00167859	0.000463243	0.000110423	2.28462e-05	4.12283e-06	6.52068e-07	9.08124e-08	1.11872e-08	1.22434e-09	1.19535e-10	1.0452e-11	8.21567e-13	5.82584e-14	3.73938e-15	2.17944e-16	1.15697e-17	5.61082e-19	2.49358e-20	1.0194e-21	3.85513e-23	1.36299e-24	4.60991e-26	1.58616e-27	8.3363e-29	
L_aroanium1	0	0	0	0	0	0	0	0	0	0	0	0	0	0	0	0	0	1	0	0	0	0	0	0	0	0	0	0	0	0	0	0	0	0	0	0	0	0	0	0	0	0	0	0	0	0	
L_nervosum	0	0	0	0	0	0	0	0	0	0	0	0	0	0	1	0	0	0	0	0	0	0	0	0	0	0	0	0	0	0	0	0	0	0	0	0	0	0	0	0	0	0	0	0	0	0	
N53	0.0159338	0.0189106	0.0244496	0.0326093	0.0432021	0.0556259	0.0687567	0.0809888	0.090474	0.0955292	0.0950958	0.0890733	0.0783839	0.0647248	0.0501027	0.0363303	0.0246625	0.0156665	0.00930956	0.00517374	0.00268864	0.00130641	0.000593525	0.000252131	0.000100156	3.72092e-05	1.29306e-05	4.20403e-06	1.27907e-06	3.64267e-07	9.71321e-08	2.42582e-08	5.67609e-09	1.24476e-09	2.55936e-10	4.93568e-11	8.93117e-12	1.51705e-12	2.42008e-13	3.62796e-14	5.11654e-15	6.80773e-16	8.62615e-17	1.07785e-17	1.51779e-18	3.80336e-19	
N54	0.00792877	0.00970267	0.0132559	0.0189968	0.0273042	0.0383058	0.05163	0.0662251	0.0803601	0.0918846	0.0987284	0.0994899	0.0938889	0.082882	0.0683819	0.0526944	0.0379058	0.0254445	0.0159331	0.0093055	0.00506821	0.00257405	0.00121907	0.000538399	0.000221763	8.52008e-05	3.05381e-05	1.02135e-05	3.18824e-06	9.2915e-07	2.52878e-07	6.42936e-08	1.52759e-08	3.39303e-09	7.04825e-10	1.36982e-10	2.49186e-11	4.24488e-12	6.77524e-13	1.01399e-13	1.42502e-14	1.88729e-15	2.38107e-16	2.96584e-17	4.13613e-18	9.98993e-19	
N55	0.000218915	0.0003347	0.000640574	0.00132286	0.00271995	0.00536903	0.0100107	0.0174932	0.0285249	0.0432831	0.0609934	0.0796979	0.0964449	0.107982	0.11177	0.106889	0.0943982	0.0769616	0.0579113	0.0402139	0.0257691	0.0152389	0.00831762	0.00419106	0.00195006	0.000838146	0.000332895	0.000122239	4.15184e-05	1.30508e-05	3.7989e-06	1.02463e-06	2.56246e-07	5.94592e-08	1.28105e-08	2.56459e-09	4.77422e-10	8.27096e-11	1.33453e-11	2.00724e-12	2.81757e-13	3.69981e-14	4.57995e-15	5.5173e-16	7.40818e-17	1.79946e-17	
N56	2.64391e-21	2.84479e-19	3.21611e-17	3.18864e-15	2.69862e-13	1.90003e-11	1.08447e-09	4.88201e-08	1.68039e-06	4.26011e-05	0.000758667	0.00891084	0.0632164	0.238248	0.394226	0.228149	0.0579573	0.00781761	0.000636383	3.41202e-05	1.28231e-06	3.5376e-08	7.42208e-10	1.21777e-11	1.59815e-13	1.70898e-15	1.51239e-17	1.12235e-19	7.06384e-22	3.80781e-24	1.77326e-26	7.1885e-29	2.55398e-31	8.00107e-34	2.22232e-36	5.49981e-39	1.21825e-41	2.42533e-44	4.35637e-47	7.08583e-50	1.04764e-52	1.41469e-55	1.75954e-58	2.05659e-61	2.37973e-64	3.29857e-67	
L_bienne	0	0	0	0	0	0	0	0	0	0	0	0	0	0	1	0	0	0	0	0	0	0	0	0	0	0	0	0	0	0	0	0	0	0	0	0	0	0	0	0	0	0	0	0	0	0	
L_usitatissimum	0	0	0	0	0	0	0	0	0	0	0	0	0	0	1	0	0	0	0	0	0	0	0	0	0	0	0	0	0	0	0	0	0	0	0	0	0	0	0	0	0	0	0	0	0	0	
L_hologynum	0	0	0	0	0	0	0	0	0	0	0	0	0	0	0	0	0	0	0	0	1	0	0	0	0	0	0	0	0	0	0	0	0	0	0	0	0	0	0	0	0	0	0	0	0	0	
L_narbonense	0	0	0	0	0	0	0	0	0	0	0	0	0	1	0	0	0	0	0	0	0	0	0	0	0	0	0	0	0	0	0	0	0	0	0	0	0	0	0	0	0	0	0	0	0	0	
N57	0.0309652	0.0352895	0.0430791	0.0543267	0.0683351	0.0833642	0.0966724	0.105134	0.106291	0.0993433	0.0855389	0.0677119	0.0492182	0.0328316	0.0200951	0.0112868	0.00581934	0.00275559	0.0011991	0.000479844	0.000176721	5.99493e-05	1.87488e-05	5.4108e-06	1.44233e-06	3.55473e-07	8.10827e-08	1.71343e-08	3.35791e-09	6.10915e-10	1.03288e-10	1.62449e-11	2.3792e-12	3.2481e-13	4.13761e-14	4.92291e-15	5.47614e-16	5.70077e-17	5.55949e-18	5.08457e-19	4.36738e-20	3.53259e-21	2.70968e-22	2.01887e-23	1.6187e-24	2.31142e-25	
L_decumbens1	0	0	0	0	0	0	0	0	1	0	0	0	0	0	0	0	0	0	0	0	0	0	0	0	0	0	0	0	0	0	0	0	0	0	0	0	0	0	0	0	0	0	0	0	0	0	
L_grandiflorum	0	0	0	0	0	0	0	1	0	0	0	0	0	0	0	0	0	0	0	0	0	0	0	0	0	0	0	0	0	0	0	0	0	0	0	0	0	0	0	0	0	0	0	0	0	0	
L_stelleroides	0	0	0	0	0	0	0	0	1	0	0	0	0	0	0	0	0	0	0	0	0	0	0	0	0	0	0	0	0	0	0	0	0	0	0	0	0	0	0	0	0	0	0	0	0	0	
N58	0.0872459	0.0911105	0.0952331	0.0986478	0.100123	0.0984913	0.0930311	0.083748	0.0714417	0.0575066	0.0435451	0.0309508	0.0206188	0.0128613	0.0075069	0.00409873	0.00209313	0.000999817	0.000446785	0.000186831	7.31351e-05	2.6811e-05	9.20904e-06	2.96521e-06	8.95524e-07	2.53822e-07	6.75582e-08	1.68963e-08	3.97329e-09	8.79097e-10	1.83122e-10	3.5938e-11	6.64932e-12	1.16069e-12	1.91288e-13	2.97877e-14	4.38687e-15	6.11673e-16	8.08703e-17	1.01617e-17	1.2182e-18	1.40288e-19	1.57237e-20	1.76518e-21	2.16385e-22	4.25014e-23	
N59	0.0646957	0.0712273	0.0813825	0.0934481	0.104573	0.111317	0.110792	0.101907	0.0859603	0.0661612	0.0463131	0.0294241	0.0169459	0.00884115	0.00417777	0.00178822	0.000693587	0.000243908	7.78239e-05	2.25492e-05	5.93875e-06	1.42316e-06	3.1066e-07	6.1843e-08	1.12405e-08	1.86769e-09	2.84042e-10	3.95885e-11	5.06303e-12	5.94919e-13	6.43073e-14	6.40269e-15	5.87906e-16	4.98463e-17	3.90723e-18	2.8349e-19	1.90616e-20	1.18916e-21	6.891e-23	3.71353e-24	1.86325e-25	8.71732e-27	3.81534e-28	1.58402e-29	6.77694e-31	5.13981e-32	
N60	0.0382169	0.0460642	0.0607369	0.0813038	0.104208	0.123208	0.131494	0.125127	0.105419	0.0783211	0.0512004	0.0294211	0.0148572	0.00659588	0.00257643	0.000886511	0.00026909	7.21745e-05	1.71371e-05	3.60918e-06	6.75606e-07	1.12644e-07	1.67648e-08	2.23205e-09	2.66428e-10	2.8574e-11	2.75941e-12	2.40459e-13	1.89477e-14	1.35288e-15	8.77045e-17	5.17253e-18	2.78059e-19	1.36502e-20	6.13051e-22	2.5234e-23	9.53572e-25	3.31381e-26	1.06076e-27	3.13261e-29	8.54798e-31	2.15846e-32	5.05226e-34	1.10137e-35	2.34232e-37	8.51639e-39	
L_hirsutum	0	0	0	0	0	0	0	1	0	0	0	0	0	0	0	0	0	0	0	0	0	0	0	0	0	0	0	0	0	0	0	0	0	0	0	0	0	0	0	0	0	0	0	0	0	0	
L_seljukorum	0	0	0	0	0	0	0	1	0	0	0	0	0	0	0	0	0	0	0	0	0	0	0	0	0	0	0	0	0	0	0	0	0	0	0	0	0	0	0	0	0	0	0	0	0	0	
L_viscosum	0	0	0	0	0	0	0	1	0	0	0	0	0	0	0	0	0	0	0	0	0	0	0	0	0	0	0	0	0	0	0	0	0	0	0	0	0	0	0	0	0	0	0	0	0	0	
L_pubescens	0	0	0	0	0	0	0	1	0	0	0	0	0	0	0	0	0	0	0	0	0	0	0	0	0	0	0	0	0	0	0	0	0	0	0	0	0	0	0	0	0	0	0	0	0	0	
Re_indica	0	0	0	0	0	0	0	0	0	0	1	0	0	0	0	0	0	0	0	0	0	0	0	0	0	0	0	0	0	0	0	0	0	0	0	0	0	0	0	0	0	0	0	0	0	0	
