NODE	1	2	3	4	5	6	7	8	9	10	11	12	13	14	15	16	17	18	19	20	21	22	23	24	25	26	27	28	29	30	31	32	33	34	35	36	37	38	39	40	41	42	43	44	45	46	
N1	0.0369441	0.191653	0.433842	0.300481	0.0368087	0.000272224	8.58204e-23	6.29294e-34	1.73237e-42	6.69346e-43	1.21234e-43	1.98252e-53	1.63e-63	9.13841e-74	4.06596e-84	1.5366e-94	4.68934e-105	1.09479e-115	2.24148e-126	4.10156e-137	6.6941e-148	8.90768e-159	1.37816e-169	1.75316e-180	2.07226e-191	2.29566e-202	2.36048e-213	2.03759e-224	9.62317e-221	3.2275e-231	6.11854e-242	7.32346e-253	6.22574e-264	4.55435e-275	3.15118e-286	2.09038e-297	1.33181e-308	8.16246e-320	0	0	5.28564e-40	5.28564e-40	5.28564e-40	5.28564e-40	5.28564e-40	5.28564e-40	
N2	0.0098747	0.0984233	0.362218	0.415427	0.109687	0.00436967	2.22316e-14	6.0479e-27	7.03242e-47	1.13565e-57	5.32843e-64	2.50902e-64	1.84898e-64	4.38945e-64	9.87961e-64	1.38218e-63	1.08201e-63	4.75347e-64	3.29357e-64	7.12158e-64	1.34885e-63	1.40502e-63	1.1014e-63	4.84551e-64	3.37103e-64	7.37848e-64	1.44548e-63	1.63753e-63	4.0668e-50	5.57343e-38	5.78329e-37	2.05437e-35	7.25044e-34	6.41888e-33	1.08737e-32	4.33442e-33	1.22565e-33	4.86119e-34	5.87561e-34	6.96753e-34	4.72321e-34	1.88067e-34	1.10939e-34	2.23394e-34	4.52068e-34	1.78105e-33	
N3	1.23741e-06	3.28075e-05	0.00103133	0.0303589	0.297516	0.67106	4.69549e-11	4.09711e-22	2.29814e-42	4.42457e-54	3.86108e-64	3.88121e-64	5.24651e-64	4.69374e-64	3.5782e-64	3.73187e-64	5.16963e-64	7.54723e-64	1.03552e-63	9.28342e-64	6.42903e-64	3.96255e-64	5.59899e-64	8.22385e-64	1.13055e-63	1.01426e-63	7.02507e-64	4.33099e-64	9.79629e-39	1.66081e-37	1.07345e-36	1.12406e-35	4.92535e-34	1.09518e-32	4.00072e-32	6.43544e-32	6.20694e-32	4.8862e-32	3.3216e-32	2.27405e-32	1.81634e-32	1.63749e-32	1.41267e-32	1.08559e-32	8.24835e-33	6.48335e-32	
N4	4.54935e-08	2.76136e-06	6.59499e-05	0.00177468	0.0618223	0.454376	0.423595	0.0583634	3.70735e-13	2.20168e-35	2.74361e-57	3.4175e-77	2.43668e-88	6.01667e-100	2.28833e-111	7.60399e-122	1.6667e-132	1.51905e-143	4.36783e-155	5.37708e-167	1.06173e-178	1.42943e-189	1.88789e-200	1.0792e-211	2.0141e-223	1.6575e-235	2.24464e-247	1.8194e-245	3.24159e-256	1.9608e-267	4.15789e-279	2.26224e-290	2.09711e-301	9.46944e-312	1.4822e-322	0	8.40974e-33	2.09465e-33	3.83988e-34	2.17122e-34	5.58635e-34	7.55804e-34	3.30509e-34	8.34862e-35	3.33442e-35	1.57119e-33	
N5	2.3509e-09	1.07614e-07	4.40893e-06	0.000152214	0.0142743	0.236995	0.511072	0.213853	0.0236483	3.30057e-23	2.54353e-44	7.43203e-64	2.41859e-64	2.26559e-65	4.65969e-66	1.95616e-65	1.60844e-64	3.56377e-64	2.38387e-64	6.14944e-65	1.03965e-65	1.97117e-65	1.6209e-64	3.59139e-64	2.40234e-64	6.19708e-65	1.0477e-65	1.98645e-65	1.86012e-39	1.60942e-38	1.7726e-38	6.00358e-39	8.64641e-39	1.31692e-36	1.78727e-34	1.84996e-33	4.22138e-33	1.11189e-33	1.68448e-34	3.01016e-35	7.60495e-35	1.43314e-34	8.09849e-35	2.1352e-35	3.90272e-36	2.72522e-34	
N6	2.07779e-11	2.52053e-09	1.39247e-07	1.15211e-06	0.000394429	0.0226195	0.220577	0.547736	0.208671	3.82132e-23	1.38931e-45	7.33892e-66	8.54418e-66	6.24983e-66	3.08346e-66	1.16702e-66	1.53967e-66	9.37695e-66	1.71827e-65	1.23703e-65	5.16018e-66	1.18565e-66	1.57188e-66	9.57954e-66	1.75542e-65	1.26379e-65	5.27199e-66	1.21179e-66	2.22783e-48	5.88133e-44	4.81873e-41	4.02307e-41	8.34e-41	3.25675e-40	2.42691e-39	1.70331e-35	8.50405e-33	6.38094e-33	3.0722e-33	1.03697e-33	3.04044e-34	3.33432e-34	4.54969e-34	3.36816e-34	1.61882e-34	1.14138e-33	
N7	2.45554e-19	6.26713e-15	3.29935e-11	1.16133e-18	1.35918e-13	3.49728e-09	1.32266e-05	0.0100697	0.989917	7.58846e-23	1.08112e-46	3.10472e-69	1.31202e-81	1.91228e-86	6.12127e-96	3.76363e-106	9.36663e-119	2.71684e-131	2.68288e-143	4.77521e-155	4.77516e-165	1.58934e-175	2.20809e-188	3.71871e-201	2.1993e-213	1.07959e-225	2.70551e-238	3.81988e-251	3.47389e-264	3.88212e-277	1.54064e-289	5.12134e-302	8.75354e-315	0	0	4.81836e-34	1.11318e-33	2.29251e-33	2.58215e-33	1.75157e-33	8.05713e-34	2.936e-34	1.63376e-34	2.11146e-34	2.23582e-34	7.58992e-34	
L_corymbiferum	0	0	0	0	0	0	0	0	1	0	0	0	0	0	0	0	0	0	0	0	0	0	0	0	0	0	0	0	0	0	0	0	0	0	0	0	0	0	0	0	0	0	0	0	0	0	
N8	1.07561e-23	4.11343e-18	2.16578e-13	5.832e-18	1.84527e-18	1.17446e-12	8.85091e-08	0.00100908	0.998991	1.46915e-12	1.77808e-37	4.80971e-63	1.05277e-87	1.02152e-110	1.78048e-134	1.96808e-160	7.975e-187	5.01031e-213	2.2215e-236	3.40139e-260	1.06308e-284	2.37029e-311	0	0	0	0	0	0	0	0	0	0	0	4.94066e-324	1.74522e-36	1.07058e-37	6.0477e-36	1.51841e-34	9.92995e-34	5.88181e-35	1.74809e-36	3.44734e-38	2.71687e-38	6.70024e-37	4.38174e-36	4.40848e-36	
L_gallicum	0	0	0	0	0	0	0	0	0	1	0	0	0	0	0	0	0	0	0	0	0	0	0	0	0	0	0	0	0	0	0	0	0	0	0	0	0	0	0	0	0	0	0	0	0	0	
L_strictum	0	0	0	0	0	0	0	0	1	0	0	0	0	0	0	0	0	0	0	0	0	0	0	0	0	0	0	0	0	0	0	0	0	0	0	0	0	0	0	0	0	0	0	0	0	0	
N9	1.56325e-14	1.39549e-11	3.67457e-09	5.62369e-09	1.69944e-05	0.00463714	0.011804	0.265175	0.718367	4.44691e-22	1.53582e-35	3.10146e-47	5.41792e-62	1.86702e-72	2.58724e-83	1.26986e-94	2.49014e-106	8.83319e-118	3.83582e-132	7.75087e-143	5.48502e-154	1.46428e-165	1.63967e-177	3.48116e-189	9.39454e-204	1.21963e-214	5.70642e-226	1.03213e-237	8.00498e-250	1.20418e-261	1.61685e-274	1.5285e-285	5.27755e-297	7.12704e-309	4.16991e-321	0	4.27642e-33	7.33443e-33	6.10558e-33	2.80643e-33	8.45413e-34	2.35726e-34	2.60392e-34	3.99167e-34	3.29266e-34	1.09409e-33	
L_setaceum	0	0	0	0	0	0	0	0	1	0	0	0	0	0	0	0	0	0	0	0	0	0	0	0	0	0	0	0	0	0	0	0	0	0	0	0	0	0	0	0	0	0	0	0	0	0	
N10	2.49128e-19	2.46629e-14	4.01795e-10	8.95702e-13	1.6923e-07	0.00456453	9.48752e-07	0.00287396	0.99256	3.09625e-11	1.76869e-22	2.31712e-34	1.91019e-53	1.28005e-63	3.48289e-74	1.51292e-85	2.07648e-97	1.10961e-109	8.22633e-128	4.86665e-138	5.92329e-149	1.19078e-160	7.75224e-173	1.99413e-185	7.13566e-204	2.01701e-214	1.14624e-225	1.03435e-237	2.84453e-250	2.8188e-263	8.19795e-280	6.01394e-291	5.36591e-303	8.37027e-15	2.75106e-14	4.03335e-14	7.36046e-25	7.39898e-36	1.44926e-47	5.29653e-60	8.45383e-73	7.7125e-86	1.31519e-98	2.16187e-110	1.31976e-122	8.77913e-135	
L_suffruticosum1	0	0	0	0	0	0	0	0	0	0	0	0	0	0	0	0	0	0	0	0	0	0	0	0	0	0	0	0	0	0	0	0	0	0	0	1	0	0	0	0	0	0	0	0	0	0	
L_tenuifolium1	0	0	0	0	0	0	0	0	1	0	0	0	0	0	0	0	0	0	0	0	0	0	0	0	0	0	0	0	0	0	0	0	0	0	0	0	0	0	0	0	0	0	0	0	0	0	
N11	1.06625e-09	1.10169e-09	1.37587e-07	4.00708e-06	0.00151709	0.0827465	0.442155	0.167154	0.306423	4.02887e-11	3.86931e-22	1.25741e-32	1.07435e-32	8.46276e-43	5.9542e-54	7.21093e-65	1.38363e-64	8.29994e-64	1.50756e-63	1.1466e-63	3.5962e-64	5.67676e-65	1.40378e-64	8.42215e-64	1.52976e-63	1.16348e-63	3.64916e-64	5.76041e-65	1.81515e-41	1.22677e-39	8.37241e-39	5.67878e-39	2.11893e-39	1.59264e-39	8.956e-38	6.31559e-36	4.27088e-35	3.07258e-35	9.81856e-35	8.73747e-34	2.86e-33	5.46974e-33	8.26621e-33	5.38953e-33	1.90684e-33	1.82845e-32	
N12	3.33798e-12	2.22247e-12	1.49604e-15	1.77698e-12	1.74003e-08	2.02789e-05	0.00157737	0.000780812	4.5544e-06	0.000365576	0.0114703	0.134347	0.851434	7.3724e-11	1.91222e-33	9.8535e-57	2.57712e-78	6.45068e-90	7.04235e-101	3.3565e-112	6.39979e-124	3.7552e-136	4.08865e-148	4.70289e-160	2.57089e-171	1.45329e-170	1.73348e-181	1.04596e-193	4.02672e-206	2.99397e-218	1.09254e-229	2.0975e-241	2.98976e-253	1.28596e-265	3.59643e-278	2.30251e-290	8.49408e-301	4.16556e-311	2.61855e-322	0	1.12168e-31	3.32148e-32	2.70371e-32	4.29392e-32	3.90176e-32	1.26686e-31	
N13	2.78073e-14	8.09158e-14	6.5016e-21	7.3017e-17	5.54557e-12	3.9264e-08	1.32613e-05	3.29e-05	1.04837e-09	8.05724e-07	0.000205344	0.0157754	0.442101	0.541871	2.39571e-24	1.52479e-47	1.03002e-67	8.59934e-68	8.44315e-68	1.52092e-68	2.54117e-68	3.52254e-68	9.49698e-68	8.63457e-68	8.47825e-68	1.52724e-68	2.55174e-68	1.15198e-46	6.37558e-43	5.77829e-43	5.54091e-43	8.964e-44	1.2723e-43	4.05067e-43	2.54894e-42	2.31014e-42	2.21527e-42	3.62481e-43	6.53184e-42	5.43271e-37	2.96849e-33	2.61287e-33	1.89638e-33	2.41561e-34	2.21302e-35	1.1226e-34	
N14	2.87018e-18	1.93024e-16	3.19664e-29	6.53774e-26	3.14477e-19	1.16533e-13	1.378e-09	8.19309e-08	6.63033e-16	4.96113e-13	6.57704e-09	2.68941e-05	0.0270669	0.972906	4.2654e-24	2.72579e-48	5.58604e-73	2.19737e-97	5.96865e-121	1.98966e-145	1.69543e-170	6.3622e-196	4.75834e-221	4.69366e-245	2.68599e-269	1.73101e-294	3.122e-320	0	0	0	0	0	0	0	0	0	0	0	2.46761e-34	4.40387e-35	2.06042e-35	1.64494e-34	9.7324e-34	8.25105e-34	2.48522e-34	1.14061e-34	
L_album	0	0	0	0	0	0	0	0	0	0	0	0	0	1	0	0	0	0	0	0	0	0	0	0	0	0	0	0	0	0	0	0	0	0	0	0	0	0	0	0	0	0	0	0	0	0	
L_mucronatum1	0	0	0	0	0	0	0	0	0	0	0	0	0	1	0	0	0	0	0	0	0	0	0	0	0	0	0	0	0	0	0	0	0	0	0	0	0	0	0	0	0	0	0	0	0	0	
N15	2.07949e-18	1.55319e-16	3.81971e-31	2.23673e-26	1.67072e-19	7.57296e-14	9.95785e-10	6.57931e-08	2.63135e-17	2.24002e-13	4.7434e-09	2.17324e-05	0.0244171	0.975561	1.29304e-24	6.92599e-46	1.80349e-58	6.27937e-70	6.61912e-81	1.90109e-90	8.11931e-101	1.02701e-113	2.79182e-125	1.34012e-136	3.28443e-148	1.04918e-160	1.09341e-173	7.6561e-187	1.20335e-198	3.45995e-210	5.22892e-222	1.055e-234	7.08402e-248	3.24866e-261	3.39037e-273	6.54594e-285	6.70364e-297	9.23117e-310	3.95253e-323	0	4.28829e-35	2.76806e-34	1.00519e-33	5.22556e-34	9.67623e-35	4.58352e-35	
N16	5.35444e-22	3.70672e-19	1.38535e-36	1.10199e-33	8.1591e-26	1.00917e-18	2.53969e-13	1.56667e-10	2.33747e-22	1.1851e-18	9.1595e-13	1.23719e-07	0.00265426	0.997346	6.99565e-26	3.20358e-45	4.28226e-47	1.20274e-46	2.87967e-45	5.18255e-45	7.61404e-46	1.46321e-47	7.50774e-48	4.81991e-46	1.40308e-43	1.17282e-38	2.48053e-36	4.76622e-38	2.44585e-38	1.55857e-36	3.74199e-35	6.55615e-35	2.48336e-36	4.771e-38	2.44862e-38	1.56035e-36	3.74626e-35	6.56362e-35	2.4862e-36	4.77578e-38	2.45139e-38	1.56212e-36	3.75039e-35	6.57071e-35	2.4889e-36	3.53448e-37	
N17	4.53221e-23	2.1705e-21	8.7424e-36	4.92133e-34	6.49084e-31	1.18474e-22	2.97812e-16	9.14812e-13	3.44454e-22	1.8862e-20	1.2276e-15	2.49069e-09	0.000533764	0.999466	5.11939e-25	1.03104e-46	3.7008e-60	8.09746e-74	6.20651e-84	1.59905e-94	1.43937e-107	2.89252e-121	3.38393e-135	1.41558e-147	1.85859e-156	3.61916e-165	4.80472e-177	5.34182e-191	3.61095e-205	8.99673e-218	2.06347e-227	1.61294e-238	2.4994e-252	1.81886e-266	8.15853e-281	1.36427e-293	2.11911e-303	1.12984e-314	0	0	6.02979e-39	5.13285e-39	4.31866e-36	1.32662e-34	8.6373e-36	9.92933e-37	
N18	7.14495e-23	1.87176e-23	1.63884e-37	7.31455e-36	1.48398e-34	2.55418e-26	5.61725e-19	7.74152e-15	4.34499e-24	1.93726e-22	2.43427e-18	6.34777e-11	0.000119003	0.999881	7.23584e-25	6.54575e-50	1.75761e-75	1.96048e-101	1.5729e-124	7.4169e-147	1.04225e-172	5.45258e-199	1.42427e-225	4.48899e-252	1.5476e-273	1.4061e-296	3.95253e-323	0	0	0	0	0	0	0	0	0	0	0	8.22534e-36	2.63324e-37	5.53687e-39	1.81844e-40	8.36449e-37	1.28924e-34	8.241e-36	9.24832e-37	
L_arboreum	0	0	0	0	0	0	0	0	0	0	0	0	0	1	0	0	0	0	0	0	0	0	0	0	0	0	0	0	0	0	0	0	0	0	0	0	0	0	0	0	0	0	0	0	0	0	
L_elegans	0	0	0	0	0	0	0	0	0	0	0	0	0	1	0	0	0	0	0	0	0	0	0	0	0	0	0	0	0	0	0	0	0	0	0	0	0	0	0	0	0	0	0	0	0	0	
L_campanulatum	0	0	0	0	0	0	0	0	0	0	0	0	0	1	0	0	0	0	0	0	0	0	0	0	0	0	0	0	0	0	0	0	0	0	0	0	0	0	0	0	0	0	0	0	0	0	
N19	1.80493e-23	1.82151e-21	1.16118e-34	3.61571e-35	4.53927e-31	9.18548e-23	2.4169e-16	7.67529e-13	1.19942e-21	2.63099e-21	1.06997e-15	2.29788e-09	0.000516336	0.999484	6.40782e-24	2.21898e-46	6.15639e-60	1.49888e-73	9.15532e-83	1.92837e-91	4.04906e-103	6.29667e-117	5.70862e-131	1.47878e-142	4.30021e-152	4.08937e-163	7.61956e-177	6.55618e-191	3.4349e-205	5.32745e-217	9.54801e-227	5.73199e-238	6.87788e-252	3.87406e-266	1.34699e-280	1.40228e-292	1.70221e-302	6.97103e-314	0	0	1.47818e-39	7.14458e-39	4.28458e-36	9.22009e-35	4.23984e-36	4.43607e-37	
L_capitatum	0	0	0	0	0	0	0	0	0	0	0	0	0	1	0	0	0	0	0	0	0	0	0	0	0	0	0	0	0	0	0	0	0	0	0	0	0	0	0	0	0	0	0	0	0	0	
N20	1.20797e-22	7.12434e-21	6.82426e-26	3.29734e-30	1.93765e-27	8.90004e-25	2.36114e-18	2.23632e-14	1.33538e-18	2.05e-22	1.49169e-17	1.78965e-10	0.000173136	0.999827	8.39732e-13	1.49438e-37	5.93938e-63	8.05444e-89	1.72863e-110	1.19216e-132	2.00969e-158	1.27342e-184	3.64359e-211	2.75348e-236	2.75955e-257	4.15931e-280	1.79764e-306	0	0	0	0	0	0	0	0	0	0	0	0	0	0	7.74313e-40	4.1812e-36	4.11887e-34	1.39243e-35	1.31908e-36	
L_gyaricum	0	0	0	0	0	0	0	0	0	0	0	0	0	0	1	0	0	0	0	0	0	0	0	0	0	0	0	0	0	0	0	0	0	0	0	0	0	0	0	0	0	0	0	0	0	0	
L_tauricum	0	0	0	0	0	0	0	0	0	0	0	0	0	1	0	0	0	0	0	0	0	0	0	0	0	0	0	0	0	0	0	0	0	0	0	0	0	0	0	0	0	0	0	0	0	0	
L_flavum	0	0	0	0	0	0	0	0	0	0	0	0	0	1	0	0	0	0	0	0	0	0	0	0	0	0	0	0	0	0	0	0	0	0	0	0	0	0	0	0	0	0	0	0	0	0	
L_nodiflorum	0	0	0	0	0	0	0	0	0	0	0	0	1	0	0	0	0	0	0	0	0	0	0	0	0	0	0	0	0	0	0	0	0	0	0	0	0	0	0	0	0	0	0	0	0	0	
N21	1.26115e-12	1.6269e-11	2.89009e-09	1.51865e-08	1.51216e-06	0.000714776	0.0349223	0.271863	0.692499	7.45388e-11	1.70727e-32	3.85002e-54	3.33994e-65	1.04675e-76	1.58229e-88	1.66726e-100	2.00761e-112	1.00216e-123	5.51878e-135	8.01048e-147	8.93512e-159	9.39223e-171	1.37277e-182	5.69352e-194	1.93547e-205	1.75898e-217	1.26971e-229	8.88918e-242	9.5501e-245	1.65001e-254	7.56593e-265	5.07376e-277	2.88875e-289	2.17838e-301	1.35259e-312	1.5316e-322	0	9.85691e-33	5.7958e-33	4.44085e-33	3.30501e-33	4.09493e-33	6.05724e-33	3.44813e-33	1.24456e-33	2.46013e-33	
N22	1.9974e-17	6.12635e-15	1.32315e-11	7.81631e-12	5.7365e-12	9.01974e-08	0.000127926	0.0243911	0.975481	1.11085e-10	2.4225e-33	6.15317e-55	3.37518e-67	3.14481e-79	6.83721e-91	1.1113e-102	6.74599e-115	2.02597e-127	2.63823e-139	5.70747e-151	1.20142e-162	3.65469e-174	3.86858e-186	6.61034e-199	5.11571e-211	6.4826e-223	5.39535e-235	1.07422e-244	4.22751e-254	3.45234e-264	1.88402e-276	1.71197e-288	1.03714e-300	5.10559e-313	2.96439e-323	0	1.18841e-33	3.00524e-33	5.31345e-33	6.27856e-33	2.81084e-33	7.3827e-34	1.77817e-34	1.43488e-34	2.2419e-34	7.7689e-34	
N23	1.17089e-25	1.03627e-20	4.1934e-15	6.50975e-17	4.3726e-21	4.42783e-15	2.40289e-09	0.000130621	0.999869	9.40167e-11	2.20118e-35	8.80535e-61	1.16796e-86	1.26052e-112	3.4416e-137	4.25689e-162	2.33337e-188	4.07742e-215	3.60157e-242	8.37583e-268	1.35247e-293	2.1555e-169	8.37577e-33	1.12428e-33	1.30309e-34	7.71918e-34	8.47914e-33	3.22199e-32	8.44363e-33	1.13339e-33	1.31364e-34	7.78164e-34	8.54775e-33	3.24809e-32	8.51205e-33	1.14258e-33	1.32428e-34	7.8446e-34	8.61692e-33	3.27441e-32	8.58102e-33	1.15161e-33	1.04243e-34	2.25793e-35	1.72919e-34	1.01915e-33	
L_corymbulosum	0	0	0	0	0	0	0	0	1	0	0	0	0	0	0	0	0	0	0	0	0	0	0	0	0	0	0	0	0	0	0	0	0	0	0	0	0	0	0	0	0	0	0	0	0	0	
L_trigynum	0	0	0	0	0	0	0	0	0	1	0	0	0	0	0	0	0	0	0	0	0	0	0	0	0	0	0	0	0	0	0	0	0	0	0	0	0	0	0	0	0	0	0	0	0	0	
L_tenue1	0	0	0	0	0	0	0	0	0	1	0	0	0	0	0	0	0	0	0	0	0	0	0	0	0	0	0	0	0	0	0	0	0	0	0	0	0	0	0	0	0	0	0	0	0	0	
L_maritimum	0	0	0	0	0	0	0	0	0	1	0	0	0	0	0	0	0	0	0	0	0	0	0	0	0	0	0	0	0	0	0	0	0	0	0	0	0	0	0	0	0	0	0	0	0	0	
L_catharticum	0	0	0	0	0	0	0	1	0	0	0	0	0	0	0	0	0	0	0	0	0	0	0	0	0	0	0	0	0	0	0	0	0	0	0	0	0	0	0	0	0	0	0	0	0	0	
N24	2.80843e-08	1.03107e-06	3.03864e-05	0.00184776	0.0911685	0.906952	5.4729e-11	5.66137e-22	1.16207e-31	1.95024e-42	3.73613e-53	9.07467e-64	2.53123e-74	2.24407e-85	8.89056e-97	1.98125e-108	1.56956e-119	3.00236e-130	3.25292e-141	1.23195e-152	2.34787e-164	2.16776e-176	9.90933e-188	1.14187e-198	7.75334e-210	1.90446e-221	2.4247e-233	1.53268e-245	1.91919e-247	7.04142e-257	5.81575e-267	1.14379e-278	4.42287e-290	3.41143e-301	7.58157e-313	4.94066e-324	0	3.40873e-32	1.77564e-32	6.4241e-33	2.15907e-33	1.9133e-33	2.68801e-33	2.3058e-33	1.20187e-33	7.56897e-33	
N25	9.12533e-11	5.29398e-08	1.14878e-05	1.54385e-05	0.0117753	0.988198	2.4491e-11	1.2199e-22	4.22437e-32	1.7608e-33	2.38213e-33	2.97509e-33	1.11478e-32	3.04863e-32	2.83323e-32	2.09772e-43	8.86523e-55	1.55049e-64	4.89725e-64	6.17846e-64	4.14153e-64	7.03175e-65	3.27101e-65	1.37524e-64	4.98502e-64	1.20273e-53	3.45107e-52	3.97326e-51	5.82591e-41	3.21581e-37	6.51879e-35	8.20623e-35	5.08052e-35	1.82202e-35	7.4025e-36	2.46156e-35	1.32262e-34	1.66498e-34	1.03083e-34	3.97002e-35	1.8286e-34	5.95342e-33	1.67298e-31	2.04234e-31	1.2611e-31	5.2719e-31	
N26	2.26889e-12	2.68585e-09	1.52492e-06	9.49543e-06	0.00872838	0.991261	3.04814e-13	3.68698e-23	1.77908e-32	1.16689e-42	2.96298e-52	8.6104e-62	2.89714e-62	1.49631e-60	2.99922e-59	4.05183e-59	6.17468e-60	1.28076e-60	1.14503e-62	4.17431e-62	4.96131e-62	2.90753e-63	1.24597e-63	1.96402e-63	1.14719e-62	4.18666e-62	4.97602e-62	7.71415e-43	1.93564e-41	9.93095e-39	1.77822e-36	9.61966e-34	2.17177e-32	2.77011e-33	1.19121e-33	2.11149e-33	1.163e-32	3.22497e-32	2.47694e-32	3.15708e-33	1.33228e-33	1.46913e-33	5.20457e-33	1.36972e-32	1.03426e-32	1.49757e-33	
N27	8.70917e-13	1.34672e-10	2.8875e-07	5.41223e-07	0.00254699	0.997148	0.00012322	6.23307e-05	0.000118552	2.31424e-15	4.95492e-24	2.09121e-32	5.23082e-35	8.20795e-35	6.75985e-35	1.59021e-34	5.18531e-32	2.4816e-30	3.26934e-42	1.20299e-54	1.09312e-65	2.32743e-66	1.87605e-64	5.25842e-63	1.0332e-63	5.16165e-52	4.95205e-53	9.22732e-47	7.26248e-43	1.46464e-39	3.98929e-38	3.28854e-37	1.40142e-37	1.10519e-37	8.89956e-36	2.45453e-34	4.26178e-35	4.47361e-36	4.09886e-37	2.00034e-38	2.28079e-37	1.13927e-35	3.04126e-35	3.60897e-35	1.15589e-35	9.58013e-33	
N28	2.16174e-17	2.66902e-14	3.56467e-10	6.39537e-09	5.21357e-05	0.0379658	4.22903e-09	1.06089e-07	1.05742e-06	4.1661e-06	5.69403e-06	0.000304708	1.09024e-07	2.73361e-06	2.72496e-05	0.000107433	0.00145459	0.960074	1.07511e-22	1.21347e-44	8.13518e-56	1.86001e-67	1.83002e-78	1.58023e-87	6.0822e-102	3.92875e-113	9.44293e-125	8.62005e-137	3.8553e-148	1.70027e-157	1.80211e-169	1.59765e-180	2.64299e-192	5.14161e-205	8.57249e-217	2.23294e-226	1.0076e-238	2.98938e-251	8.39708e-264	9.35593e-277	9.03001e-290	2.8318e-300	2.96554e-312	4.94066e-324	0	6.8052e-33	
C_selaginoides	0	0	0	0	0	0	0	0	0	0	0	0	0	0	0	0	0	1	0	0	0	0	0	0	0	0	0	0	0	0	0	0	0	0	0	0	0	0	0	0	0	0	0	0	0	0	
N29	8.73965e-22	1.29703e-17	1.67199e-12	2.46661e-10	9.01836e-06	0.0171136	1.49385e-11	3.89855e-10	9.61467e-09	2.44208e-07	2.30557e-06	0.00025946	4.89109e-11	4.32186e-09	3.88893e-07	1.36218e-05	0.000643511	0.981958	5.7572e-16	1.40492e-27	9.47297e-38	2.22988e-38	4.89669e-38	1.84011e-35	2.35996e-39	3.26794e-39	7.74712e-39	2.10552e-35	5.80681e-32	6.89586e-27	8.22706e-27	6.60507e-25	1.45994e-23	2.98962e-23	1.6875e-22	6.65083e-20	2.29637e-31	2.42522e-43	4.49457e-55	6.31669e-67	1.20148e-78	4.32275e-88	9.73094e-100	1.26762e-110	6.34591e-122	1.72349e-131	
L_littorale	0	0	0	0	0	0	0	0	0	0	0	0	0	0	0	0	0	0	0	0	0	0	0	0	0	0	0	0	0	0	0	0	0	0	0	1	0	0	0	0	0	0	0	0	0	0	
N30	1.34669e-28	4.40863e-23	1.0023e-16	1.92929e-13	5.66881e-08	0.000401451	3.33581e-15	1.54929e-13	3.54725e-12	2.26175e-10	1.71204e-08	8.28006e-06	5.23353e-13	2.47482e-11	1.51136e-09	4.89898e-07	0.000181332	0.999408	4.05785e-24	2.08225e-48	3.95786e-73	2.96786e-97	6.8068e-120	2.05009e-140	9.57491e-165	1.38577e-123	3.21396e-134	2.25016e-144	9.7005e-154	1.35491e-161	2.32324e-173	1.94677e-186	4.95699e-199	5.18769e-211	1.54547e-222	3.36108e-232	5.82903e-245	2.60388e-258	7.39413e-272	1.7535e-285	4.05025e-298	2.3497e-307	1.6696e-319	0	2.07248e-36	1.80945e-33	
N31	6.32341e-32	1.55315e-25	2.19896e-18	2.08217e-14	2.16088e-08	0.000308513	1.03191e-14	1.32063e-13	8.00644e-13	2.67767e-11	6.68713e-09	7.18947e-06	2.76436e-14	4.69596e-13	4.69753e-11	6.91496e-08	9.02391e-05	0.999594	1.28185e-17	3.58793e-29	3.56986e-41	1.55389e-53	1.57509e-64	6.28246e-73	1.14796e-90	7.99708e-103	2.6843e-115	6.1353e-127	7.27411e-137	1.44407e-145	1.57308e-161	6.06074e-174	1.17571e-186	1.609e-198	1.17611e-208	1.47424e-217	3.48517e-242	1.93097e-267	4.55142e-293	7.65945e-318	0	0	0	0	2.11171e-126	1.40957e-134	
L_macraei	0	0	0	0	0	0	0	0	0	0	0	0	0	0	0	0	0	0	0	0	0	0	0	0	0	0	0	0	0	0	0	0	0	0	0	1	0	0	0	0	0	0	0	0	0	0	
L_prostratum	0	0	0	0	0	0	0	0	0	0	0	0	0	0	0	0	0	1	0	0	0	0	0	0	0	0	0	0	0	0	0	0	0	0	0	0	0	0	0	0	0	0	0	0	0	0	
L_oligophyllum	0	0	0	0	0	0	0	0	0	0	0	0	0	0	0	0	0	1	0	0	0	0	0	0	0	0	0	0	0	0	0	0	0	0	0	0	0	0	0	0	0	0	0	0	0	0	
N32	7.61911e-13	1.253e-11	4.45643e-08	2.99759e-08	0.000496995	0.513917	0.474691	0.00844084	0.00245383	7.8923e-15	8.4576e-24	1.67561e-32	3.08301e-44	1.40179e-66	3.98505e-89	1.67148e-111	9.85514e-121	2.05777e-130	6.26021e-143	8.65402e-156	7.1183e-169	2.32469e-182	8.31619e-193	1.04127e-202	1.98112e-215	4.18472e-216	2.60554e-229	8.78073e-242	2.77475e-251	1.57382e-261	3.13294e-274	3.11785e-287	1.76641e-300	1.46298e-312	5.08888e-322	0	9.07818e-32	2.34286e-32	1.06949e-33	1.20844e-34	2.32972e-32	1.09908e-30	1.40743e-31	9.05821e-33	4.19764e-34	1.26322e-30	
N33	4.37181e-14	3.51411e-12	3.73936e-08	8.34018e-10	2.81393e-05	0.0413126	0.0355984	0.00542368	0.010255	0.000417835	0.000610919	0.32405	0.582304	1.39798e-11	4.47477e-23	1.76482e-45	1.52331e-66	5.81649e-86	7.70876e-98	4.95636e-110	1.60782e-122	2.30597e-135	2.68881e-146	9.87983e-156	8.99409e-168	3.11598e-180	5.77835e-193	9.28019e-197	2.46961e-206	8.69725e-215	5.26977e-227	1.30128e-239	2.87372e-252	1.97812e-265	1.07912e-276	2.73421e-286	1.28491e-298	5.24664e-311	4.44659e-323	0	2.4342e-35	3.03861e-32	1.60427e-32	3.42958e-33	3.93717e-34	4.05147e-32	
L_kingii	0	0	0	0	0	0	0	0	0	0	0	0	1	0	0	0	0	0	0	0	0	0	0	0	0	0	0	0	0	0	0	0	0	0	0	0	0	0	0	0	0	0	0	0	0	0	
N34	3.49861e-17	1.87261e-14	1.02685e-09	1.58939e-11	3.27454e-06	0.0222016	4.12011e-05	0.000397214	0.00113262	3.30721e-05	0.000314424	0.226379	0.0264497	0.23747	0.485578	3.90306e-12	1.35462e-23	1.39939e-32	5.73049e-55	2.67244e-78	4.97203e-102	6.86865e-126	1.28017e-149	8.96461e-171	2.09835e-194	1.11059e-218	3.43401e-243	1.01459e-267	4.87371e-292	1.01464e-313	0	0	0	0	0	0	0	0	0	0	0	0	1.15806e-312	0	0	2.64741e-31	
L_rupestre	0	0	0	0	0	0	0	0	0	0	0	0	0	0	0	0	0	1	0	0	0	0	0	0	0	0	0	0	0	0	0	0	0	0	0	0	0	0	0	0	0	0	0	0	0	0	
L_vernale	0	0	0	0	0	0	0	0	0	0	0	0	0	0	1	0	0	0	0	0	0	0	0	0	0	0	0	0	0	0	0	0	0	0	0	0	0	0	0	0	0	0	0	0	0	0	
L_striatum	0	0	0	0	0	0	0	0	1	0	0	0	0	0	0	0	0	0	0	0	0	0	0	0	0	0	0	0	0	0	0	0	0	0	0	0	0	0	0	0	0	0	0	0	0	0	
N35	2.05906e-14	9.60123e-11	1.83253e-07	3.82972e-06	0.00615928	0.993837	4.38835e-14	6.38759e-24	8.20659e-34	5.07073e-45	8.62571e-57	6.11643e-69	6.59939e-82	1.63197e-92	6.88832e-103	1.7007e-114	1.36038e-126	1.42295e-137	2.09406e-160	8.90669e-183	3.91829e-205	1.04651e-228	1.1196e-252	2.68566e-275	3.86905e-299	2.91499e-322	0	0	0	0	0	0	0	6.3659e-200	1.50278e-212	9.55355e-224	4.25791e-236	1.12179e-247	4.67702e-259	1.59721e-271	2.67949e-284	6.142e-297	1.34346e-309	2.28752e-321	0	2.49727e-32	
He_micranthum	0	0	0	0	0	0	0	0	0	0	0	0	0	0	0	0	0	1	0	0	0	0	0	0	0	0	0	0	0	0	0	0	0	0	0	0	0	0	0	0	0	0	0	0	0	0	
S_digynum	0	0	0	0	0	1	0	0	0	0	0	0	0	0	0	0	0	0	0	0	0	0	0	0	0	0	0	0	0	0	0	0	0	0	0	0	0	0	0	0	0	0	0	0	0	0	
N36	1.19093e-16	2.71648e-12	8.22447e-09	1.86951e-17	2.14161e-12	1.95776e-08	3.70871e-06	0.000134423	0.00057881	6.22896e-11	1.11826e-08	2.7969e-05	0.00518538	0.187658	0.806412	2.07939e-24	5.83849e-43	4.59858e-53	1.40658e-64	3.18559e-75	1.06927e-85	5.20519e-97	2.33325e-108	6.12524e-119	6.4622e-131	3.14204e-143	9.36116e-156	1.9795e-168	5.04524e-180	7.90058e-191	5.17413e-203	1.61509e-215	3.17928e-228	4.55204e-241	8.02779e-253	8.86558e-264	4.16408e-276	9.46231e-289	1.37412e-301	1.44218e-314	0	0	4.70145e-32	1.95038e-32	5.4173e-33	1.10539e-31	
N37	8.28934e-19	4.83161e-14	2.10202e-10	1.99457e-21	8.67406e-16	3.68589e-11	2.58181e-08	2.42899e-06	1.57444e-05	1.6808e-12	1.87756e-10	2.06971e-06	0.00142536	0.133804	0.86475	6.17054e-25	1.0459e-45	2.62147e-57	3.62554e-68	1.41073e-79	1.73373e-91	2.03834e-104	3.78803e-117	2.49063e-127	1.68451e-138	4.22732e-149	7.94917e-160	2.64072e-172	2.79021e-185	1.09276e-195	3.82474e-207	4.32328e-219	1.59028e-231	3.76408e-245	2.75177e-258	7.60017e-269	1.9077e-280	1.56969e-292	4.25944e-305	7.52526e-319	0	0	1.11456e-34	1.80599e-34	1.01061e-34	5.52299e-36	
N38	9.41743e-21	1.37035e-15	9.39307e-12	7.80242e-22	6.91181e-19	1.21468e-13	2.87985e-10	6.89868e-08	7.37581e-07	6.71224e-13	8.25151e-12	1.53886e-07	0.000358876	0.0857631	0.913877	3.67718e-24	1.8831e-48	1.2929e-71	1.45634e-82	2.0257e-93	4.02429e-105	2.07145e-118	1.04003e-131	3.91697e-143	1.17048e-153	7.40963e-165	7.34033e-177	4.52793e-181	1.50916e-192	7.26528e-203	1.34782e-213	5.49925e-225	3.79297e-237	1.30131e-250	2.22803e-264	4.17789e-276	5.55786e-287	1.6506e-298	8.50576e-311	9.88131e-324	0	8.17371e-37	2.36643e-35	1.60445e-34	1.95121e-34	1.47785e-35	
N39	1.87375e-25	5.11394e-19	3.30642e-14	1.16264e-26	1.2429e-24	8.62436e-20	5.72846e-15	2.59015e-11	2.8098e-09	3.73084e-17	3.93777e-15	3.12528e-11	2.03103e-06	0.00916183	0.990836	4.19485e-24	2.2786e-48	3.69308e-73	3.79355e-98	2.98221e-121	4.65007e-145	4.0038e-170	1.34521e-195	2.42683e-221	1.77245e-245	8.20581e-269	3.06961e-293	7.25565e-319	0	0	0	0	0	0	0	0	0	0	0	0	0	1.2781e-36	5.33539e-36	1.72559e-34	5.42976e-34	1.59111e-34	
L_acuticarpum	0	0	0	0	0	0	0	0	0	0	0	0	0	0	1	0	0	0	0	0	0	0	0	0	0	0	0	0	0	0	0	0	0	0	0	0	0	0	0	0	0	0	0	0	0	0	
L_gracile	0	0	0	0	0	0	0	0	0	0	0	0	0	0	1	0	0	0	0	0	0	0	0	0	0	0	0	0	0	0	0	0	0	0	0	0	0	0	0	0	0	0	0	0	0	0	
L_heterostylum	0	0	0	0	0	0	0	0	0	0	0	0	0	0	1	0	0	0	0	0	0	0	0	0	0	0	0	0	0	0	0	0	0	0	0	0	0	0	0	0	0	0	0	0	0	0	
L_africanum	0	0	0	0	0	0	0	0	0	0	0	0	0	0	1	0	0	0	0	0	0	0	0	0	0	0	0	0	0	0	0	0	0	0	0	0	0	0	0	0	0	0	0	0	0	0	
L_comptonii	0	0	0	0	0	0	0	0	0	0	0	0	0	0	1	0	0	0	0	0	0	0	0	0	0	0	0	0	0	0	0	0	0	0	0	0	0	0	0	0	0	0	0	0	0	0	
Ra_linoides	0	0	0	0	0	0	0	0	1	0	0	0	0	0	0	0	0	0	0	0	0	0	0	0	0	0	0	0	0	0	0	0	0	0	0	0	0	0	0	0	0	0	0	0	0	0	
N40	0.000252115	0.00711825	0.0848001	0.339868	0.417958	0.140446	0.00949995	5.70121e-05	5.32845e-26	1.59134e-47	1.99494e-64	1.31588e-64	7.38534e-65	9.32909e-65	2.99176e-64	4.99123e-64	5.10797e-64	3.36308e-64	1.77186e-64	1.89499e-64	4.63683e-64	5.15063e-64	5.28609e-64	3.48319e-64	1.83614e-64	1.96608e-64	4.83083e-64	2.9223e-50	1.17842e-49	3.85597e-37	1.10146e-36	3.07153e-36	4.718e-35	9.3803e-34	6.29862e-33	1.25553e-32	7.6339e-33	3.12654e-33	2.13637e-33	2.46915e-33	2.25857e-33	1.42542e-33	7.15869e-34	6.15246e-34	1.21128e-33	7.42928e-33	
N41	5.40384e-05	0.00156972	0.0293927	0.201067	0.438033	0.283242	0.0455422	0.00109944	3.98078e-15	6.30076e-36	2.06611e-55	5.21771e-66	5.94601e-77	7.82444e-88	3.93019e-98	1.37778e-108	2.32711e-119	1.92644e-130	8.6301e-142	5.02368e-153	1.14933e-163	1.72955e-174	1.68335e-185	8.41996e-197	2.37213e-208	8.98578e-220	1.37856e-230	1.42701e-241	1.8735e-239	1.1139e-250	4.86733e-262	5.89108e-273	3.26875e-283	8.68109e-294	6.64039e-305	1.85353e-316	0	0	3.56191e-34	4.31828e-34	4.59195e-34	2.90986e-34	1.17889e-34	6.35769e-35	1.56868e-34	1.2225e-33	
N42	4.07475e-06	5.31862e-05	0.00102338	0.0215311	0.180604	0.456777	0.305021	0.0349858	4.4366e-13	1.56273e-33	2.61816e-52	1.78294e-61	1.24183e-61	3.83454e-62	1.68635e-62	3.29369e-62	6.38604e-62	7.94538e-62	6.99886e-62	4.25308e-62	2.88661e-62	3.38347e-62	6.57019e-62	8.17595e-62	7.20217e-62	4.37663e-62	2.97028e-62	3.48185e-62	3.34095e-36	1.21816e-35	1.11292e-35	7.00207e-36	1.97235e-35	4.31329e-34	4.90059e-33	1.23529e-32	1.06654e-32	5.1314e-33	2.00609e-33	1.10843e-33	1.17263e-33	1.12441e-33	7.52541e-34	3.77138e-34	2.63877e-34	3.49875e-33	
N43	7.94522e-07	1.60926e-05	0.000142755	0.000410495	0.0125139	0.122826	0.38809	0.373791	0.10221	2.53202e-12	5.20782e-23	7.94695e-33	1.10691e-32	8.01194e-33	2.12595e-33	1.72547e-43	2.17088e-53	3.50699e-62	4.53638e-62	3.29181e-62	1.35983e-62	5.54905e-63	1.438e-62	3.47517e-62	4.6844e-62	3.39927e-62	1.40431e-62	5.73331e-63	1.48887e-62	2.71807e-45	8.63884e-42	1.72254e-39	8.36036e-40	5.75257e-40	2.84113e-39	1.17388e-37	7.45725e-36	1.09372e-34	5.28327e-35	4.31738e-35	2.64342e-34	3.35397e-34	1.47563e-33	1.56512e-32	7.52222e-33	6.9887e-32	
N44	5.97164e-13	6.23325e-10	8.98079e-08	5.9324e-13	1.50974e-09	1.81927e-06	0.000656569	0.0613777	0.937964	2.63929e-23	1.63333e-46	1.27331e-67	4.98429e-79	1.61626e-90	3.4561e-102	4.78505e-114	4.78632e-126	5.43508e-138	5.37899e-150	6.89215e-162	7.44618e-174	4.23029e-186	3.07668e-198	3.79953e-210	4.76218e-222	5.09531e-225	5.76726e-235	1.09628e-245	5.31573e-258	3.23901e-270	3.02459e-282	3.35825e-293	2.60771e-303	3.69605e-314	0	0	6.83999e-33	9.29622e-33	9.45117e-33	7.4932e-33	5.08173e-33	3.7955e-33	4.01382e-33	4.61666e-33	4.27779e-33	9.51672e-33	
N45	8.85042e-17	8.24403e-13	4.90544e-10	4.71827e-18	1.51519e-13	3.56003e-09	1.80139e-05	0.0151823	0.9848	1.01027e-24	6.69905e-46	9.23805e-59	4.25618e-70	1.04427e-79	6.33276e-89	3.47729e-100	2.49451e-113	4.07613e-125	6.68443e-136	4.08735e-147	7.91087e-159	6.62177e-172	2.70392e-185	2.63779e-197	2.68644e-208	1.05495e-219	1.34941e-231	7.64964e-245	2.16175e-258	1.48747e-270	1.08659e-281	3.1065e-293	2.93163e-305	1.24062e-318	0	1.54561e-36	2.19776e-35	1.28272e-34	2.58736e-34	2.44539e-35	1.17387e-36	4.8442e-38	1.58448e-37	9.19572e-37	1.85487e-36	2.59403e-36	
N46	6.51559e-20	2.97024e-15	4.07692e-12	7.16474e-21	1.70653e-16	4.13543e-11	1.6001e-06	0.00659696	0.993401	2.37222e-25	7.10018e-51	3.58378e-72	4.00889e-72	2.34403e-60	7.11764e-58	4.77019e-58	9.63493e-60	1.97787e-60	1.91535e-58	8.14035e-56	2.2773e-53	1.04638e-53	2.11343e-55	4.33752e-56	3.7694e-54	1.8328e-42	4.16399e-40	2.12089e-40	4.03006e-42	5.90759e-43	6.05151e-41	2.79758e-38	6.01773e-36	3.06151e-36	5.81656e-38	8.51986e-39	7.40459e-37	1.86074e-35	8.12904e-35	3.06497e-36	5.81976e-38	6.68141e-40	2.0856e-39	5.23004e-38	2.28493e-37	2.37712e-37	
N47	1.62737e-22	2.92459e-17	8.77809e-14	6.10877e-21	5.92741e-19	8.62513e-13	1.85773e-07	0.00301952	0.99698	2.20149e-24	6.08333e-49	4.7122e-72	2.60541e-85	3.47327e-95	9.98386e-106	8.82854e-119	3.62776e-132	1.15418e-145	3.99064e-157	7.58094e-167	1.06277e-177	3.46028e-191	8.09015e-205	1.53584e-218	3.29757e-230	1.83091e-231	3.34767e-240	5.22476e-252	7.96191e-266	7.59458e-280	1.18649e-291	7.60228e-301	8.84039e-310	1.02766e-321	0	1.04136e-38	4.06405e-38	9.5988e-36	1.86516e-34	1.29969e-35	4.53636e-37	1.04051e-38	3.82766e-40	4.96713e-38	9.65134e-37	9.01755e-37	
N48	5.1818e-27	1.46148e-20	3.45775e-16	7.8246e-25	7.52247e-23	2.97299e-16	1.50219e-09	0.000383217	0.999617	1.688e-24	3.56603e-49	4.47437e-72	2.12737e-85	1.00278e-96	4.98923e-107	7.76405e-120	3.6805e-133	1.0293e-146	3.43996e-160	9.52584e-170	2.27192e-180	1.27646e-193	3.35072e-207	5.41791e-221	1.08446e-234	1.12149e-236	7.78085e-245	3.3454e-256	5.74949e-270	6.17041e-284	8.30997e-298	3.38112e-307	1.14833e-315	0	0	1.50451e-37	9.59861e-39	5.60487e-36	3.05471e-34	4.39176e-35	3.15729e-36	1.51091e-37	5.44389e-39	5.97743e-38	3.2495e-36	3.29139e-36	
N49	5.44685e-32	3.48559e-24	9.39108e-19	3.52445e-29	4.9921e-27	3.38482e-20	5.80769e-12	3.3655e-05	0.999966	4.48858e-25	2.5186e-50	2.7593e-73	4.73763e-87	5.43136e-92	8.06681e-99	8.94518e-110	1.48124e-123	1.42341e-137	1.00636e-151	6.69657e-161	2.17345e-168	1.10791e-179	8.68807e-194	4.01455e-208	1.36809e-222	2.19802e-232	5.83673e-243	4.62922e-257	1.53258e-271	2.72638e-286	3.09772e-301	1.30058e-311	5.43472e-323	1.46689e-35	6.54458e-37	1.94313e-38	4.82664e-40	6.45729e-37	1.64768e-34	1.47078e-35	6.56192e-37	1.94826e-38	4.32166e-40	4.27737e-39	1.08951e-36	1.00574e-36	
N50	1.08931e-37	2.76261e-28	1.47836e-21	9.86074e-34	2.56067e-31	7.23527e-25	7.37052e-15	1.69451e-06	0.999998	1.40478e-25	2.46648e-51	1.28737e-77	2.71337e-104	2.68706e-129	2.68995e-151	5.5614e-178	3.64856e-205	9.6136e-233	1.03561e-260	2.25668e-284	4.4546e-308	7.2193e-36	2.3682e-37	5.10381e-39	8.01643e-41	5.38141e-38	1.10326e-34	7.23339e-36	2.37275e-37	5.11331e-39	8.03067e-41	5.3919e-38	1.10542e-34	7.24751e-36	2.37732e-37	5.12284e-39	8.04492e-41	5.40241e-38	1.10757e-34	7.26166e-36	2.38189e-37	5.13238e-39	8.03222e-41	2.63559e-40	5.38378e-37	4.77872e-37	
L_alpinum	0	0	0	0	0	0	0	0	1	0	0	0	0	0	0	0	0	0	0	0	0	0	0	0	0	0	0	0	0	0	0	0	0	0	0	0	0	0	0	0	0	0	0	0	0	0	
L_punctatum1	0	0	0	0	0	0	0	0	1	0	0	0	0	0	0	0	0	0	0	0	0	0	0	0	0	0	0	0	0	0	0	0	0	0	0	0	0	0	0	0	0	0	0	0	0	0	
L_perenne	0	0	0	0	0	0	0	0	1	0	0	0	0	0	0	0	0	0	0	0	0	0	0	0	0	0	0	0	0	0	0	0	0	0	0	0	0	0	0	0	0	0	0	0	0	0	
L_lewisii	0	0	0	0	0	0	0	0	1	0	0	0	0	0	0	0	0	0	0	0	0	0	0	0	0	0	0	0	0	0	0	0	0	0	0	0	0	0	0	0	0	0	0	0	0	0	
L_leonii	0	0	0	0	0	0	0	0	1	0	0	0	0	0	0	0	0	0	0	0	0	0	0	0	0	0	0	0	0	0	0	0	0	0	0	0	0	0	0	0	0	0	0	0	0	0	
N51	6.53668e-23	1.61085e-17	6.36385e-14	2.77644e-20	7.92217e-19	3.41993e-13	1.02909e-07	0.00229411	0.997706	7.08972e-24	6.30618e-48	1.66335e-72	1.87593e-97	2.36752e-120	1.07717e-142	1.55196e-167	8.53414e-193	2.45385e-218	1.89511e-243	2.48357e-265	2.71702e-288	1.07899e-313	0	0	0	0	0	0	0	0	0	0	0	0	0	2.19454e-37	3.5934e-38	1.21963e-35	4.1593e-34	6.11625e-35	4.49979e-36	2.204e-37	8.36515e-39	1.33024e-37	4.52863e-36	4.64912e-36	
L_austr_mauritanicum	0	0	0	0	0	0	0	0	1	0	0	0	0	0	0	0	0	0	0	0	0	0	0	0	0	0	0	0	0	0	0	0	0	0	0	0	0	0	0	0	0	0	0	0	0	0	
L_austriacum	0	0	0	0	0	0	0	0	1	0	0	0	0	0	0	0	0	0	0	0	0	0	0	0	0	0	0	0	0	0	0	0	0	0	0	0	0	0	0	0	0	0	0	0	0	0	
L_pallescens	0	0	0	0	0	0	0	0	1	0	0	0	0	0	0	0	0	0	0	0	0	0	0	0	0	0	0	0	0	0	0	0	0	0	0	0	0	0	0	0	0	0	0	0	0	0	
L_pycnophyllum	0	0	0	0	0	0	0	0	1	0	0	0	0	0	0	0	0	0	0	0	0	0	0	0	0	0	0	0	0	0	0	0	0	0	0	0	0	0	0	0	0	0	0	0	0	0	
N52	1.72509e-12	1.67981e-09	5.09116e-07	8.38209e-09	5.03367e-06	0.000551672	1.71759e-06	0.000136241	0.00278941	0.000168145	0.00457326	0.041201	0.00164584	0.0564155	0.892512	4.67945e-11	6.94232e-22	4.85135e-33	2.58613e-55	5.03768e-78	3.78977e-101	1.33317e-124	2.64194e-148	5.3989e-172	1.65096e-195	3.65046e-219	4.56291e-243	3.4336e-267	1.75374e-291	1.06524e-315	0	0	0	0	0	0	0	0	0	0	0	1.44157e-301	4.13181e-314	0	1.13277e-30	4.66579e-30	
L_aroanium1	0	0	0	0	0	0	0	0	0	0	0	0	0	0	0	0	0	1	0	0	0	0	0	0	0	0	0	0	0	0	0	0	0	0	0	0	0	0	0	0	0	0	0	0	0	0	
L_nervosum	0	0	0	0	0	0	0	0	0	0	0	0	0	0	1	0	0	0	0	0	0	0	0	0	0	0	0	0	0	0	0	0	0	0	0	0	0	0	0	0	0	0	0	0	0	0	
N53	1.20613e-06	9.56587e-06	7.90485e-06	0.000328943	0.016618	0.208752	0.549197	0.225085	8.92623e-12	3.65618e-22	5.77273e-32	9.29733e-32	1.4059e-31	5.72575e-32	1.01875e-42	3.17184e-54	4.97456e-64	1.31944e-63	3.15288e-63	2.58894e-63	1.32472e-63	3.22537e-64	4.98759e-64	1.36276e-63	3.25665e-63	2.67417e-63	1.36834e-63	3.54883e-50	2.15752e-37	1.39645e-36	2.23866e-36	2.46592e-36	8.3592e-36	7.10825e-35	8.78186e-34	6.25051e-33	1.38514e-32	4.7184e-32	1.16139e-31	1.28491e-31	7.55118e-32	6.14571e-32	6.68649e-32	5.49273e-32	3.20881e-32	2.09341e-31	
N54	3.43617e-07	3.26603e-06	5.29051e-06	2.59412e-05	0.00228639	0.0458237	0.186226	0.151195	0.0338819	0.0105853	0.0111773	0.0959548	0.332899	0.129935	6.44077e-13	1.09164e-34	3.48907e-55	7.55958e-75	1.85105e-85	1.02922e-96	7.59319e-109	4.42837e-131	2.91478e-152	1.06344e-173	1.05422e-195	2.85948e-218	1.86557e-241	9.50958e-265	2.20289e-186	1.18586e-196	9.40587e-208	1.69718e-219	9.03659e-232	4.55707e-244	6.12481e-255	8.63094e-266	4.01752e-277	5.44535e-289	2.26e-301	6.79297e-314	0	0	6.39192e-33	4.17347e-33	8.46981e-34	1.29719e-32	
N55	5.24612e-08	1.3357e-06	3.67329e-06	6.37773e-08	2.73247e-05	0.00237298	0.0394616	0.13058	0.0699039	0.000331967	0.00237596	0.0175957	0.162084	0.409063	0.166199	9.32546e-13	1.85583e-23	4.24981e-33	1.90384e-32	3.61434e-32	2.06536e-32	2.76316e-43	2.18978e-54	5.22092e-65	9.45486e-76	6.66953e-87	2.35388e-98	4.4409e-110	5.87854e-115	2.28442e-123	1.99908e-132	6.09728e-144	1.03599e-155	1.18933e-167	1.3399e-179	6.38543e-191	5.58771e-202	1.10188e-213	1.24695e-225	9.73676e-238	1.25481e-249	3.37233e-259	8.85003e-269	1.06787e-280	7.43315e-293	2.47018e-304	
N56	2.82107e-16	2.16714e-12	1.06269e-09	4.46341e-24	6.34966e-19	3.20984e-14	2.53922e-10	3.26991e-07	4.98792e-05	1.16301e-14	1.67598e-11	1.26996e-08	1.01867e-05	0.0075228	0.992417	3.40326e-24	2.33219e-48	1.45263e-72	1.84604e-96	8.95797e-121	1.47301e-145	9.88798e-171	3.24916e-196	6.20205e-222	1.33876e-247	6.14668e-273	1.8261e-298	0	0	0	0	0	0	0	0	0	0	0	0	1.94761e-32	9.09907e-33	3.96127e-33	5.59834e-33	1.17637e-32	1.39214e-32	5.05531e-32	
L_bienne	0	0	0	0	0	0	0	0	0	0	0	0	0	0	1	0	0	0	0	0	0	0	0	0	0	0	0	0	0	0	0	0	0	0	0	0	0	0	0	0	0	0	0	0	0	0	
L_usitatissimum	0	0	0	0	0	0	0	0	0	0	0	0	0	0	1	0	0	0	0	0	0	0	0	0	0	0	0	0	0	0	0	0	0	0	0	0	0	0	0	0	0	0	0	0	0	0	
L_hologynum	0	0	0	0	0	0	0	0	0	0	0	0	0	0	0	0	0	0	0	0	1	0	0	0	0	0	0	0	0	0	0	0	0	0	0	0	0	0	0	0	0	0	0	0	0	0	
L_narbonense	0	0	0	0	0	0	0	0	0	0	0	0	0	1	0	0	0	0	0	0	0	0	0	0	0	0	0	0	0	0	0	0	0	0	0	0	0	0	0	0	0	0	0	0	0	0	
N57	7.55694e-09	1.5543e-07	7.03767e-08	4.29329e-07	0.000154313	0.0141726	0.255112	0.73056	1.80765e-11	6.02861e-33	8.60857e-55	6.7658e-77	3.01965e-99	6.1987e-122	5.97005e-145	3.09749e-168	1.03955e-191	3.41531e-215	1.75981e-238	7.96161e-262	2.27598e-285	5.19382e-309	0	0	0	0	0	0	0	0	0	0	0	0	0	0	5.78583e-32	6.16379e-32	4.50993e-32	3.01681e-32	2.74192e-32	3.58097e-32	5.01117e-32	4.96551e-32	3.25567e-32	4.36627e-32	
L_decumbens1	0	0	0	0	0	0	0	0	1	0	0	0	0	0	0	0	0	0	0	0	0	0	0	0	0	0	0	0	0	0	0	0	0	0	0	0	0	0	0	0	0	0	0	0	0	0	
L_grandiflorum	0	0	0	0	0	0	0	1	0	0	0	0	0	0	0	0	0	0	0	0	0	0	0	0	0	0	0	0	0	0	0	0	0	0	0	0	0	0	0	0	0	0	0	0	0	0	
L_stelleroides	0	0	0	0	0	0	0	0	1	0	0	0	0	0	0	0	0	0	0	0	0	0	0	0	0	0	0	0	0	0	0	0	0	0	0	0	0	0	0	0	0	0	0	0	0	0	
N58	4.79441e-08	6.38879e-07	3.37068e-06	0.000360644	0.0133505	0.165013	0.557665	0.263607	9.59574e-23	7.3249e-45	1.21154e-65	1.05423e-76	5.77155e-88	2.79798e-99	1.13482e-110	4.26145e-122	2.06199e-133	1.25612e-144	5.22659e-156	1.64837e-167	3.84879e-179	6.49597e-191	1.97821e-202	7.68063e-214	2.08131e-225	4.38851e-237	7.02348e-249	5.66004e-248	2.30021e-259	5.26329e-271	1.92048e-282	3.5839e-293	5.73509e-304	3.95429e-315	0	0	3.87453e-32	3.84582e-32	3.14006e-32	2.24465e-32	1.54809e-32	1.20607e-32	1.06683e-32	9.28157e-33	7.29555e-33	4.40776e-32	
N59	8.5408e-10	1.75423e-08	8.17428e-09	5.19768e-06	0.000970304	0.0478551	0.48048	0.47069	4.17185e-23	5.44185e-46	1.13176e-67	7.5885e-79	7.04595e-90	2.93049e-101	4.03003e-113	3.54995e-125	1.92381e-136	2.45113e-147	1.19241e-158	2.48149e-170	1.75007e-182	6.32452e-195	2.06441e-206	1.64537e-217	5.18119e-229	7.18851e-241	3.46769e-253	7.79112e-253	4.85037e-264	2.17652e-275	5.90339e-287	3.40053e-298	2.02681e-309	4.53058e-321	0	1.51192e-33	3.0071e-33	2.80546e-33	9.99335e-34	2.11211e-34	4.36231e-35	5.44777e-35	1.02058e-34	9.49639e-35	3.38962e-35	2.51873e-34	
N60	1.91948e-11	7.01029e-10	1.57956e-11	5.41336e-08	4.99305e-05	0.00987102	0.305574	0.684505	6.69916e-23	9.14021e-46	3.93894e-69	3.50285e-92	1.3917e-114	1.36639e-137	2.72844e-161	2.35545e-185	4.41271e-209	1.16374e-231	1.17571e-254	2.89557e-278	1.67496e-302	0	0	0	0	0	0	0	0	0	0	0	0	0	0	4.48513e-34	1.75436e-33	1.99128e-33	6.232e-34	1.0908e-34	1.41931e-35	1.34186e-35	4.80284e-35	5.44231e-35	1.70316e-35	1.12107e-34	
L_hirsutum	0	0	0	0	0	0	0	1	0	0	0	0	0	0	0	0	0	0	0	0	0	0	0	0	0	0	0	0	0	0	0	0	0	0	0	0	0	0	0	0	0	0	0	0	0	0	
L_seljukorum	0	0	0	0	0	0	0	1	0	0	0	0	0	0	0	0	0	0	0	0	0	0	0	0	0	0	0	0	0	0	0	0	0	0	0	0	0	0	0	0	0	0	0	0	0	0	
L_viscosum	0	0	0	0	0	0	0	1	0	0	0	0	0	0	0	0	0	0	0	0	0	0	0	0	0	0	0	0	0	0	0	0	0	0	0	0	0	0	0	0	0	0	0	0	0	0	
L_pubescens	0	0	0	0	0	0	0	1	0	0	0	0	0	0	0	0	0	0	0	0	0	0	0	0	0	0	0	0	0	0	0	0	0	0	0	0	0	0	0	0	0	0	0	0	0	0	
Re_indica	0	0	0	0	0	0	0	0	0	0	1	0	0	0	0	0	0	0	0	0	0	0	0	0	0	0	0	0	0	0	0	0	0	0	0	0	0	0	0	0	0	0	0	0	0	0	
