NODE	1	2	3	4	5	6	7	8	9	10	11	12	13	14	15	16	17	18	19	20	21	22	23	24	25	26	27	28	29	30	31	32	33	34	35	36	37	38	39	40	41	42	43	44	45	46	
N1	4.19021e-05	0.00108349	0.00720813	0.034171	0.0303687	0.0743939	0.220204	0.337599	0.224082	0.0625963	0.00776204	0.000473776	1.59128e-05	3.24334e-07	4.34613e-09	4.08305e-11	2.83146e-13	1.02792e-17	6.69897e-19	3.94942e-20	2.13083e-21	1.06232e-22	4.93406e-24	2.14991e-25	8.84108e-27	3.44909e-28	1.28226e-29	4.56071e-31	1.55733e-32	5.12102e-34	1.6261e-35	4.99815e-37	1.49037e-38	4.31974e-40	1.21919e-41	3.35608e-43	9.02359e-45	2.37298e-46	6.11097e-48	1.54286e-49	3.82323e-51	9.30962e-53	2.23093e-54	5.27512e-56	1.24063e-57	3.18303e-59	
N2	1.00746e-05	0.000430755	0.0039144	0.0225063	0.0220479	0.0590735	0.21414	0.381987	0.233237	0.056694	0.00553145	0.000411567	1.36323e-05	2.39426e-06	6.27659e-08	1.26007e-08	2.25775e-10	2.99349e-11	3.80534e-13	3.4939e-14	3.12055e-16	1.9644e-17	1.47426e-19	8.37696e-21	4.30912e-23	1.85771e-24	2.70785e-26	2.49948e-27	1.0409e-29	5.33308e-31	1.26682e-32	1.04707e-33	3.96324e-36	1.66765e-37	3.33322e-39	2.24957e-40	7.74055e-43	2.63857e-44	4.35308e-46	2.49735e-47	7.69243e-50	2.11845e-51	2.91121e-53	1.51498e-54	1.41613e-56	8.19606e-58	
N3	2.42424e-09	1.0032e-06	2.67097e-05	0.00128488	0.000868171	0.00391164	0.0804749	0.495923	0.359106	0.055292	0.00299833	0.000111122	2.54879e-06	7.04285e-08	9.80602e-10	1.6069e-11	1.25958e-13	1.2668e-15	6.33456e-18	4.56829e-20	1.61771e-22	9.6741e-25	3.14885e-27	1.97358e-29	6.43861e-32	4.1136e-34	1.60672e-36	9.89925e-39	3.1114e-41	1.65021e-43	5.37242e-46	2.61648e-48	6.44179e-51	2.71606e-53	7.04688e-56	2.8679e-58	5.71944e-61	2.07298e-63	4.70858e-66	1.80358e-68	3.87507e-71	1.55771e-73	5.32575e-76	2.3599e-78	8.92288e-81	3.83914e-83	
N4	5.71593e-11	6.35555e-08	3.63103e-06	0.000281244	0.000465728	0.0020245	0.0567319	0.470695	0.399017	0.0669555	0.00371567	0.000107617	2.04632e-06	2.491e-07	2.79352e-09	1.90547e-10	7.08904e-13	2.1255e-14	4.11886e-17	6.39754e-19	8.03441e-22	7.76944e-24	7.94291e-27	7.54154e-29	6.53805e-32	7.25034e-34	3.31342e-36	6.72921e-38	5.36835e-41	6.57716e-43	3.23792e-45	4.99744e-47	2.79492e-50	1.87782e-52	6.05053e-55	7.40407e-57	3.4257e-60	1.58643e-62	3.40695e-65	3.47976e-67	1.40215e-70	5.20549e-73	8.64986e-76	8.15749e-78	1.65372e-80	1.80864e-82	
N5	1.2542e-12	4.08029e-09	6.34632e-07	7.01839e-05	0.000254436	0.00139796	0.043643	0.416089	0.432059	0.0977109	0.00825593	0.000491717	1.85187e-05	9.31442e-06	7.88875e-08	1.22222e-08	2.16818e-11	1.06518e-12	8.73194e-16	1.70291e-17	8.71359e-21	8.81317e-23	3.72573e-26	4.6566e-28	1.57851e-31	2.47197e-33	1.26116e-35	4.00184e-37	9.79474e-41	1.11956e-42	4.8848e-45	1.12461e-46	2.00264e-50	9.53215e-53	2.29317e-55	4.10074e-57	6.27407e-61	1.94268e-63	2.582e-66	3.77385e-68	5.14109e-72	1.26744e-74	1.09255e-77	1.3935e-79	1.42358e-82	2.11163e-84	
N6	8.71776e-14	2.26263e-10	2.41641e-08	8.19385e-06	5.69846e-05	8.02004e-05	0.00663956	0.203028	0.712972	0.0750662	0.00211412	3.42774e-05	4.56291e-07	1.86483e-08	1.58376e-10	5.3126e-12	1.88092e-14	3.58983e-16	9.03861e-19	1.26339e-20	2.38953e-23	2.45062e-25	4.01392e-28	3.77411e-30	5.99989e-33	6.48046e-35	2.74009e-37	3.82193e-39	5.05525e-42	4.87261e-44	2.11924e-46	2.78857e-48	2.4769e-51	1.69717e-53	5.58986e-56	6.34294e-58	5.10184e-61	3.10842e-63	9.10603e-66	8.92214e-68	6.62801e-71	3.48024e-73	9.55604e-76	9.10912e-78	2.91623e-80	3.03171e-82	
N7	2.90747e-22	5.54797e-17	8.63215e-15	3.64438e-10	1.03489e-07	5.94776e-10	4.39322e-07	0.00188649	0.956162	0.0419301	2.10474e-05	3.44602e-09	4.52755e-13	2.46234e-16	5.58065e-20	2.28514e-23	2.14798e-27	4.43234e-31	1.70963e-35	1.72786e-39	3.83929e-44	2.57736e-48	3.76916e-53	2.07866e-57	2.59999e-62	3.76364e-61	1.20272e-59	3.32365e-60	5.39149e-59	5.23611e-59	6.08895e-61	1.37409e-62	5.39272e-64	5.42963e-63	8.9397e-65	1.48678e-66	4.07632e-69	4.24839e-71	2.06854e-73	2.78372e-75	5.48951e-78	4.46992e-80	1.94674e-82	2.63291e-84	1.96114e-86	2.54802e-88	
L_corymbiferum	0	0	0	0	0	0	0	0	1	0	0	0	0	0	0	0	0	0	0	0	0	0	0	0	0	0	0	0	0	0	0	0	0	0	0	0	0	0	0	0	0	0	0	0	0	0	
N8	2.04797e-26	2.71007e-20	3.08134e-17	7.31202e-12	2.09108e-09	7.63054e-12	2.29965e-09	0.000131959	0.933079	0.0667848	4.00104e-06	6.11308e-11	5.84139e-16	3.09035e-18	6.90902e-22	5.98373e-24	3.4451e-28	1.79295e-30	3.99507e-36	1.59667e-39	2.59928e-45	4.14701e-49	5.0657e-55	5.11352e-59	4.80118e-65	5.12189e-69	1.75866e-73	4.45176e-76	7.4343e-82	1.2186e-84	1.29045e-88	2.13808e-91	1.8796e-97	1.24209e-100	9.90984e-105	1.10123e-107	5.19419e-114	1.71934e-118	1.05609e-123	7.91086e-127	2.71545e-133	6.10844e-138	1.26061e-143	6.10838e-147	1.47315e-152	6.63592e-156	
L_gallicum	0	0	0	0	0	0	0	0	0	1	0	0	0	0	0	0	0	0	0	0	0	0	0	0	0	0	0	0	0	0	0	0	0	0	0	0	0	0	0	0	0	0	0	0	0	0	
L_strictum	0	0	0	0	0	0	0	0	1	0	0	0	0	0	0	0	0	0	0	0	0	0	0	0	0	0	0	0	0	0	0	0	0	0	0	0	0	0	0	0	0	0	0	0	0	0	
N9	7.325e-17	6.83814e-13	1.02837e-10	1.57597e-07	1.05923e-06	6.20096e-07	0.000297864	0.0510923	0.919865	0.0285758	0.000166854	4.1252e-07	8.70624e-10	1.23377e-11	5.25448e-14	7.06196e-16	1.15301e-18	8.37195e-21	6.16611e-24	2.36746e-26	1.30297e-29	4.39808e-32	2.64894e-35	1.04026e-37	6.49824e-41	3.4688e-43	8.4434e-46	8.77309e-48	8.8611e-51	7.29327e-53	2.18389e-55	1.54609e-57	8.78202e-61	3.95816e-63	7.96663e-66	4.13584e-68	1.53906e-71	3.83681e-74	4.40484e-77	1.85482e-79	5.48429e-83	1.04803e-85	9.0605e-89	3.61314e-91	4.41374e-94	1.97096e-96	
L_setaceum	0	0	0	0	0	0	0	0	1	0	0	0	0	0	0	0	0	0	0	0	0	0	0	0	0	0	0	0	0	0	0	0	0	0	0	0	0	0	0	0	0	0	0	0	0	0	
N10	8.42492e-25	2.77419e-19	7.3134e-17	4.70347e-12	5.1965e-11	2.38157e-12	6.24655e-08	0.000666138	0.998783	0.00055122	6.50412e-08	3.36574e-12	4.90839e-16	1.88313e-15	2.93079e-15	1.48517e-14	5.78212e-15	8.52372e-15	1.4577e-18	1.27826e-21	6.74439e-26	2.45063e-29	7.00655e-34	1.66723e-37	3.20877e-42	1.00553e-45	9.25078e-49	7.37794e-49	1.92977e-49	7.24441e-49	6.40746e-49	1.41841e-48	1.11706e-49	1.03562e-49	2.2892e-50	7.26357e-51	1.57256e-54	1.72432e-57	5.26298e-61	8.1415e-64	3.03531e-68	9.00142e-72	7.53922e-76	5.47309e-79	6.63927e-83	4.15679e-86	
L_suffruticosum1	0	0	0	0	0	0	0	0	0	0	0	0	0	0	0	0	0	0	0	0	0	0	0	0	0	0	0	0	0	0	0	0	0	0	0	1	0	0	0	0	0	0	0	0	0	0	
L_tenuifolium1	0	0	0	0	0	0	0	0	1	0	0	0	0	0	0	0	0	0	0	0	0	0	0	0	0	0	0	0	0	0	0	0	0	0	0	0	0	0	0	0	0	0	0	0	0	0	
N11	5.77044e-14	2.98901e-10	1.37381e-07	9.83332e-06	0.000329529	0.00310762	0.0732078	0.398807	0.265571	0.162482	0.0755679	0.0135793	0.00285304	0.00416104	0.000271214	5.29112e-05	4.48551e-07	2.81071e-08	6.79042e-11	1.2282e-12	1.60368e-15	1.55069e-17	1.30832e-20	1.10811e-22	9.31833e-26	1.81043e-27	1.39434e-29	4.1677e-31	5.43618e-34	1.18823e-35	8.07633e-38	1.61935e-39	1.07947e-42	1.04977e-44	4.64632e-47	7.1257e-49	3.36254e-52	1.53129e-54	2.76034e-57	3.50764e-59	1.34591e-62	4.90432e-65	6.02094e-68	7.53655e-70	2.61503e-72	3.76642e-74	
N12	8.3702e-20	3.18896e-15	3.79686e-11	1.42141e-10	2.64604e-08	6.5224e-05	0.0138661	0.000213394	2.4636e-06	2.51572e-06	0.000326832	0.0148885	0.186772	0.746148	0.0359307	0.00177133	1.22576e-05	1.54724e-07	2.43348e-10	1.1341e-12	6.916e-16	1.37444e-18	4.4918e-22	5.98859e-25	1.26309e-28	1.50954e-31	5.6535e-35	1.61904e-37	8.59489e-41	2.47293e-43	2.59322e-46	5.85538e-49	2.07942e-52	3.68791e-55	2.69086e-58	3.98616e-61	7.23375e-65	6.8666e-68	3.08143e-71	3.4364e-74	4.06275e-78	2.30428e-81	5.81315e-85	5.75711e-88	1.7024e-91	1.78954e-94	
N13	7.52973e-24	1.1408e-18	3.27988e-14	4.74854e-13	1.69152e-10	1.64348e-06	0.00167105	3.85188e-06	4.9991e-09	9.66754e-10	1.22385e-06	0.00058387	0.0563851	0.925213	0.0160027	0.000137596	1.92475e-07	3.44262e-10	2.50204e-13	6.5387e-15	3.7484e-18	8.18497e-20	1.92925e-23	2.53441e-25	2.93341e-29	2.2713e-31	1.84131e-35	9.72473e-38	6.39879e-42	2.59558e-44	2.1938e-48	1.00119e-50	4.27911e-55	8.53642e-58	4.38898e-62	1.295e-64	4.02661e-69	6.78519e-72	3.70665e-75	2.31655e-77	5.5921e-82	1.46144e-84	1.19699e-87	6.19039e-90	1.00446e-93	4.51976e-96	
N14	5.56115e-29	4.03237e-23	8.50376e-18	3.6357e-16	1.21208e-13	3.76543e-09	1.9971e-05	3.89436e-09	2.17755e-13	5.15374e-15	1.06783e-10	1.18844e-06	0.00326736	0.993707	0.0030026	1.44804e-06	2.42019e-10	2.1077e-14	1.27969e-18	2.1539e-21	2.06097e-24	7.22969e-27	4.35629e-30	8.61176e-33	2.83551e-36	3.4427e-39	5.16808e-43	3.92864e-46	1.10399e-50	2.49886e-54	4.45533e-59	7.25394e-63	9.08787e-68	1.11751e-71	1.00207e-76	1.11406e-80	7.51589e-86	8.75442e-90	4.04818e-94	2.44233e-97	2.16084e-101	1.3726e-104	6.07415e-108	2.61402e-111	8.07232e-115	1.92551e-118	
L_album	0	0	0	0	0	0	0	0	0	0	0	0	0	1	0	0	0	0	0	0	0	0	0	0	0	0	0	0	0	0	0	0	0	0	0	0	0	0	0	0	0	0	0	0	0	0	
L_mucronatum1	0	0	0	0	0	0	0	0	0	0	0	0	0	1	0	0	0	0	0	0	0	0	0	0	0	0	0	0	0	0	0	0	0	0	0	0	0	0	0	0	0	0	0	0	0	0	
N15	3.34836e-31	6.45999e-25	3.74461e-19	2.40082e-17	1.13855e-14	1.03879e-09	1.57981e-05	1.21365e-09	2.62506e-14	3.3736e-16	1.64899e-11	3.84839e-07	0.00193941	0.996162	0.00188172	5.67531e-07	5.27682e-11	2.38326e-15	7.07892e-20	9.27156e-23	4.16936e-26	9.35589e-29	2.0119e-32	1.428e-34	2.87615e-36	6.43206e-36	6.4995e-35	1.01654e-35	2.63642e-38	1.30233e-39	2.63917e-42	1.02159e-43	1.66833e-46	4.19061e-48	5.38867e-51	1.31376e-52	1.4157e-55	3.75857e-57	3.93451e-59	7.43734e-60	4.73322e-62	9.64571e-63	9.97734e-64	1.95232e-64	2.67089e-65	3.38823e-66	
N16	2.13822e-37	2.7867e-31	1.35616e-24	3.10751e-22	5.0126e-19	8.38244e-13	2.33928e-07	1.1885e-12	1.0808e-18	1.59926e-21	1.80289e-15	9.9077e-10	0.000115411	0.998969	0.000915319	2.69024e-08	1.84476e-13	5.02524e-19	6.95974e-25	7.67637e-29	1.27187e-32	6.25931e-35	5.69749e-39	1.49933e-41	5.56452e-46	8.785e-49	7.54773e-54	5.7185e-56	2.90107e-57	1.36163e-55	9.6792e-51	4.70655e-44	4.70188e-46	5.79206e-46	5.00875e-48	5.07645e-48	3.82085e-50	3.54137e-48	7.19216e-45	3.38097e-43	1.43031e-44	8.12211e-43	2.03953e-41	1.21962e-39	5.42237e-38	1.82927e-36	
N17	3.54834e-38	2.98052e-31	7.14574e-25	1.92955e-22	4.1631e-19	1.44665e-13	8.58046e-09	1.44195e-13	6.45711e-19	5.61201e-20	1.97811e-14	3.6773e-09	0.000180644	0.99941	0.000409117	2.18096e-08	3.7026e-13	2.88378e-18	1.25515e-23	1.1503e-27	7.52714e-31	1.33659e-32	6.34455e-36	6.06733e-38	2.1505e-41	1.11187e-43	2.62154e-47	4.65944e-49	2.62536e-52	4.17018e-53	2.20952e-53	3.19593e-52	6.72582e-56	9.80076e-58	1.557e-61	2.16086e-63	2.75031e-67	3.30501e-68	1.02007e-69	3.07135e-70	1.16447e-71	8.7086e-72	5.25706e-72	2.57449e-72	9.73596e-73	2.71242e-73	
N18	7.07878e-39	4.22857e-32	7.26984e-26	1.91358e-23	4.07362e-20	1.01721e-14	4.33318e-10	9.9431e-15	1.91229e-19	1.62247e-19	4.21638e-14	6.06109e-09	0.00023135	0.999376	0.000392615	2.20859e-08	4.17869e-13	3.7579e-18	1.94308e-23	4.13495e-27	3.48782e-30	7.85429e-32	4.83219e-35	6.00357e-37	2.80122e-40	1.94606e-42	5.93865e-46	2.27475e-48	7.05598e-54	1.29322e-57	2.6288e-63	3.04317e-67	4.1262e-73	3.97503e-77	3.78341e-83	3.15449e-87	2.19212e-93	1.59232e-97	1.81613e-103	3.80348e-106	5.49589e-110	1.82931e-112	4.61038e-115	8.85846e-118	1.22575e-120	1.15974e-123	
L_arboreum	0	0	0	0	0	0	0	0	0	0	0	0	0	1	0	0	0	0	0	0	0	0	0	0	0	0	0	0	0	0	0	0	0	0	0	0	0	0	0	0	0	0	0	0	0	0	
L_elegans	0	0	0	0	0	0	0	0	0	0	0	0	0	1	0	0	0	0	0	0	0	0	0	0	0	0	0	0	0	0	0	0	0	0	0	0	0	0	0	0	0	0	0	0	0	0	
L_campanulatum	0	0	0	0	0	0	0	0	0	0	0	0	0	1	0	0	0	0	0	0	0	0	0	0	0	0	0	0	0	0	0	0	0	0	0	0	0	0	0	0	0	0	0	0	0	0	
N19	1.84877e-39	3.0946e-32	5.87551e-26	1.60759e-22	6.5766e-20	5.23589e-14	7.22397e-09	3.06586e-13	7.36858e-19	5.37951e-21	2.03855e-15	8.12216e-10	8.48121e-05	0.993869	0.00604601	2.58141e-07	2.75442e-12	1.22817e-17	2.90673e-23	5.2362e-27	2.6079e-30	4.46343e-32	1.44252e-35	1.30985e-37	5.71247e-40	4.80344e-39	3.38831e-38	5.4774e-38	1.60436e-41	3.73361e-43	7.64023e-47	1.31824e-48	1.95923e-52	3.13714e-54	3.59331e-58	5.48295e-60	5.05406e-64	7.40371e-66	1.57924e-69	1.18098e-69	2.71134e-71	3.13516e-71	2.91389e-71	2.20533e-71	1.28594e-71	5.50162e-72	
L_capitatum	0	0	0	0	0	0	0	0	0	0	0	0	0	1	0	0	0	0	0	0	0	0	0	0	0	0	0	0	0	0	0	0	0	0	0	0	0	0	0	0	0	0	0	0	0	0	
N20	1.37862e-31	1.30763e-30	3.80282e-26	6.26275e-22	3.80273e-20	1.00762e-14	6.37116e-10	6.06439e-13	4.79046e-18	7.60219e-19	1.14118e-14	2.10683e-09	0.000116708	0.970013	0.0298674	3.35115e-06	9.51222e-11	1.13452e-15	7.17737e-21	3.72941e-24	6.91343e-27	6.20571e-28	8.10314e-31	3.86813e-32	3.77148e-35	1.00101e-36	6.04829e-40	9.33064e-42	3.24309e-47	1.3595e-50	3.24604e-56	8.56819e-60	1.41374e-65	3.19082e-69	3.80395e-75	7.76916e-79	6.95192e-85	1.30591e-88	2.09214e-94	2.47908e-96	3.74883e-100	8.03788e-102	1.28504e-103	1.58653e-105	1.44406e-107	9.38403e-110	
L_gyaricum	0	0	0	0	0	0	0	0	0	0	0	0	0	0	1	0	0	0	0	0	0	0	0	0	0	0	0	0	0	0	0	0	0	0	0	0	0	0	0	0	0	0	0	0	0	0	
L_tauricum	0	0	0	0	0	0	0	0	0	0	0	0	0	1	0	0	0	0	0	0	0	0	0	0	0	0	0	0	0	0	0	0	0	0	0	0	0	0	0	0	0	0	0	0	0	0	
L_flavum	0	0	0	0	0	0	0	0	0	0	0	0	0	1	0	0	0	0	0	0	0	0	0	0	0	0	0	0	0	0	0	0	0	0	0	0	0	0	0	0	0	0	0	0	0	0	
L_nodiflorum	0	0	0	0	0	0	0	0	0	0	0	0	1	0	0	0	0	0	0	0	0	0	0	0	0	0	0	0	0	0	0	0	0	0	0	0	0	0	0	0	0	0	0	0	0	0	
N21	2.28862e-15	1.5249e-11	3.65574e-09	4.79727e-06	0.00191355	0.000302318	0.000750043	0.0349014	0.325921	0.59171	0.0420852	0.00229854	0.000108992	3.94006e-06	3.58192e-08	3.40188e-10	8.50908e-13	2.6428e-15	3.196e-18	1.23086e-20	1.70327e-23	1.49183e-25	2.7078e-28	2.68795e-30	7.5417e-33	8.22176e-35	2.89681e-37	2.27357e-39	2.96498e-42	1.64208e-44	2.7145e-47	1.40345e-49	9.46852e-53	2.71972e-55	1.99608e-58	7.56361e-61	3.49527e-64	8.45339e-67	6.42719e-70	3.1454e-72	1.65929e-75	8.15461e-78	3.7078e-80	2.81056e-82	1.62111e-84	9.64242e-87	
N22	6.29131e-19	3.45493e-14	1.19446e-11	8.43382e-08	6.91242e-05	3.48572e-07	1.20486e-06	0.00104873	0.169127	0.822467	0.00726913	1.73553e-05	2.27864e-08	3.79899e-11	4.01199e-14	2.20883e-16	1.32828e-19	4.81502e-22	1.45965e-25	3.07112e-28	5.10576e-32	5.94203e-35	8.09315e-39	8.24433e-42	1.06811e-45	1.00481e-48	1.44934e-52	1.56153e-55	1.65344e-59	2.08532e-62	6.40796e-65	4.67247e-66	2.36848e-68	3.39938e-69	3.91173e-70	3.79063e-71	1.45448e-73	5.62343e-75	1.03591e-76	6.26465e-78	1.86908e-80	4.88836e-82	6.16044e-84	3.43303e-85	3.01106e-87	1.6258e-88	
N23	4.75485e-26	1.59197e-19	1.16079e-16	5.55098e-11	6.41203e-08	3.72455e-12	8.46588e-11	1.03279e-05	0.248161	0.751771	5.80325e-05	9.25628e-10	5.93596e-15	3.80344e-20	1.55379e-24	7.54929e-28	3.00575e-32	7.8079e-36	1.05032e-40	1.52847e-44	2.47254e-50	6.23283e-55	5.85864e-61	7.61317e-66	4.2609e-72	3.46571e-77	1.21187e-83	1.0874e-88	5.25003e-95	1.23038e-99	4.07542e-105	3.83417e-110	2.80286e-117	3.60256e-77	5.6991e-35	3.76284e-34	4.12132e-35	1.86412e-34	2.62766e-34	1.48077e-33	9.19878e-35	9.36932e-35	3.15959e-35	1.64821e-34	1.66233e-35	5.9731e-35	
L_corymbulosum	0	0	0	0	0	0	0	0	1	0	0	0	0	0	0	0	0	0	0	0	0	0	0	0	0	0	0	0	0	0	0	0	0	0	0	0	0	0	0	0	0	0	0	0	0	0	
L_trigynum	0	0	0	0	0	0	0	0	0	1	0	0	0	0	0	0	0	0	0	0	0	0	0	0	0	0	0	0	0	0	0	0	0	0	0	0	0	0	0	0	0	0	0	0	0	0	
L_tenue1	0	0	0	0	0	0	0	0	0	1	0	0	0	0	0	0	0	0	0	0	0	0	0	0	0	0	0	0	0	0	0	0	0	0	0	0	0	0	0	0	0	0	0	0	0	0	
L_maritimum	0	0	0	0	0	0	0	0	0	1	0	0	0	0	0	0	0	0	0	0	0	0	0	0	0	0	0	0	0	0	0	0	0	0	0	0	0	0	0	0	0	0	0	0	0	0	
L_catharticum	0	0	0	0	0	0	0	1	0	0	0	0	0	0	0	0	0	0	0	0	0	0	0	0	0	0	0	0	0	0	0	0	0	0	0	0	0	0	0	0	0	0	0	0	0	0	
N24	4.68631e-11	4.27733e-08	2.2783e-06	0.000226524	9.48116e-05	0.000901072	0.0436176	0.565504	0.361047	0.0279659	0.000632807	8.09794e-06	8.93147e-08	4.4044e-09	7.08494e-11	3.88601e-12	3.72044e-14	1.34206e-15	8.04158e-18	1.83263e-19	7.38612e-22	1.16346e-23	3.63262e-26	5.11592e-28	1.40623e-30	2.36218e-32	1.85498e-34	4.92326e-36	1.69604e-38	3.59187e-40	3.24746e-42	6.6029e-44	1.55088e-46	2.08696e-48	1.33124e-50	2.11313e-52	3.78322e-55	3.59078e-57	1.62559e-59	2.14966e-61	3.1589e-64	2.41203e-66	9.46487e-69	1.23981e-70	6.76537e-73	1.00783e-74	
N25	1.19434e-15	1.97472e-11	3.26336e-09	4.0728e-06	8.66913e-07	3.51398e-05	0.0218456	0.731457	0.245704	0.000939521	1.33404e-05	6.57842e-07	2.33356e-08	4.67353e-09	1.71715e-10	2.70589e-11	7.84202e-13	8.26196e-14	3.29371e-16	5.61649e-18	6.37307e-21	3.70654e-23	2.01282e-26	6.58971e-29	2.29197e-32	6.85691e-35	7.69767e-38	4.55707e-40	1.58292e-43	6.49863e-46	9.36758e-49	3.60353e-51	6.99425e-55	1.46384e-57	1.32714e-60	3.4652e-63	4.33314e-67	4.7275e-70	2.38279e-73	4.62663e-76	4.35951e-80	3.2314e-83	1.04243e-86	1.67591e-89	4.99787e-93	8.3946e-96	
N26	2.23438e-17	1.12338e-12	5.77411e-10	1.24882e-06	1.64705e-06	2.34425e-05	0.0151459	0.685809	0.298543	0.000474799	7.60616e-07	4.5974e-09	4.80402e-11	6.84512e-11	3.628e-11	1.68055e-11	7.79317e-13	4.56623e-14	1.19289e-16	3.18749e-19	1.55292e-22	6.1354e-25	2.86435e-28	1.09899e-29	4.12724e-33	1.16547e-34	1.16962e-37	2.41216e-39	5.21081e-43	7.00471e-45	1.4995e-48	1.57533e-50	6.01529e-55	1.98477e-57	1.27313e-61	6.89594e-64	1.66914e-68	2.16864e-71	6.33528e-76	1.72916e-78	3.10667e-83	2.36972e-86	1.27375e-90	7.83103e-93	3.49387e-95	1.99718e-97	
N27	8.09858e-21	1.70256e-15	1.06801e-12	2.22082e-08	4.28805e-08	4.9215e-07	0.00201622	0.511794	0.485254	0.000895038	4.40513e-07	1.33534e-08	3.04789e-09	7.44044e-07	1.23689e-06	3.49152e-05	1.71263e-06	1.61032e-06	1.42903e-09	1.36314e-11	2.23531e-15	7.64953e-18	1.30632e-21	2.33915e-23	2.46021e-27	3.36682e-29	6.14521e-32	7.15846e-34	2.54554e-38	8.3462e-41	8.32163e-44	5.48752e-46	1.09108e-50	6.12162e-54	1.178e-57	5.11682e-60	7.50604e-65	2.70018e-68	1.39659e-72	4.42428e-75	4.51385e-80	1.28553e-83	6.72405e-88	2.07298e-90	2.7883e-93	7.82315e-96	
N28	1.45891e-22	1.05267e-17	5.74398e-15	9.67181e-11	5.03557e-09	3.48489e-09	1.15835e-05	0.0124959	0.172763	0.000362671	1.42682e-07	1.53137e-10	6.49126e-12	1.4671e-08	3.19934e-06	0.00430401	0.0240266	0.775237	0.0101695	0.000625957	9.16711e-07	1.51582e-08	1.09239e-11	4.45133e-13	6.54094e-16	3.76769e-17	3.1187e-19	1.19691e-20	5.62795e-24	1.2566e-25	6.27255e-28	1.308e-29	2.06595e-33	5.5667e-36	5.01591e-39	1.34816e-40	5.70256e-44	4.90132e-46	7.11852e-49	3.07703e-50	8.74683e-54	4.36012e-56	6.05533e-59	2.24443e-60	4.94515e-62	1.34392e-63	
C_selaginoides	0	0	0	0	0	0	0	0	0	0	0	0	0	0	0	0	0	1	0	0	0	0	0	0	0	0	0	0	0	0	0	0	0	0	0	0	0	0	0	0	0	0	0	0	0	0	
N29	1.11773e-26	2.03853e-21	1.42539e-18	6.49952e-14	3.41274e-12	1.2646e-12	1.32281e-08	5.56631e-05	0.00949099	9.41743e-06	1.69278e-09	1.79399e-13	1.69067e-15	1.11382e-11	3.22846e-08	7.23333e-05	0.00791339	0.968719	0.0136575	8.15767e-05	7.52407e-08	1.62669e-10	3.93812e-14	1.37629e-16	4.22377e-20	2.04998e-21	6.75671e-23	2.58312e-23	3.62142e-24	1.46625e-23	9.42674e-24	1.89905e-23	8.00874e-25	5.7677e-25	4.53563e-26	1.42845e-26	2.27078e-29	2.90745e-31	2.0816e-34	2.76961e-36	8.19059e-40	2.82833e-42	1.2205e-45	2.03526e-47	2.9969e-49	4.34501e-51	
L_littorale	0	0	0	0	0	0	0	0	0	0	0	0	0	0	0	0	0	0	0	0	0	0	0	0	0	0	0	0	0	0	0	0	0	0	0	1	0	0	0	0	0	0	0	0	0	0	
N30	1.48048e-31	8.77755e-26	8.50066e-23	1.37704e-17	1.06824e-15	2.82817e-16	1.11705e-11	1.86296e-07	0.000372608	1.27667e-07	8.14079e-12	2.38723e-16	3.84506e-19	9.08717e-15	1.67588e-10	1.38085e-06	0.00287519	0.989177	0.00756418	8.94089e-06	3.12738e-09	7.76156e-13	6.41351e-17	4.02539e-20	1.94265e-24	1.28532e-26	2.26962e-29	2.911e-31	3.71357e-34	2.91967e-36	2.12113e-38	6.12127e-39	8.42085e-40	9.37044e-39	1.34872e-39	1.39348e-40	9.96484e-43	1.34493e-44	5.86592e-47	6.31012e-49	1.94305e-51	1.8955e-52	8.65676e-52	2.88971e-52	6.93359e-53	1.15773e-53	
N31	2.79699e-34	1.66086e-28	2.94489e-25	4.46081e-20	5.98874e-18	6.59577e-18	3.31322e-13	8.03943e-09	3.41354e-05	9.26895e-09	5.14674e-13	1.35927e-17	2.69989e-20	8.4075e-16	2.87024e-11	4.06469e-07	0.00170472	0.992873	0.00538369	3.62561e-06	8.10134e-10	9.34534e-14	5.73432e-18	1.26654e-21	4.62717e-26	1.1221e-27	3.23472e-29	1.2717e-28	3.02689e-28	1.19424e-26	2.71184e-26	5.25848e-25	5.87001e-25	4.77603e-24	1.456e-24	2.94694e-24	1.53165e-27	2.90904e-29	4.28312e-33	2.18183e-35	1.61851e-39	4.18918e-42	4.02501e-46	1.16827e-47	4.13866e-49	1.05211e-50	
L_macraei	0	0	0	0	0	0	0	0	0	0	0	0	0	0	0	0	0	0	0	0	0	0	0	0	0	0	0	0	0	0	0	0	0	0	0	1	0	0	0	0	0	0	0	0	0	0	
L_prostratum	0	0	0	0	0	0	0	0	0	0	0	0	0	0	0	0	0	1	0	0	0	0	0	0	0	0	0	0	0	0	0	0	0	0	0	0	0	0	0	0	0	0	0	0	0	0	
L_oligophyllum	0	0	0	0	0	0	0	0	0	0	0	0	0	0	0	0	0	1	0	0	0	0	0	0	0	0	0	0	0	0	0	0	0	0	0	0	0	0	0	0	0	0	0	0	0	0	
N32	2.94149e-21	2.79989e-16	5.87594e-13	2.38851e-09	1.1404e-08	2.07408e-06	0.00594335	0.56279	0.425909	0.00527333	2.81843e-05	9.38768e-07	6.79684e-07	1.17166e-05	2.17353e-05	1.77826e-05	7.01191e-07	5.8639e-08	4.19932e-11	2.85275e-14	5.78935e-18	2.80654e-21	1.82848e-25	3.09508e-28	2.19813e-32	4.92727e-34	1.54881e-36	4.45998e-38	4.43974e-41	9.30899e-43	1.98689e-45	2.45599e-47	3.67448e-51	3.31185e-53	3.09571e-56	2.62527e-58	1.09795e-62	1.26015e-65	4.98459e-70	1.22204e-72	3.75804e-77	2.78028e-80	1.25449e-84	8.62445e-87	7.20912e-89	5.54091e-91	
N33	4.22594e-21	2.94644e-16	1.02725e-12	4.82771e-10	1.4216e-08	1.64433e-05	0.0115347	0.245012	0.251018	0.0146161	0.000298681	2.34721e-05	6.60455e-05	0.00912688	0.0272139	0.373833	0.0261833	0.0410047	5.04855e-05	1.56052e-06	5.7702e-10	5.62556e-12	9.81544e-16	5.7533e-18	6.3348e-22	9.19146e-24	5.23955e-26	3.91151e-27	1.06533e-30	5.4597e-32	2.94425e-34	1.23642e-35	1.16033e-39	1.75273e-41	6.74648e-44	1.99381e-45	1.16675e-49	2.25462e-52	7.50691e-56	1.71206e-57	7.92856e-62	1.26499e-64	2.14751e-68	4.2933e-70	4.46988e-73	1.02262e-74	
L_kingii	0	0	0	0	0	0	0	0	0	0	0	0	1	0	0	0	0	0	0	0	0	0	0	0	0	0	0	0	0	0	0	0	0	0	0	0	0	0	0	0	0	0	0	0	0	0	
N34	3.90235e-21	2.93804e-16	3.6865e-13	3.77179e-09	2.58647e-08	1.37336e-06	0.00193817	0.072255	0.0524598	0.000383406	2.26046e-05	5.35093e-06	4.0091e-06	0.00114894	0.0432427	0.466496	0.15853	0.201541	0.00181078	0.000161025	3.3092e-07	1.07674e-08	9.81233e-12	1.35366e-13	9.67807e-17	1.54662e-18	6.06017e-21	1.2815e-22	8.9104e-26	1.04943e-27	2.20695e-30	2.86117e-32	8.41878e-36	3.37424e-38	4.00159e-41	4.50792e-43	8.43505e-47	2.79166e-49	4.47702e-52	4.73475e-54	6.81389e-58	1.84154e-60	2.47195e-63	2.18447e-65	1.43826e-68	1.1559e-70	
L_rupestre	0	0	0	0	0	0	0	0	0	0	0	0	0	0	0	0	0	1	0	0	0	0	0	0	0	0	0	0	0	0	0	0	0	0	0	0	0	0	0	0	0	0	0	0	0	0	
L_vernale	0	0	0	0	0	0	0	0	0	0	0	0	0	0	1	0	0	0	0	0	0	0	0	0	0	0	0	0	0	0	0	0	0	0	0	0	0	0	0	0	0	0	0	0	0	0	
L_striatum	0	0	0	0	0	0	0	0	1	0	0	0	0	0	0	0	0	0	0	0	0	0	0	0	0	0	0	0	0	0	0	0	0	0	0	0	0	0	0	0	0	0	0	0	0	0	
N35	1.69296e-15	1.33811e-11	7.98196e-09	1.18188e-06	0.000130794	0.00269577	0.0822459	0.641422	0.272094	0.00140834	1.82175e-06	1.5253e-09	1.66698e-11	8.62062e-11	7.854e-11	2.44017e-10	1.50288e-11	9.39797e-12	4.1301e-14	1.08063e-15	1.35332e-18	1.78823e-20	1.17304e-23	1.41418e-25	1.29636e-28	6.71335e-30	8.16822e-32	4.50109e-33	8.67622e-36	3.38481e-37	2.83697e-39	8.86901e-41	4.37835e-44	4.4609e-46	2.07009e-48	5.01809e-50	1.80274e-53	7.86639e-56	7.44356e-59	1.50672e-60	3.88256e-64	1.49836e-66	1.41269e-69	3.29633e-71	3.13497e-73	7.1372e-75	
He_micranthum	0	0	0	0	0	0	0	0	0	0	0	0	0	0	0	0	0	1	0	0	0	0	0	0	0	0	0	0	0	0	0	0	0	0	0	0	0	0	0	0	0	0	0	0	0	0	
S_digynum	0	0	0	0	0	1	0	0	0	0	0	0	0	0	0	0	0	0	0	0	0	0	0	0	0	0	0	0	0	0	0	0	0	0	0	0	0	0	0	0	0	0	0	0	0	0	
N36	4.23782e-24	7.50183e-19	2.75621e-16	4.76364e-12	9.01583e-14	1.76643e-09	1.809e-05	0.000220966	2.25539e-07	3.41263e-11	2.07392e-11	7.43608e-09	2.98108e-06	0.00581806	0.905786	0.0877849	0.000365766	2.58872e-06	1.12608e-09	1.35137e-12	1.99059e-16	1.17717e-19	8.37046e-24	3.49582e-27	2.08921e-31	2.82328e-33	3.45798e-32	4.93295e-31	1.49411e-32	2.52462e-33	1.52936e-34	2.04792e-35	3.12847e-37	3.1165e-38	1.37664e-39	1.40348e-40	1.1947e-42	5.36797e-44	9.23032e-46	8.30715e-47	5.20806e-49	2.11075e-50	3.92336e-52	4.34392e-53	2.60342e-54	2.87388e-55	
N37	1.91674e-28	1.36511e-22	2.35582e-19	1.21674e-14	2.16129e-16	2.08199e-11	7.67231e-07	1.05757e-05	1.79502e-09	4.71273e-14	3.69083e-14	1.19074e-10	5.21168e-07	0.00290213	0.944695	0.0523076	8.33253e-05	1.32639e-07	1.8178e-11	2.91996e-15	1.24912e-19	1.02228e-22	6.05592e-27	1.81039e-28	1.54546e-32	3.8897e-34	1.26078e-37	2.31456e-39	1.72473e-42	2.49306e-42	2.65079e-44	8.17021e-42	1.80553e-44	7.03683e-45	6.79916e-48	4.18636e-48	2.20802e-51	8.19039e-52	4.40013e-53	3.87801e-52	1.92451e-55	1.35226e-56	2.28565e-59	3.23076e-59	3.84112e-59	4.77765e-59	
N38	1.66617e-30	7.25821e-25	2.98891e-21	8.91116e-17	6.33581e-17	2.9197e-12	4.75668e-08	6.09933e-07	7.5601e-11	2.71165e-15	1.40949e-15	4.54868e-11	6.76672e-07	0.0025944	0.966131	0.0312372	3.61759e-05	1.59385e-08	2.56155e-12	2.09528e-16	9.23421e-21	1.54968e-23	4.97493e-26	4.11108e-27	1.23045e-29	6.36813e-31	1.43707e-33	4.43345e-35	3.49715e-38	7.5465e-40	3.4531e-44	3.63387e-46	7.20157e-51	1.33698e-53	2.18461e-58	3.8948e-61	5.46194e-66	4.15011e-69	4.32366e-74	2.92161e-77	2.5523e-82	7.04906e-85	1.51689e-86	3.17309e-88	5.0673e-90	5.95964e-92	
N39	1.21903e-33	1.22215e-27	4.06002e-24	3.71524e-19	4.74796e-20	2.51748e-15	5.3211e-11	5.61033e-10	4.48161e-14	2.57273e-18	2.256e-16	1.24252e-11	2.63361e-07	0.00149995	0.993709	0.00478797	2.52884e-06	4.02208e-10	2.86454e-14	1.13676e-18	3.55562e-23	1.12759e-25	1.37939e-28	1.12821e-30	1.02187e-33	4.84376e-36	3.24977e-39	8.89534e-42	3.628e-45	5.3679e-48	1.42633e-52	6.82176e-56	1.06148e-60	2.01111e-64	1.9783e-69	2.9305e-73	1.95916e-78	2.48365e-82	1.18897e-87	1.37573e-91	1.28063e-95	1.92906e-98	2.35167e-101	2.20041e-104	1.52633e-107	7.56663e-111	
L_acuticarpum	0	0	0	0	0	0	0	0	0	0	0	0	0	0	1	0	0	0	0	0	0	0	0	0	0	0	0	0	0	0	0	0	0	0	0	0	0	0	0	0	0	0	0	0	0	0	
L_gracile	0	0	0	0	0	0	0	0	0	0	0	0	0	0	1	0	0	0	0	0	0	0	0	0	0	0	0	0	0	0	0	0	0	0	0	0	0	0	0	0	0	0	0	0	0	0	
L_heterostylum	0	0	0	0	0	0	0	0	0	0	0	0	0	0	1	0	0	0	0	0	0	0	0	0	0	0	0	0	0	0	0	0	0	0	0	0	0	0	0	0	0	0	0	0	0	0	
L_africanum	0	0	0	0	0	0	0	0	0	0	0	0	0	0	1	0	0	0	0	0	0	0	0	0	0	0	0	0	0	0	0	0	0	0	0	0	0	0	0	0	0	0	0	0	0	0	
L_comptonii	0	0	0	0	0	0	0	0	0	0	0	0	0	0	1	0	0	0	0	0	0	0	0	0	0	0	0	0	0	0	0	0	0	0	0	0	0	0	0	0	0	0	0	0	0	0	
Ra_linoides	0	0	0	0	0	0	0	0	1	0	0	0	0	0	0	0	0	0	0	0	0	0	0	0	0	0	0	0	0	0	0	0	0	0	0	0	0	0	0	0	0	0	0	0	0	0	
N40	6.77477e-07	6.75995e-05	0.00102703	0.00929614	0.0103493	0.0360011	0.196085	0.440156	0.254626	0.0484929	0.00365247	0.000235867	9.37285e-06	1.06495e-06	3.4828e-08	3.04288e-09	6.0365e-11	3.32297e-12	4.42329e-14	1.69784e-15	1.55503e-17	4.3907e-19	3.60167e-21	1.07696e-22	7.1199e-25	2.15418e-26	3.16282e-28	1.24614e-29	8.40639e-32	2.52668e-33	3.63082e-35	1.15032e-36	6.25718e-39	1.41833e-40	1.58281e-42	4.04714e-44	1.82332e-46	3.28458e-48	2.92357e-50	6.35151e-52	2.39209e-54	3.65464e-56	3.27469e-58	7.54716e-60	9.83137e-62	2.53611e-63	
N41	1.90619e-07	2.69041e-05	0.000512893	0.00596218	0.00731239	0.0272463	0.171703	0.445512	0.281856	0.0551586	0.00427945	0.000404005	1.83947e-05	7.83732e-06	2.52434e-07	9.14713e-08	1.71613e-09	3.78912e-10	4.8549e-12	6.86447e-13	6.19052e-15	5.66395e-16	5.00957e-18	5.47568e-19	3.23655e-21	2.6738e-22	7.90477e-24	1.34577e-24	5.8704e-27	4.40298e-28	1.45971e-29	1.95481e-30	6.7325e-33	3.34503e-34	8.03074e-36	8.50323e-37	2.52853e-39	9.39474e-41	1.66913e-42	1.4646e-43	3.85099e-46	1.13297e-47	1.55236e-49	1.22296e-50	1.53647e-52	1.4299e-53	
N42	4.10893e-09	1.57296e-06	5.79407e-05	0.0014135	0.00197698	0.0109577	0.132667	0.474776	0.319883	0.0531807	0.00454481	0.000483359	4.05174e-05	1.46231e-05	1.46728e-06	4.8096e-07	2.36736e-08	3.60136e-09	8.6051e-11	6.82529e-12	9.18236e-14	4.45066e-15	4.84725e-17	2.33381e-18	1.9178e-20	8.64469e-22	1.72111e-23	9.57223e-25	6.40801e-27	2.40299e-28	4.0231e-30	1.58642e-31	7.25029e-34	1.76389e-35	2.02156e-37	5.89732e-39	2.01911e-41	3.48392e-43	2.83326e-45	6.58329e-47	1.78463e-49	2.43006e-51	1.79066e-53	4.13313e-55	4.66159e-57	1.17909e-58	
N43	2.54999e-10	1.14829e-07	4.73873e-06	0.000251094	0.000464625	0.00186722	0.0474882	0.402228	0.477916	0.0661225	0.00299767	0.000276271	0.000113282	0.000174155	5.46363e-05	3.75983e-05	3.71568e-06	8.83191e-07	3.35465e-08	3.47202e-09	6.79037e-11	4.256e-12	6.65376e-14	4.09157e-15	5.39114e-17	3.33126e-18	9.05033e-20	6.03959e-21	6.04088e-23	2.87303e-24	6.23828e-26	3.00981e-27	2.01171e-29	6.19188e-31	9.14629e-33	3.41953e-34	1.75316e-36	4.02155e-38	4.3514e-40	1.36485e-41	5.93677e-44	1.20756e-45	1.47082e-47	5.03056e-49	1.02812e-50	3.82361e-52	
N44	9.26615e-18	1.86687e-13	1.36699e-11	6.27704e-08	3.02923e-07	2.23777e-08	2.92134e-05	0.0143944	0.978294	0.00726996	1.25166e-05	1.5867e-08	2.75391e-11	6.07044e-14	7.29967e-17	7.37995e-20	3.94803e-23	1.97591e-26	5.41612e-30	1.61712e-33	2.6436e-37	6.49921e-41	8.94762e-45	3.55456e-48	9.32972e-52	5.87764e-55	2.08241e-58	1.15449e-61	3.48941e-65	2.30884e-68	1.68847e-71	3.00249e-74	3.04017e-77	5.36871e-80	5.18382e-83	8.18137e-86	5.76578e-89	7.71609e-92	5.2784e-95	7.24626e-98	4.55426e-101	7.26883e-104	1.1044e-106	2.48486e-109	4.96712e-112	1.00821e-114	
N45	2.00064e-23	6.61045e-18	1.80027e-15	1.2938e-10	5.54165e-10	8.1599e-12	2.02494e-07	0.00160344	0.997513	0.000883672	1.11516e-07	5.96845e-12	2.84555e-16	4.41786e-19	5.23322e-23	3.04863e-25	9.44755e-30	2.93466e-32	4.93117e-37	3.87214e-37	3.63167e-37	9.09535e-36	9.31178e-39	8.41164e-40	8.73343e-43	1.03149e-43	5.34384e-46	3.45522e-46	3.43695e-49	1.21309e-49	7.04426e-51	4.44254e-51	3.39014e-54	5.52176e-55	2.78231e-56	1.47701e-56	9.41384e-60	3.21267e-61	4.44811e-63	2.05497e-63	1.27193e-66	3.64908e-68	2.71826e-70	1.11921e-70	2.2443e-73	8.41417e-74	
N46	9.95856e-28	1.7726e-21	2.41301e-18	8.25023e-13	3.2461e-12	4.73766e-14	7.82852e-09	0.000365082	0.999407	0.000227634	5.96529e-09	4.93895e-14	2.96025e-19	2.52492e-21	4.69768e-25	5.88001e-27	2.01727e-31	1.53788e-33	2.00128e-39	9.69261e-43	9.19855e-49	1.4054e-52	9.69174e-59	8.71151e-63	4.4121e-69	4.10186e-66	2.11576e-65	1.08219e-64	1.20208e-65	1.03263e-65	2.18336e-67	5.1015e-67	1.26709e-68	1.56137e-67	2.86634e-69	1.15343e-69	8.30762e-74	6.81637e-76	9.52583e-79	3.08067e-79	1.96664e-83	1.33891e-85	6.25617e-89	1.64619e-89	9.96755e-93	2.86344e-93	
N47	2.09129e-28	1.26946e-22	2.17191e-19	1.47723e-14	2.01627e-13	4.29388e-13	2.39189e-08	0.000477473	0.999057	0.000465897	3.38459e-08	8.86054e-13	1.64572e-17	3.48412e-19	5.7159e-22	1.81488e-23	1.4399e-26	2.40072e-28	2.16299e-33	1.09992e-36	6.25828e-42	2.15007e-45	8.18729e-51	2.42543e-54	6.70069e-60	2.53193e-63	4.3996e-67	5.21191e-69	7.8485e-74	6.97016e-76	3.20852e-79	2.26661e-81	2.38894e-86	1.27758e-88	4.86085e-92	2.20394e-94	5.97639e-100	9.27866e-104	9.50628e-109	3.25702e-111	6.25337e-117	7.88571e-121	4.65405e-126	1.40602e-128	1.95727e-132	7.42944e-135	
N48	8.12559e-31	1.40482e-24	3.61535e-21	1.72691e-15	2.38163e-13	1.2879e-13	1.05767e-08	0.000314017	0.99935	0.000335911	1.76268e-08	3.353e-13	4.28469e-18	1.50007e-20	9.06694e-24	5.49788e-26	1.87168e-29	5.33217e-32	3.47604e-37	5.4531e-41	2.05783e-46	2.24043e-50	5.32885e-56	4.70953e-60	7.56788e-66	1.43562e-66	5.79027e-65	1.57785e-64	1.23487e-63	6.80945e-64	1.86734e-65	2.11632e-65	6.22529e-65	6.22164e-63	1.54374e-64	2.48091e-65	1.04613e-68	1.27218e-70	1.81456e-73	2.51463e-74	8.28686e-78	9.36266e-80	9.98466e-83	1.4669e-83	2.26019e-85	3.48325e-86	
N49	1.21763e-33	6.60905e-27	2.32384e-23	3.78877e-17	7.84913e-15	2.71312e-15	8.16185e-10	8.77235e-05	0.999817	9.51896e-05	1.40151e-09	7.42952e-15	2.60701e-20	5.68105e-23	1.42673e-26	5.57344e-29	7.29952e-33	1.40018e-35	2.34067e-41	1.72737e-45	1.7398e-51	7.95395e-56	5.00625e-62	1.83386e-66	5.64188e-72	4.61052e-73	2.10847e-71	4.8492e-71	3.06132e-70	1.37221e-70	2.03895e-72	1.84205e-72	3.65497e-72	6.66064e-70	8.51979e-72	1.04821e-72	1.27345e-76	7.02084e-79	3.38393e-82	3.24601e-83	2.89574e-87	1.32193e-89	3.70008e-93	3.11708e-94	1.37596e-96	1.1485e-97	
N50	1.16214e-36	2.59477e-29	1.53426e-25	9.55376e-19	2.97923e-16	6.21313e-17	6.5539e-11	2.47709e-05	0.999948	2.71785e-05	1.14874e-10	1.75638e-16	1.77619e-22	2.26942e-25	2.41817e-29	5.47661e-32	3.31643e-36	3.42277e-39	1.60189e-45	3.95556e-50	1.01614e-56	1.60506e-61	2.36913e-68	2.72097e-73	2.36614e-80	2.49625e-85	9.00405e-91	2.58157e-94	5.95281e-101	7.29388e-105	2.68208e-110	8.9523e-115	1.41407e-122	7.31485e-38	1.39553e-37	3.49491e-36	4.81753e-38	4.21066e-38	2.13807e-39	4.82471e-38	5.48559e-40	4.70289e-40	1.80191e-41	4.44354e-40	5.42742e-40	1.4346e-38	
L_alpinum	0	0	0	0	0	0	0	0	1	0	0	0	0	0	0	0	0	0	0	0	0	0	0	0	0	0	0	0	0	0	0	0	0	0	0	0	0	0	0	0	0	0	0	0	0	0	
L_punctatum1	0	0	0	0	0	0	0	0	1	0	0	0	0	0	0	0	0	0	0	0	0	0	0	0	0	0	0	0	0	0	0	0	0	0	0	0	0	0	0	0	0	0	0	0	0	0	
L_perenne	0	0	0	0	0	0	0	0	1	0	0	0	0	0	0	0	0	0	0	0	0	0	0	0	0	0	0	0	0	0	0	0	0	0	0	0	0	0	0	0	0	0	0	0	0	0	
L_lewisii	0	0	0	0	0	0	0	0	1	0	0	0	0	0	0	0	0	0	0	0	0	0	0	0	0	0	0	0	0	0	0	0	0	0	0	0	0	0	0	0	0	0	0	0	0	0	
L_leonii	0	0	0	0	0	0	0	0	1	0	0	0	0	0	0	0	0	0	0	0	0	0	0	0	0	0	0	0	0	0	0	0	0	0	0	0	0	0	0	0	0	0	0	0	0	0	
N51	2.30669e-27	5.24886e-22	5.85456e-19	3.47126e-14	3.64853e-12	7.72628e-12	1.59395e-07	0.00121124	0.997526	0.00126187	2.5171e-07	1.82841e-11	9.09664e-16	1.32024e-17	3.21317e-20	7.85403e-22	1.15556e-24	1.33243e-26	3.73268e-31	2.32168e-34	3.82792e-39	1.89685e-42	2.10982e-47	9.30539e-51	7.69521e-56	4.19269e-59	9.79758e-63	9.34597e-65	4.56204e-69	3.37992e-71	2.36418e-74	1.42303e-76	6.95196e-81	3.32935e-83	1.98722e-86	7.44343e-89	7.56908e-94	2.12853e-97	6.28645e-102	1.93741e-104	1.41409e-109	3.54483e-113	8.15776e-118	2.64852e-120	1.03344e-123	3.34004e-126	
L_austr_mauritanicum	0	0	0	0	0	0	0	0	1	0	0	0	0	0	0	0	0	0	0	0	0	0	0	0	0	0	0	0	0	0	0	0	0	0	0	0	0	0	0	0	0	0	0	0	0	0	
L_austriacum	0	0	0	0	0	0	0	0	1	0	0	0	0	0	0	0	0	0	0	0	0	0	0	0	0	0	0	0	0	0	0	0	0	0	0	0	0	0	0	0	0	0	0	0	0	0	
L_pallescens	0	0	0	0	0	0	0	0	1	0	0	0	0	0	0	0	0	0	0	0	0	0	0	0	0	0	0	0	0	0	0	0	0	0	0	0	0	0	0	0	0	0	0	0	0	0	
L_pycnophyllum	0	0	0	0	0	0	0	0	1	0	0	0	0	0	0	0	0	0	0	0	0	0	0	0	0	0	0	0	0	0	0	0	0	0	0	0	0	0	0	0	0	0	0	0	0	0	
N52	1.62446e-16	1.39144e-12	1.5032e-10	1.89558e-07	1.26557e-07	1.22048e-06	0.000673185	0.0230996	0.0153373	8.14639e-05	5.31102e-06	2.51251e-06	2.80821e-06	0.000543843	0.0393456	0.305313	0.343217	0.266416	0.00583796	0.000122129	5.90301e-07	4.78999e-09	1.11764e-11	6.16098e-14	1.11767e-16	6.4092e-19	1.86765e-21	1.1042e-23	2.14674e-26	9.85267e-29	2.23045e-31	8.30096e-34	9.97215e-37	2.86201e-39	4.24851e-42	1.10422e-44	8.55775e-48	1.68452e-50	1.71264e-53	3.57779e-56	2.12943e-59	3.64273e-62	4.25823e-65	9.93395e-68	1.66971e-70	3.86882e-73	
L_aroanium1	0	0	0	0	0	0	0	0	0	0	0	0	0	0	0	0	0	1	0	0	0	0	0	0	0	0	0	0	0	0	0	0	0	0	0	0	0	0	0	0	0	0	0	0	0	0	
L_nervosum	0	0	0	0	0	0	0	0	0	0	0	0	0	0	1	0	0	0	0	0	0	0	0	0	0	0	0	0	0	0	0	0	0	0	0	0	0	0	0	0	0	0	0	0	0	0	
N53	1.6592e-11	2.43185e-08	3.75761e-06	0.000115845	0.00033119	0.00871491	0.169704	0.496031	0.261943	0.0440046	0.0136298	0.00418244	0.000881722	0.000407657	3.8733e-05	1.1002e-05	7.52093e-07	1.20277e-07	2.75212e-09	1.44487e-10	1.23294e-12	2.82389e-14	1.25544e-16	2.0193e-18	6.74771e-21	1.17975e-22	9.25015e-25	1.8346e-26	5.87856e-29	8.43061e-31	5.14329e-33	6.29938e-35	1.17255e-37	9.62002e-40	3.70605e-42	3.16975e-44	3.90102e-47	2.04121e-49	5.02252e-52	3.36532e-54	3.10013e-57	1.25869e-59	2.76925e-62	1.88538e-64	6.85784e-67	5.00654e-69	
N54	3.17166e-12	5.55309e-09	1.24788e-06	3.67843e-05	0.000245483	0.00919549	0.135069	0.363851	0.180583	0.0377246	0.0193401	0.0129396	0.00695085	0.0580886	0.0127726	0.0935002	0.0137769	0.0521379	0.00205617	0.00170211	2.3026e-05	5.33407e-06	3.28851e-08	3.9812e-09	1.47687e-11	1.67527e-12	5.63666e-14	1.65975e-14	3.51305e-17	3.95766e-18	1.3966e-19	2.4529e-20	3.01543e-23	1.21996e-24	2.36113e-26	2.82911e-27	2.5999e-30	5.30697e-32	4.97354e-34	4.47064e-35	3.39545e-38	4.89898e-40	2.59034e-42	1.88606e-43	5.53935e-46	4.3315e-47	
N55	8.43115e-14	2.59366e-10	6.00186e-08	1.25605e-05	0.000286263	0.00603924	0.0236505	0.184081	0.138916	0.0339748	0.0237977	0.040032	0.0537026	0.083245	0.0249145	0.0738161	0.0849266	0.151541	0.0451693	0.0287097	0.0025882	0.000577021	1.79355e-05	2.35834e-06	5.99774e-08	6.55332e-09	2.28746e-10	1.60724e-11	1.63253e-13	7.20719e-15	1.18326e-16	4.3639e-18	1.92142e-20	3.55899e-22	2.39507e-24	5.97757e-26	1.64605e-28	2.12588e-30	9.71805e-33	2.18946e-34	4.72514e-37	7.21869e-39	8.73218e-41	2.55619e-42	5.27223e-44	1.33435e-45	
N56	7.01216e-26	3.51243e-20	1.5821e-17	6.19683e-13	2.11428e-15	3.46077e-11	4.09213e-07	2.81052e-06	1.02229e-09	1.48349e-13	5.3061e-13	1.94804e-09	3.07243e-06	0.00266631	0.985389	0.01191	2.84301e-05	4.09869e-08	2.24018e-11	8.97162e-15	1.58124e-18	2.39404e-22	1.76767e-26	1.36455e-30	5.53981e-35	3.13513e-39	8.88613e-44	4.81783e-48	1.12987e-52	8.70392e-57	3.64705e-61	2.76588e-65	7.13902e-70	3.0397e-74	4.91681e-79	9.3892e-84	5.06019e-89	2.6277e-94	2.00507e-100	8.00372e-32	4.75977e-32	5.98045e-32	4.00323e-32	5.26924e-32	4.3163e-32	6.4116e-32	
L_bienne	0	0	0	0	0	0	0	0	0	0	0	0	0	0	1	0	0	0	0	0	0	0	0	0	0	0	0	0	0	0	0	0	0	0	0	0	0	0	0	0	0	0	0	0	0	0	
L_usitatissimum	0	0	0	0	0	0	0	0	0	0	0	0	0	0	1	0	0	0	0	0	0	0	0	0	0	0	0	0	0	0	0	0	0	0	0	0	0	0	0	0	0	0	0	0	0	0	
L_hologynum	0	0	0	0	0	0	0	0	0	0	0	0	0	0	0	0	0	0	0	0	1	0	0	0	0	0	0	0	0	0	0	0	0	0	0	0	0	0	0	0	0	0	0	0	0	0	
L_narbonense	0	0	0	0	0	0	0	0	0	0	0	0	0	1	0	0	0	0	0	0	0	0	0	0	0	0	0	0	0	0	0	0	0	0	0	0	0	0	0	0	0	0	0	0	0	0	
N57	2.47585e-12	3.57442e-09	3.04687e-07	7.27572e-05	0.000117265	0.000770526	0.0434228	0.555803	0.376639	0.0224129	0.000738623	2.25303e-05	5.45406e-07	1.10328e-08	1.33364e-10	1.48071e-12	9.98067e-15	6.33199e-17	2.25874e-19	9.24246e-22	2.47528e-24	1.71255e-26	6.62716e-29	6.61294e-31	2.80513e-33	2.6935e-35	1.15912e-37	9.48471e-40	3.06988e-42	2.19428e-44	7.3565e-47	4.74292e-49	1.20719e-51	6.65513e-54	1.66076e-56	8.2924e-59	1.42925e-61	5.81238e-64	9.76712e-67	4.39618e-69	7.21919e-72	4.29243e-74	2.40507e-76	2.02906e-78	1.40519e-80	1.01938e-82	
L_decumbens1	0	0	0	0	0	0	0	0	1	0	0	0	0	0	0	0	0	0	0	0	0	0	0	0	0	0	0	0	0	0	0	0	0	0	0	0	0	0	0	0	0	0	0	0	0	0	
L_grandiflorum	0	0	0	0	0	0	0	1	0	0	0	0	0	0	0	0	0	0	0	0	0	0	0	0	0	0	0	0	0	0	0	0	0	0	0	0	0	0	0	0	0	0	0	0	0	0	
L_stelleroides	0	0	0	0	0	0	0	0	1	0	0	0	0	0	0	0	0	0	0	0	0	0	0	0	0	0	0	0	0	0	0	0	0	0	0	0	0	0	0	0	0	0	0	0	0	0	
N58	1.58374e-09	7.09466e-07	2.01324e-05	0.00117009	0.000185201	0.00404612	0.123574	0.763637	0.103491	0.00381305	6.31398e-05	8.14528e-07	8.52473e-09	1.23362e-10	1.07471e-12	1.13463e-14	6.33571e-17	4.5265e-19	1.72288e-21	9.32119e-24	2.63869e-26	1.23035e-28	3.18069e-31	1.59402e-33	4.50224e-36	2.52414e-38	9.05175e-41	5.11111e-43	1.58066e-45	7.9004e-48	2.49979e-50	1.14926e-52	2.84695e-55	1.15503e-57	2.95866e-60	1.15565e-62	2.32982e-65	8.23585e-68	1.86311e-70	6.96787e-73	1.52476e-75	6.04768e-78	2.05685e-80	9.02534e-83	3.42246e-85	1.48154e-87	
N59	1.57027e-11	2.58868e-08	1.45701e-06	0.000238405	1.16414e-05	0.000636079	0.0671785	0.881537	0.0498808	0.000514304	1.93801e-06	7.53951e-09	2.55053e-11	8.28361e-13	1.87974e-15	4.03074e-17	3.62039e-20	3.75172e-22	2.16649e-25	1.33486e-27	5.72439e-31	2.4446e-33	9.94371e-37	5.29392e-39	1.86804e-42	1.2088e-44	3.10609e-47	3.53927e-49	1.09444e-52	6.62496e-55	1.66665e-57	1.50386e-59	3.48119e-63	1.11077e-65	1.7359e-68	1.2966e-70	2.6632e-74	6.39572e-77	6.98328e-80	4.49909e-82	8.45339e-86	1.7238e-88	1.53968e-91	9.39765e-94	1.19541e-96	8.54779e-99	
N60	6.09432e-13	1.88017e-09	1.9093e-07	5.37979e-05	1.66274e-06	0.000167085	0.0392183	0.931229	0.0291853	0.000144552	2.5552e-07	9.1208e-10	5.63487e-12	2.86095e-13	7.48272e-16	2.10296e-17	1.2364e-20	1.13784e-22	4.28896e-26	1.99208e-28	5.44966e-32	1.76336e-34	5.12315e-38	4.2342e-40	1.62837e-43	2.30347e-45	8.66247e-48	1.30983e-49	3.75607e-53	3.19828e-55	9.66947e-58	1.12278e-59	2.04902e-63	5.66249e-66	7.1312e-69	6.88379e-71	1.11345e-74	2.33332e-77	1.62871e-80	1.37525e-82	1.95721e-86	3.62506e-89	2.21875e-92	2.0354e-94	7.91663e-97	7.89948e-99	
L_hirsutum	0	0	0	0	0	0	0	1	0	0	0	0	0	0	0	0	0	0	0	0	0	0	0	0	0	0	0	0	0	0	0	0	0	0	0	0	0	0	0	0	0	0	0	0	0	0	
L_seljukorum	0	0	0	0	0	0	0	1	0	0	0	0	0	0	0	0	0	0	0	0	0	0	0	0	0	0	0	0	0	0	0	0	0	0	0	0	0	0	0	0	0	0	0	0	0	0	
L_viscosum	0	0	0	0	0	0	0	1	0	0	0	0	0	0	0	0	0	0	0	0	0	0	0	0	0	0	0	0	0	0	0	0	0	0	0	0	0	0	0	0	0	0	0	0	0	0	
L_pubescens	0	0	0	0	0	0	0	1	0	0	0	0	0	0	0	0	0	0	0	0	0	0	0	0	0	0	0	0	0	0	0	0	0	0	0	0	0	0	0	0	0	0	0	0	0	0	
Re_indica	0	0	0	0	0	0	0	0	0	0	1	0	0	0	0	0	0	0	0	0	0	0	0	0	0	0	0	0	0	0	0	0	0	0	0	0	0	0	0	0	0	0	0	0	0	0	
