NODE	1	2	3	4	5	6	7	8	9	10	11	12	13	14	15	16	17	18	19	20	21	22	23	24	25	26	27	28	29	30	31	32	33	34	35	36	37	38	39	40	41	42	43	44	45	46	
N1	0.257416	0.333885	0.263694	0.116883	0.0257152	0.00233204	7.42048e-05	8.02034e-07	3.16887e-09	5.03412e-12	1.27707e-17	2.30975e-19	2.96143e-21	2.77494e-23	1.95313e-25	1.05457e-27	4.49924e-30	1.54703e-32	4.37753e-35	1.02946e-37	2.03925e-40	3.44298e-43	5.0064e-46	6.32786e-49	7.00981e-52	6.85609e-55	5.96049e-58	4.64456e-61	3.25281e-64	2.05774e-67	1.18119e-70	6.17803e-74	2.95564e-77	1.29795e-80	5.24912e-84	1.96093e-87	6.79698e-91	2.18782e-94	6.5557e-98	1.83288e-101	4.79171e-105	1.17372e-108	2.69888e-112	5.83669e-116	1.19401e-119	3.05958e-123	
N2	0.121711	0.282582	0.309591	0.206555	0.0665193	0.012262	0.000733597	4.60827e-05	6.11639e-07	2.51099e-08	1.62711e-10	2.89734e-12	8.93525e-15	5.0785e-17	7.55239e-20	4.38312e-22	3.09374e-25	8.48161e-28	4.79911e-30	1.6822e-32	2.15654e-35	2.35949e-38	1.47101e-41	1.07363e-44	2.83642e-48	1.69529e-51	6.934e-55	4.28987e-57	3.77668e-60	2.05395e-63	7.72472e-67	2.04891e-70	3.96638e-74	5.43099e-78	8.33426e-82	1.0717e-85	2.7392e-89	1.36841e-92	1.81161e-96	1.16395e-99	7.41878e-104	4.25308e-107	2.07342e-111	1.18799e-114	1.00713e-118	3.17649e-121	
N3	3.44391e-05	0.000909862	0.0096016	0.0432077	0.161535	0.399892	0.320742	0.0615266	0.00251734	3.2895e-05	1.43548e-07	4.68851e-10	6.55926e-13	9.28099e-16	5.89351e-19	4.58216e-22	1.55008e-25	7.04948e-29	1.49311e-32	5.47646e-36	9.05186e-40	2.29792e-43	3.06379e-47	6.08474e-51	5.6854e-55	7.08615e-59	4.7815e-63	5.83378e-67	3.57721e-71	3.60198e-75	2.29718e-79	1.97322e-83	9.43774e-88	4.9948e-92	1.74315e-96	7.76569e-101	2.03172e-105	7.33399e-110	1.74951e-114	8.27162e-119	1.7484e-123	6.3699e-128	1.23674e-132	5.32294e-137	2.13557e-141	3.88564e-145	
N4	1.44102e-06	6.52131e-05	0.00145881	0.0131226	0.0601827	0.268694	0.435033	0.199766	0.0211776	0.000496543	1.90768e-06	2.5874e-08	2.71904e-11	1.35466e-13	5.95302e-17	8.95408e-20	1.76519e-23	1.04517e-26	1.03231e-30	6.47263e-34	6.3344e-38	2.57372e-41	7.19682e-45	2.99709e-48	3.05284e-52	2.93469e-56	1.32081e-60	3.61389e-64	9.58119e-69	1.60739e-72	1.52073e-76	2.86368e-80	2.12597e-84	1.24886e-88	3.95565e-93	1.0451e-97	1.63877e-102	3.05581e-107	1.21515e-111	5.24148e-116	1.5349e-120	3.90591e-125	9.2144e-130	3.39687e-134	8.31962e-139	4.69681e-142	
N5	1.24356e-07	7.37029e-06	0.000271548	0.0039507	0.0280811	0.167194	0.398675	0.310536	0.0859292	0.00531563	3.73824e-05	2.38586e-06	2.60258e-09	3.86931e-11	1.32774e-14	3.42431e-17	4.4481e-21	2.99531e-24	1.60368e-28	1.0393e-31	6.93074e-36	3.03211e-39	1.04743e-42	3.58584e-46	3.19124e-50	1.86056e-54	4.94038e-59	1.0674e-62	1.16723e-67	1.97514e-71	1.95001e-75	3.21946e-79	2.15687e-83	9.11859e-88	1.82769e-92	2.363e-97	1.89837e-102	1.52304e-107	8.0104e-112	1.40811e-116	5.17501e-121	5.69002e-126	1.41665e-130	2.40351e-135	3.19242e-140	1.98696e-143	
N6	2.65377e-09	2.63893e-07	1.43371e-05	0.00038027	0.00141513	0.023416	0.198638	0.503971	0.265811	0.00632022	3.27657e-05	1.17617e-07	1.46791e-10	6.14908e-13	3.86833e-16	8.52104e-19	2.80686e-22	2.91036e-25	5.31987e-29	3.27004e-32	3.61062e-36	1.28947e-39	1.37655e-43	7.09961e-47	1.05054e-50	1.96283e-54	1.93862e-58	4.20868e-62	1.77291e-66	2.09399e-70	1.07164e-74	5.30285e-78	3.88286e-82	4.72866e-86	2.98286e-90	2.28876e-94	6.65376e-99	2.47762e-103	5.33198e-108	5.4768e-112	1.05633e-116	4.46527e-121	1.22848e-125	8.00701e-130	2.60677e-134	1.18252e-137	
N7	3.36583e-14	1.5711e-14	3.03323e-12	9.0836e-09	3.96252e-08	2.01549e-08	2.84098e-05	0.0133056	0.980212	0.00645315	9.96783e-07	4.33803e-11	8.00909e-16	2.31023e-20	2.86329e-25	9.17845e-30	6.05635e-35	7.70931e-40	2.44304e-45	1.35261e-50	2.09936e-56	6.66407e-62	5.86335e-68	1.42992e-73	1.38429e-79	6.09332e-64	1.16973e-66	3.85625e-69	4.66101e-70	2.74617e-72	2.19525e-75	2.19246e-77	2.27571e-78	5.92881e-79	8.83465e-82	1.9226e-84	1.23802e-87	1.05835e-90	4.06554e-94	5.91903e-97	1.83916e-100	1.60858e-103	6.05309e-107	8.10259e-110	4.59734e-113	2.1868e-115	
L_corymbiferum	0	0	0	0	0	0	0	0	1	0	0	0	0	0	0	0	0	0	0	0	0	0	0	0	0	0	0	0	0	0	0	0	0	0	0	0	0	0	0	0	0	0	0	0	0	0	
N8	2.98984e-17	1.87666e-17	1.13229e-14	2.0324e-10	8.39491e-10	2.62842e-10	3.24508e-07	0.00166106	0.978836	0.0195024	3.44918e-07	1.35128e-12	2.23504e-18	1.60874e-21	5.80432e-27	1.11021e-29	1.6557e-35	8.05908e-39	2.39557e-45	2.56914e-50	3.87792e-57	2.00147e-62	1.79642e-69	7.24841e-75	1.43704e-79	4.95985e-84	5.46872e-89	9.84896e-96	7.85067e-103	5.69513e-110	2.81259e-116	4.63416e-120	1.91149e-127	2.81581e-132	2.70074e-137	1.04752e-142	5.59187e-150	2.17539e-157	2.94909e-165	2.64009e-170	2.62336e-178	6.15922e-185	9.53939e-191	9.1903e-198	2.63518e-203	1.58351e-209	
L_gallicum	0	0	0	0	0	0	0	0	0	1	0	0	0	0	0	0	0	0	0	0	0	0	0	0	0	0	0	0	0	0	0	0	0	0	0	0	0	0	0	0	0	0	0	0	0	0	
L_strictum	0	0	0	0	0	0	0	0	1	0	0	0	0	0	0	0	0	0	0	0	0	0	0	0	0	0	0	0	0	0	0	0	0	0	0	0	0	0	0	0	0	0	0	0	0	0	
N9	3.23653e-12	4.60563e-10	5.7016e-08	5.97978e-06	6.64867e-06	0.000312519	0.0181701	0.285646	0.689563	0.0062857	1.02593e-05	6.89624e-09	2.19999e-12	3.07285e-15	7.05896e-19	7.67937e-22	9.26089e-26	3.6607e-29	2.28335e-33	3.9263e-37	1.3853e-41	1.68047e-45	5.05441e-50	8.81166e-54	8.35853e-58	1.34302e-61	1.11567e-65	9.97426e-70	2.53101e-74	1.27467e-78	2.97369e-83	1.10695e-86	2.42739e-91	2.03228e-95	8.49949e-100	4.40527e-104	6.0854e-109	1.05394e-113	7.84417e-119	3.97148e-123	2.67301e-128	5.42519e-133	6.91215e-138	1.99364e-142	2.94595e-147	4.443e-151	
L_setaceum	0	0	0	0	0	0	0	0	1	0	0	0	0	0	0	0	0	0	0	0	0	0	0	0	0	0	0	0	0	0	0	0	0	0	0	0	0	0	0	0	0	0	0	0	0	0	
N10	3.30165e-16	4.57255e-16	1.96766e-13	7.12483e-10	2.22327e-10	1.14543e-08	2.63718e-05	0.0149002	0.984595	0.000478659	3.70841e-08	8.7871e-12	2.56494e-13	1.05329e-15	3.36232e-17	3.10423e-17	8.64788e-19	1.39082e-19	2.20661e-24	9.12793e-29	4.14484e-34	3.41503e-38	2.95943e-40	1.65858e-41	4.58348e-43	3.02934e-44	4.66446e-46	1.49164e-50	1.04823e-55	4.14161e-60	6.45678e-62	3.68402e-62	2.55576e-64	1.43111e-65	3.67296e-67	5.24921e-69	5.96498e-74	3.95545e-79	6.5998e-85	1.22329e-89	9.82797e-96	3.51201e-101	6.91391e-107	2.67612e-112	5.63625e-118	6.35911e-123	
L_suffruticosum1	0	0	0	0	0	0	0	0	0	0	0	0	0	0	0	0	0	0	0	0	0	0	0	0	0	0	0	0	0	0	0	0	0	0	0	1	0	0	0	0	0	0	0	0	0	0	
L_tenuifolium1	0	0	0	0	0	0	0	0	1	0	0	0	0	0	0	0	0	0	0	0	0	0	0	0	0	0	0	0	0	0	0	0	0	0	0	0	0	0	0	0	0	0	0	0	0	0	
N11	8.98892e-09	7.05069e-07	3.78628e-05	0.000759285	0.00736572	0.0904432	0.306858	0.159087	0.266326	0.151371	0.0148212	0.00285993	6.46787e-05	6.24423e-06	1.23984e-08	9.15806e-11	4.76358e-14	7.12268e-17	1.30449e-20	9.08158e-24	8.37155e-28	3.8344e-31	9.59712e-35	1.04066e-37	2.71953e-41	4.93177e-45	3.99031e-49	1.03264e-52	2.77032e-57	4.11828e-61	2.04099e-65	1.40972e-68	1.12622e-72	1.53807e-76	8.75083e-81	3.67947e-85	6.10234e-90	1.29523e-94	2.78385e-99	1.98687e-103	7.71287e-108	1.82869e-112	9.48462e-117	2.24037e-121	8.77012e-126	4.99361e-129	
N12	8.02675e-14	5.37265e-11	1.11138e-08	4.76008e-07	1.67164e-05	0.000557735	0.00405182	4.43667e-05	9.22485e-06	0.000447384	0.0129676	0.150899	0.485678	0.34467	0.000655913	2.0815e-06	6.00085e-10	3.28041e-13	2.91693e-17	5.04596e-21	1.81625e-25	1.54471e-29	2.91092e-34	1.8851e-38	5.49946e-43	3.25824e-47	9.36947e-52	2.79896e-56	2.72346e-61	4.37912e-66	3.46299e-71	3.15905e-75	2.09274e-80	5.15757e-85	6.35088e-90	1.08809e-94	4.9964e-100	2.88598e-105	7.05397e-111	8.93638e-116	1.76248e-121	1.04456e-126	3.02705e-132	2.5816e-137	9.3385e-143	3.20695e-147	
N13	9.88139e-18	2.75067e-14	2.0412e-11	1.68754e-09	2.21313e-07	1.95104e-05	0.000433435	4.45856e-07	7.82212e-09	1.57869e-06	0.00032015	0.0212224	0.313238	0.66385	0.000914284	2.4541e-07	2.04448e-11	7.52557e-14	4.98755e-18	1.05118e-20	2.25191e-25	1.91764e-28	1.3697e-33	7.57668e-37	3.12289e-42	6.49039e-46	2.03436e-51	1.80856e-55	1.57138e-60	3.6572e-65	2.87183e-70	1.68509e-75	1.07101e-80	9.43317e-86	8.18043e-91	4.14684e-95	1.06305e-99	1.69716e-104	1.40758e-109	6.81916e-115	1.12434e-120	2.2027e-126	1.81388e-132	2.98621e-136	1.28409e-142	1.61475e-146	
N14	1.06836e-23	1.58744e-19	5.14189e-16	3.74855e-13	2.24651e-10	9.38737e-09	4.14983e-06	6.16695e-10	4.39357e-14	6.32848e-12	3.52138e-08	6.68968e-05	0.0258943	0.973555	0.00047969	3.36815e-08	7.27119e-13	6.83054e-18	3.5296e-23	1.65331e-27	1.48098e-31	1.46316e-35	2.12023e-40	1.09007e-44	3.8938e-50	2.95844e-54	5.59388e-60	1.47362e-64	1.66725e-70	8.95407e-76	1.03646e-81	3.92682e-87	3.20113e-93	3.12095e-99	1.77849e-105	1.41077e-111	3.83156e-117	9.88801e-123	8.09269e-128	3.12337e-133	4.16832e-139	1.60033e-145	3.05184e-152	1.79772e-158	1.09332e-164	1.90335e-169	
L_album	0	0	0	0	0	0	0	0	0	0	0	0	0	1	0	0	0	0	0	0	0	0	0	0	0	0	0	0	0	0	0	0	0	0	0	0	0	0	0	0	0	0	0	0	0	0	
L_mucronatum1	0	0	0	0	0	0	0	0	0	0	0	0	0	1	0	0	0	0	0	0	0	0	0	0	0	0	0	0	0	0	0	0	0	0	0	0	0	0	0	0	0	0	0	0	0	0	
N15	4.97155e-25	1.67176e-20	7.1071e-17	8.16268e-14	1.67561e-10	4.75785e-09	1.74267e-06	5.12854e-10	1.24104e-14	4.07878e-13	4.63453e-09	1.63856e-05	0.0115354	0.976395	0.0120503	7.79611e-07	1.04096e-11	5.47828e-17	3.14676e-22	8.60308e-26	3.08016e-30	5.61691e-34	1.60479e-36	1.01102e-37	1.58521e-40	9.17691e-40	1.30739e-40	3.26e-42	2.26195e-45	1.3846e-47	2.65157e-50	8.91071e-53	7.42606e-56	6.82841e-59	9.87008e-62	8.01633e-65	8.77838e-67	1.2136e-68	1.81523e-70	1.06578e-72	2.16062e-75	1.42064e-78	4.92571e-82	2.48316e-84	2.37833e-87	2.20855e-88	
N16	8.00343e-32	3.46512e-26	1.18626e-21	1.08148e-17	1.24809e-13	5.74919e-12	2.05539e-08	1.52349e-13	1.45414e-19	9.16322e-18	2.1272e-12	1.40827e-07	0.00147194	0.992032	0.00649622	2.96365e-08	2.30356e-14	5.96519e-21	6.78408e-28	1.47931e-33	1.9997e-37	8.66737e-42	1.24367e-45	1.7916e-48	1.87099e-52	2.88824e-51	5.65076e-48	1.20691e-43	1.70092e-43	2.27285e-40	2.84338e-41	9.40963e-39	4.50088e-39	2.9543e-40	1.12612e-41	1.12282e-42	2.54351e-41	2.21309e-40	3.64558e-37	5.18998e-36	2.20988e-35	1.58678e-35	8.38026e-37	5.14506e-38	1.29446e-38	3.91477e-36	
N17	2.63031e-33	4.65229e-28	1.22494e-23	9.84325e-20	4.7314e-16	7.03909e-14	5.94934e-10	8.50759e-15	4.8919e-20	6.77116e-18	9.22883e-13	4.96979e-08	0.0007034	0.998941	0.000355517	4.66313e-09	1.43432e-14	1.67432e-20	9.37366e-27	3.22351e-33	6.42884e-37	5.73909e-40	1.63637e-43	5.36983e-49	2.25889e-55	8.33622e-59	4.99156e-59	2.48859e-57	1.27262e-59	1.65409e-59	7.18465e-63	5.99932e-63	4.72427e-66	8.97036e-70	6.26272e-74	2.04716e-77	8.42964e-79	3.62585e-81	1.98085e-81	3.48963e-83	1.58449e-84	9.7924e-88	8.3663e-92	4.12521e-96	3.31216e-99	6.24461e-100	
N18	4.17679e-35	6.34569e-30	1.89015e-25	1.43633e-21	9.17778e-18	3.10299e-15	2.39729e-11	4.70402e-16	3.65754e-21	5.27242e-18	6.85435e-13	3.65984e-08	0.000556638	0.999346	9.69486e-05	1.12698e-09	3.76932e-15	5.19856e-21	3.59862e-27	2.54522e-33	3.38132e-36	5.05869e-39	2.79413e-42	2.71583e-48	1.4454e-54	4.79681e-58	1.4528e-63	8.66268e-67	1.33147e-73	7.42169e-79	1.00972e-85	4.29566e-90	9.34959e-97	1.0586e-103	7.16403e-111	3.65529e-117	3.43903e-121	2.14971e-128	4.40596e-134	2.02663e-138	7.83404e-143	5.72052e-150	1.76101e-157	6.14841e-165	8.39241e-171	7.41549e-175	
L_arboreum	0	0	0	0	0	0	0	0	0	0	0	0	0	1	0	0	0	0	0	0	0	0	0	0	0	0	0	0	0	0	0	0	0	0	0	0	0	0	0	0	0	0	0	0	0	0	
L_elegans	0	0	0	0	0	0	0	0	0	0	0	0	0	1	0	0	0	0	0	0	0	0	0	0	0	0	0	0	0	0	0	0	0	0	0	0	0	0	0	0	0	0	0	0	0	0	
L_campanulatum	0	0	0	0	0	0	0	0	0	0	0	0	0	1	0	0	0	0	0	0	0	0	0	0	0	0	0	0	0	0	0	0	0	0	0	0	0	0	0	0	0	0	0	0	0	0	
N19	1.98664e-31	1.56022e-28	2.15637e-23	2.15862e-20	2.79318e-16	5.35608e-13	3.7191e-10	4.65667e-14	1.13869e-19	3.02701e-19	8.84218e-14	1.02809e-08	0.000315513	0.962919	0.0367654	2.89874e-07	4.89986e-13	2.99506e-19	8.3499e-26	1.24782e-31	1.83955e-34	1.23416e-37	7.26901e-41	1.89865e-44	8.60241e-48	1.69794e-46	1.12898e-47	1.42225e-46	1.26391e-50	5.44444e-53	8.90731e-57	4.46058e-58	7.08223e-62	5.91108e-66	7.37441e-70	3.37714e-73	6.88084e-74	4.57523e-78	2.9698e-80	3.32701e-81	1.44205e-82	1.3251e-86	5.56867e-91	7.81979e-95	1.42805e-97	4.19985e-98	
L_capitatum	0	0	0	0	0	0	0	0	0	0	0	0	0	1	0	0	0	0	0	0	0	0	0	0	0	0	0	0	0	0	0	0	0	0	0	0	0	0	0	0	0	0	0	0	0	0	
N20	2.1003e-29	2.81335e-29	4.16359e-25	3.52168e-22	4.70827e-18	2.09926e-14	9.92294e-12	1.7323e-14	7.77032e-20	2.56988e-19	4.49091e-14	3.70008e-09	0.000103299	0.521672	0.478206	1.8916e-05	1.25332e-10	2.73662e-16	2.6202e-22	1.76447e-27	2.02364e-29	1.12163e-31	1.92449e-34	1.9295e-40	1.56677e-46	3.44007e-49	1.38059e-54	3.42017e-57	6.01119e-64	5.30887e-69	1.52999e-75	3.53035e-79	7.43351e-86	7.47977e-93	1.16899e-99	1.33236e-105	6.61636e-109	4.59162e-116	2.43471e-121	5.27142e-125	5.63707e-129	3.84536e-136	1.15613e-143	1.16709e-150	3.22172e-156	1.14217e-159	
L_gyaricum	0	0	0	0	0	0	0	0	0	0	0	0	0	0	1	0	0	0	0	0	0	0	0	0	0	0	0	0	0	0	0	0	0	0	0	0	0	0	0	0	0	0	0	0	0	0	
L_tauricum	0	0	0	0	0	0	0	0	0	0	0	0	0	0	1	0	0	0	0	0	0	0	0	0	0	0	0	0	0	0	0	0	0	0	0	0	0	0	0	0	0	0	0	0	0	0	
L_flavum	0	0	0	0	0	0	0	0	0	0	0	0	0	0	1	0	0	0	0	0	0	0	0	0	0	0	0	0	0	0	0	0	0	0	0	0	0	0	0	0	0	0	0	0	0	0	
L_nodiflorum	0	0	0	0	0	0	0	0	0	0	0	0	1	0	0	0	0	0	0	0	0	0	0	0	0	0	0	0	0	0	0	0	0	0	0	0	0	0	0	0	0	0	0	0	0	0	
N21	5.32974e-10	1.12223e-08	8.63322e-07	7.25131e-05	0.00090031	0.00155919	0.0298826	0.20101	0.497016	0.264051	0.00545979	4.70708e-05	1.22502e-07	2.36632e-10	1.54843e-13	6.29034e-17	1.14965e-20	4.49975e-24	6.00906e-28	3.87223e-31	3.91135e-35	1.56774e-38	1.24309e-42	5.70972e-46	3.27566e-50	6.05237e-54	2.45928e-58	6.07402e-62	1.87205e-66	1.67924e-70	3.76518e-75	2.99119e-79	8.91337e-84	5.10594e-88	1.3799e-92	6.45794e-97	1.6186e-101	5.79106e-106	1.97545e-110	8.68924e-115	1.78622e-119	3.72324e-124	3.91609e-129	1.80187e-133	2.71631e-138	8.36855e-142	
N22	3.66824e-12	5.56241e-12	9.92264e-10	6.26001e-07	1.92357e-05	1.81456e-06	0.000187869	0.0212515	0.57009	0.407468	0.000981368	4.27334e-07	6.15891e-11	8.74053e-15	5.57567e-19	3.01795e-22	1.27037e-26	3.49484e-30	8.13215e-35	1.03086e-38	1.26374e-43	5.97211e-48	4.18267e-53	1.27119e-57	7.59492e-62	4.66559e-64	1.91298e-66	9.93996e-69	2.03379e-71	3.54604e-74	4.3687e-77	6.54279e-79	7.78321e-82	5.57386e-84	2.47872e-86	1.77856e-88	3.47778e-91	6.45819e-94	5.74375e-97	3.49773e-99	1.82774e-102	4.37118e-105	2.9163e-108	2.76209e-110	2.1853e-113	3.06741e-115	
N23	2.05657e-16	2.0397e-17	4.75366e-15	2.0804e-10	1.30173e-08	4.50638e-11	1.22434e-08	0.00020675	0.655479	0.344305	9.2122e-06	4.28717e-11	6.61631e-17	5.34492e-23	3.76127e-29	1.7169e-33	1.31683e-39	2.72852e-44	6.42304e-51	1.73101e-56	3.6464e-64	4.05719e-50	1.50678e-33	1.5624e-33	1.54842e-34	2.99254e-34	1.05444e-33	2.75605e-33	9.83704e-34	1.78352e-34	3.00048e-35	6.2325e-35	9.12449e-36	3.41613e-35	1.72212e-34	1.48276e-33	2.79508e-33	1.10897e-33	2.1245e-34	1.22264e-33	1.31295e-34	1.40544e-34	1.6586e-35	1.86396e-34	4.36578e-35	3.92612e-34	
L_corymbulosum	0	0	0	0	0	0	0	0	1	0	0	0	0	0	0	0	0	0	0	0	0	0	0	0	0	0	0	0	0	0	0	0	0	0	0	0	0	0	0	0	0	0	0	0	0	0	
L_trigynum	0	0	0	0	0	0	0	0	0	1	0	0	0	0	0	0	0	0	0	0	0	0	0	0	0	0	0	0	0	0	0	0	0	0	0	0	0	0	0	0	0	0	0	0	0	0	
L_tenue1	0	0	0	0	0	0	0	0	0	1	0	0	0	0	0	0	0	0	0	0	0	0	0	0	0	0	0	0	0	0	0	0	0	0	0	0	0	0	0	0	0	0	0	0	0	0	
L_maritimum	0	0	0	0	0	0	0	0	0	1	0	0	0	0	0	0	0	0	0	0	0	0	0	0	0	0	0	0	0	0	0	0	0	0	0	0	0	0	0	0	0	0	0	0	0	0	
L_catharticum	0	0	0	0	0	0	0	1	0	0	0	0	0	0	0	0	0	0	0	0	0	0	0	0	0	0	0	0	0	0	0	0	0	0	0	0	0	0	0	0	0	0	0	0	0	0	
N24	4.81859e-07	2.46526e-05	0.000597281	0.00428264	0.0365566	0.255071	0.570715	0.126808	0.00586288	8.06014e-05	4.40884e-07	3.32095e-09	9.08692e-12	7.18534e-14	1.03244e-16	3.60382e-19	2.53734e-22	3.78326e-25	1.336e-28	1.23863e-31	2.64581e-35	1.70113e-38	4.84233e-42	4.4936e-45	1.18084e-48	3.66102e-52	5.59009e-56	2.20662e-59	1.72112e-63	4.29633e-67	6.32804e-71	9.19999e-74	6.24143e-77	6.54764e-80	3.35679e-83	1.72413e-86	3.30483e-90	7.64972e-94	1.0561e-97	4.74155e-101	6.04493e-105	1.25151e-108	1.79073e-112	4.22303e-116	7.71587e-120	1.59486e-122	
N25	6.33777e-11	3.17498e-08	5.0937e-06	0.000133006	0.00174112	0.0815582	0.79645	0.117557	0.00244307	0.000109947	2.28358e-06	4.05677e-08	2.70459e-10	1.17384e-11	4.59097e-14	2.69985e-16	1.0092e-19	9.59133e-23	9.66011e-27	2.73906e-30	1.04128e-34	1.34007e-38	4.22539e-43	6.80617e-47	3.478e-51	1.88318e-38	5.30413e-39	2.13081e-39	1.0488e-40	2.48945e-42	1.08525e-43	3.25829e-44	3.51948e-46	6.57599e-48	6.17596e-50	6.11337e-52	2.0675e-54	9.10266e-57	2.22589e-59	3.73952e-61	1.09607e-63	6.53452e-66	4.1042e-68	3.30658e-70	2.03438e-72	1.57166e-73	
N26	5.93082e-12	3.60054e-09	1.11712e-06	0.000103694	0.000705032	0.0629469	0.769296	0.162346	0.0045846	1.70901e-05	3.85632e-08	4.06823e-10	1.77816e-11	1.50374e-12	1.06633e-14	4.36781e-17	2.07376e-20	3.62625e-24	2.02167e-28	2.59874e-31	1.22476e-35	1.53852e-38	8.63125e-43	2.85939e-46	5.14574e-51	7.7056e-55	3.63779e-60	4.56233e-63	7.99922e-69	1.19989e-72	1.79105e-78	2.07973e-82	4.9892e-88	9.29716e-93	2.40515e-98	6.45295e-104	3.35433e-109	3.50085e-114	4.41098e-119	2.94562e-124	7.27524e-129	1.77799e-134	3.75014e-140	3.00428e-146	2.15892e-152	4.90573e-156	
N27	1.10311e-12	3.18979e-11	1.73354e-08	5.35219e-06	3.71411e-05	0.00868241	0.564383	0.359953	0.0667203	0.000195127	6.0051e-07	4.28628e-06	1.7628e-06	1.69323e-05	4.47352e-07	8.85794e-08	4.30253e-10	4.30124e-12	1.51218e-16	4.12651e-20	8.30331e-25	7.7895e-29	2.65835e-32	9.04008e-36	5.02265e-40	3.74518e-45	1.13243e-50	1.08326e-54	1.00878e-60	1.84723e-65	4.51195e-71	6.34475e-75	1.65205e-79	2.45452e-84	4.16964e-90	3.38979e-96	1.60761e-102	1.01256e-108	2.38907e-113	2.04277e-119	5.25345e-124	2.81087e-130	1.0504e-135	4.93015e-142	1.08092e-147	1.1497e-151	
N28	9.22571e-14	1.4653e-13	3.68402e-11	4.72625e-08	1.32807e-07	2.27293e-05	0.00583799	0.0657154	0.113043	5.09545e-05	1.01841e-08	8.68782e-09	2.66931e-07	0.000323826	0.00254126	0.114428	0.207259	0.490257	0.000519497	1.4261e-06	2.10724e-10	1.60766e-13	1.78605e-16	4.40247e-19	3.66329e-22	2.66843e-26	8.91614e-31	6.31355e-34	1.02987e-38	1.89781e-42	3.8483e-47	7.68849e-50	1.12509e-53	4.71549e-57	1.34255e-61	2.03681e-66	1.68489e-71	2.02357e-76	1.76729e-80	7.9262e-85	3.38667e-88	4.54202e-93	3.03639e-97	3.63098e-102	1.68443e-106	2.23666e-109	
C_selaginoides	0	0	0	0	0	0	0	0	0	0	0	0	0	0	0	0	0	1	0	0	0	0	0	0	0	0	0	0	0	0	0	0	0	0	0	0	0	0	0	0	0	0	0	0	0	0	
N29	9.24706e-17	9.49863e-17	2.74844e-14	6.63738e-11	1.7614e-10	3.71176e-08	2.92834e-05	0.00177827	0.0142493	6.50399e-06	8.16604e-10	6.23803e-12	5.72621e-10	4.26315e-07	3.20085e-05	0.00791752	0.127981	0.847384	0.000621782	1.57621e-07	8.50197e-12	2.09139e-14	5.73035e-16	6.05668e-17	1.07728e-17	2.40242e-19	1.02041e-21	1.14768e-24	6.31775e-29	3.28983e-30	2.43344e-32	1.04839e-32	3.11338e-35	1.49185e-36	5.90713e-39	3.21982e-41	1.43353e-45	1.45455e-49	1.27403e-54	1.29921e-58	7.96472e-63	2.62276e-67	2.68439e-71	3.78153e-76	6.8353e-81	9.54419e-85	
L_littorale	0	0	0	0	0	0	0	0	0	0	0	0	0	0	0	0	0	0	0	0	0	0	0	0	0	0	0	0	0	0	0	0	0	0	0	1	0	0	0	0	0	0	0	0	0	0	
N30	3.97188e-20	6.23971e-21	1.58602e-18	1.32471e-14	2.0299e-14	4.93052e-12	1.8302e-08	9.94735e-06	0.000560934	7.71395e-08	2.41898e-12	6.30244e-16	3.53361e-14	2.39388e-10	2.01214e-07	0.000317421	0.0398165	0.958852	0.000443294	2.91207e-08	5.35832e-13	8.95417e-18	5.40649e-23	9.44175e-27	2.68317e-29	4.97437e-32	2.21506e-35	8.95375e-40	9.79401e-45	3.92461e-48	3.22568e-50	2.38502e-49	8.20904e-50	8.58477e-50	7.37064e-52	7.84387e-54	8.19024e-57	5.53176e-60	1.92669e-63	2.13453e-66	1.20156e-69	1.08555e-70	4.16396e-71	3.04963e-73	2.5242e-75	1.01479e-76	
N31	1.82808e-23	1.47765e-23	1.36752e-20	8.91486e-17	3.02073e-16	2.62388e-13	1.24568e-09	1.27631e-06	9.98186e-05	2.22775e-08	9.95492e-13	7.0499e-16	5.91422e-15	2.88535e-12	1.17943e-08	3.91681e-05	0.0173732	0.982181	0.000305931	1.5669e-08	2.67598e-13	2.04927e-17	9.30829e-20	2.1332e-20	5.79998e-20	2.69437e-20	2.36429e-21	1.39245e-25	1.95325e-30	1.02622e-32	4.58841e-34	2.90975e-33	2.32576e-35	5.46303e-35	1.76768e-37	5.85658e-38	8.15287e-43	1.21215e-46	3.62366e-52	2.01337e-56	2.70087e-62	1.11235e-66	2.84851e-70	5.53803e-74	4.23592e-78	1.22601e-82	
L_macraei	0	0	0	0	0	0	0	0	0	0	0	0	0	0	0	0	0	0	0	0	0	0	0	0	0	0	0	0	0	0	0	0	0	0	0	1	0	0	0	0	0	0	0	0	0	0	
L_prostratum	0	0	0	0	0	0	0	0	0	0	0	0	0	0	0	0	0	1	0	0	0	0	0	0	0	0	0	0	0	0	0	0	0	0	0	0	0	0	0	0	0	0	0	0	0	0	
L_oligophyllum	0	0	0	0	0	0	0	0	0	0	0	0	0	0	0	0	0	1	0	0	0	0	0	0	0	0	0	0	0	0	0	0	0	0	0	0	0	0	0	0	0	0	0	0	0	0	
N32	1.99273e-14	1.43932e-11	1.37934e-08	2.8429e-06	2.40517e-05	0.00754626	0.575597	0.335999	0.0738778	0.00634184	0.000540629	4.63088e-05	1.12289e-05	1.23354e-05	1.22705e-07	1.92722e-09	8.23784e-13	3.54075e-16	1.35769e-20	2.80199e-25	2.03141e-30	7.23775e-35	3.54981e-39	5.92288e-43	3.14255e-46	2.24587e-50	5.81189e-55	1.99646e-59	5.00583e-65	1.37219e-68	6.75999e-74	6.2527e-77	1.03509e-82	1.09944e-86	5.72267e-92	2.19008e-96	2.22955e-102	1.93669e-107	1.01712e-113	1.31342e-118	1.60999e-123	1.37523e-128	7.61804e-133	2.71644e-138	1.65228e-143	4.72169e-148	
N33	2.37498e-15	3.63566e-12	2.40716e-09	3.63707e-07	1.70732e-05	0.00629106	0.113097	0.27772	0.066633	0.0060023	0.00745802	0.0109708	0.012347	0.469889	0.0145356	0.0150182	2.087e-05	4.62815e-07	5.79956e-11	6.2756e-14	1.8903e-18	7.34004e-22	1.51392e-26	1.01287e-29	2.32007e-32	1.10076e-35	8.6907e-40	1.88671e-44	1.12648e-49	3.51482e-54	8.86825e-59	4.19383e-61	2.32151e-66	1.14809e-69	1.40913e-73	4.01003e-78	1.68068e-83	6.80423e-89	1.00467e-94	2.34567e-98	1.39194e-103	8.27414e-109	1.61868e-112	7.69637e-118	3.2579e-122	4.29487e-126	
L_kingii	0	0	0	0	0	0	0	0	0	0	0	0	1	0	0	0	0	0	0	0	0	0	0	0	0	0	0	0	0	0	0	0	0	0	0	0	0	0	0	0	0	0	0	0	0	0	
N34	4.65705e-15	2.99971e-13	1.59027e-10	6.45758e-08	1.85475e-06	0.0003031	0.0230185	0.0525664	0.0195791	0.00283334	0.000435384	0.000313811	0.0032302	0.12648	0.428092	0.315278	0.0175776	0.0102827	8.50314e-06	4.34152e-08	6.34794e-12	7.26681e-15	4.33415e-19	1.97298e-22	1.07166e-26	3.32187e-30	7.14215e-34	1.32935e-37	4.20678e-42	1.86275e-46	2.70673e-51	7.21853e-55	1.35429e-59	2.01034e-63	1.54458e-67	2.32659e-71	5.30246e-76	9.10863e-81	7.48221e-86	5.82684e-90	3.09618e-95	5.40941e-100	3.25037e-105	4.65066e-109	3.01434e-114	4.13086e-118	
L_rupestre	0	0	0	0	0	0	0	0	0	0	0	0	0	0	0	0	0	1	0	0	0	0	0	0	0	0	0	0	0	0	0	0	0	0	0	0	0	0	0	0	0	0	0	0	0	0	
L_vernale	0	0	0	0	0	0	0	0	0	0	0	0	0	0	1	0	0	0	0	0	0	0	0	0	0	0	0	0	0	0	0	0	0	0	0	0	0	0	0	0	0	0	0	0	0	0	
L_striatum	0	0	0	0	0	0	0	0	1	0	0	0	0	0	0	0	0	0	0	0	0	0	0	0	0	0	0	0	0	0	0	0	0	0	0	0	0	0	0	0	0	0	0	0	0	0	
N35	1.46024e-10	9.11525e-09	1.35265e-06	0.000132576	0.0022431	0.117542	0.673382	0.197855	0.00883105	1.34461e-05	9.1993e-09	1.62386e-10	1.2096e-11	2.13808e-11	4.56486e-13	1.01909e-13	8.84182e-16	2.42562e-17	1.27582e-20	2.16635e-23	2.79451e-27	2.04832e-30	3.08063e-34	4.72788e-37	7.95472e-40	2.25637e-43	2.41046e-47	7.13773e-51	1.8634e-55	3.01386e-59	9.7718e-64	2.30376e-66	9.78171e-71	5.37389e-74	4.45121e-78	2.10777e-82	3.58055e-87	7.51234e-92	8.4564e-97	1.56962e-100	9.66038e-105	1.89615e-109	1.92097e-113	3.97905e-118	1.87844e-122	1.28386e-125	
He_micranthum	0	0	0	0	0	0	0	0	0	0	0	0	0	0	0	0	0	1	0	0	0	0	0	0	0	0	0	0	0	0	0	0	0	0	0	0	0	0	0	0	0	0	0	0	0	0	
S_digynum	0	0	0	0	0	1	0	0	0	0	0	0	0	0	0	0	0	0	0	0	0	0	0	0	0	0	0	0	0	0	0	0	0	0	0	0	0	0	0	0	0	0	0	0	0	0	
N36	2.12487e-19	1.43592e-15	3.51674e-12	2.10775e-10	8.72454e-08	1.0235e-05	0.000306354	4.12966e-06	5.19937e-10	4.47122e-10	7.36861e-08	1.0302e-05	0.000716506	0.162037	0.834591	0.00232405	3.35254e-07	5.73048e-11	1.45477e-15	7.00772e-20	5.77042e-25	1.31026e-29	3.45887e-34	9.59693e-36	2.92948e-37	1.77472e-37	4.65114e-38	5.67231e-39	1.61441e-41	1.43213e-43	4.07233e-46	1.74637e-47	6.43416e-50	8.94385e-52	5.09528e-54	2.83207e-56	5.83118e-59	1.63076e-61	2.3361e-64	2.03912e-66	5.27629e-69	1.99874e-71	8.73451e-74	3.48524e-76	1.68202e-78	7.86041e-80	
N37	3.57871e-23	7.47776e-19	4.30573e-15	6.41784e-13	5.54763e-10	1.55776e-07	1.42573e-05	7.63374e-08	1.68649e-12	2.39396e-12	1.90383e-09	1.10477e-06	0.000268034	0.121963	0.877192	0.000560696	1.99109e-08	2.36508e-13	1.03253e-18	8.92121e-23	1.71181e-27	6.5249e-31	5.93319e-35	2.53151e-39	1.81264e-44	9.86778e-49	9.64741e-51	7.15461e-49	9.16804e-52	4.46184e-51	1.20221e-53	8.07885e-54	8.54484e-57	4.1108e-59	3.68891e-62	2.99281e-65	1.00421e-67	2.15153e-68	7.89692e-69	5.77732e-70	2.90147e-71	1.11355e-73	1.25553e-76	3.29289e-80	1.6685e-83	1.09605e-83	
N38	4.52121e-25	5.98058e-21	2.73012e-17	7.86766e-15	9.86981e-12	5.1413e-09	7.44066e-07	4.38948e-09	2.00495e-13	3.68005e-14	6.78456e-11	1.35344e-07	0.000129	0.0838653	0.915475	0.0005296	3.75409e-08	7.66393e-13	6.43599e-18	4.90028e-23	3.1342e-26	6.4216e-29	1.38961e-31	1.71153e-35	1.10207e-40	1.88736e-44	2.02513e-49	7.70259e-52	1.13581e-57	9.31598e-61	8.09364e-67	3.70476e-71	3.05589e-76	7.3645e-82	4.74606e-88	1.14642e-93	2.34792e-98	2.40308e-104	4.78097e-108	1.53955e-112	3.07763e-116	3.78441e-121	2.63578e-127	8.41088e-134	1.52891e-139	1.3965e-142	
N39	1.13101e-28	3.12686e-24	3.89182e-20	5.6279e-18	1.60112e-14	1.31256e-11	7.36137e-10	9.82202e-12	2.78245e-16	6.64032e-18	6.39265e-14	1.10801e-09	7.51208e-06	0.0124252	0.987126	0.000441634	2.56359e-08	4.45058e-13	3.27227e-18	1.23395e-23	5.41364e-29	2.68798e-32	1.09228e-35	6.73829e-40	3.00721e-45	3.7132e-50	2.90329e-55	7.98347e-59	1.39721e-64	1.28933e-68	1.03921e-74	6.09306e-80	8.6265e-86	1.49869e-91	5.12486e-98	6.47472e-104	3.56955e-110	3.63512e-116	3.94642e-121	8.39886e-127	1.82233e-131	7.78872e-137	2.6417e-143	4.13152e-150	1.95672e-156	7.24001e-161	
L_acuticarpum	0	0	0	0	0	0	0	0	0	0	0	0	0	0	1	0	0	0	0	0	0	0	0	0	0	0	0	0	0	0	0	0	0	0	0	0	0	0	0	0	0	0	0	0	0	0	
L_gracile	0	0	0	0	0	0	0	0	0	0	0	0	0	0	1	0	0	0	0	0	0	0	0	0	0	0	0	0	0	0	0	0	0	0	0	0	0	0	0	0	0	0	0	0	0	0	
L_heterostylum	0	0	0	0	0	0	0	0	0	0	0	0	0	0	1	0	0	0	0	0	0	0	0	0	0	0	0	0	0	0	0	0	0	0	0	0	0	0	0	0	0	0	0	0	0	0	
L_africanum	0	0	0	0	0	0	0	0	0	0	0	0	0	0	1	0	0	0	0	0	0	0	0	0	0	0	0	0	0	0	0	0	0	0	0	0	0	0	0	0	0	0	0	0	0	0	
L_comptonii	0	0	0	0	0	0	0	0	0	0	0	0	0	0	1	0	0	0	0	0	0	0	0	0	0	0	0	0	0	0	0	0	0	0	0	0	0	0	0	0	0	0	0	0	0	0	
Ra_linoides	0	0	0	0	0	0	0	0	1	0	0	0	0	0	0	0	0	0	0	0	0	0	0	0	0	0	0	0	0	0	0	0	0	0	0	0	0	0	0	0	0	0	0	0	0	0	
N40	0.0180778	0.0956625	0.226089	0.311272	0.233887	0.0982882	0.0152873	0.00139576	3.97562e-05	1.22031e-06	1.04204e-08	1.45535e-10	4.89613e-13	2.50575e-15	3.70675e-18	1.19967e-20	8.88393e-24	1.4322e-26	1.0544e-29	2.53631e-32	1.79863e-35	1.50885e-38	6.63953e-42	3.81217e-45	8.38369e-49	2.85982e-52	4.76694e-56	4.03589e-59	1.55499e-62	5.91077e-66	1.44678e-69	2.8927e-73	3.74832e-77	4.10094e-81	3.57149e-85	3.47296e-89	2.67378e-93	3.3318e-97	2.98532e-101	6.86145e-105	3.63246e-109	6.08034e-113	2.60377e-117	4.9393e-121	3.48001e-125	3.16111e-128	
N41	0.00660578	0.0467958	0.151536	0.275892	0.29072	0.178527	0.0430385	0.00654281	0.000309592	3.09952e-05	4.64609e-07	3.26155e-08	2.06825e-10	4.34038e-12	1.25099e-14	1.33057e-16	1.62915e-19	7.21178e-22	1.21487e-24	1.15507e-26	2.30472e-29	5.47813e-32	7.1819e-35	1.02383e-37	4.80394e-41	3.25976e-44	9.44423e-48	3.76044e-50	4.28325e-53	4.96439e-56	3.62789e-59	1.88756e-62	6.36032e-66	1.50463e-69	2.9276e-73	4.68348e-77	9.65312e-81	1.93425e-84	6.03598e-88	3.22399e-91	3.58749e-95	2.00381e-98	1.41494e-102	1.18856e-105	1.0206e-109	4.79884e-112	
N42	0.00025913	0.00419562	0.0304404	0.10933	0.258325	0.352448	0.187367	0.0501216	0.00647094	0.000990318	4.78739e-05	3.75789e-06	5.5117e-08	1.37448e-09	6.93828e-12	6.70461e-14	1.25853e-16	4.62124e-19	4.48298e-22	1.80861e-24	1.62858e-27	2.6473e-30	2.07831e-33	2.30596e-36	7.92739e-40	3.6051e-43	7.15855e-47	6.04011e-50	1.53025e-53	8.3767e-57	2.7717e-60	9.02393e-64	1.57022e-67	2.32925e-71	2.38328e-75	2.5721e-79	1.83372e-83	1.67889e-87	1.48989e-91	2.97904e-95	1.65861e-99	2.23656e-103	1.04029e-107	1.99478e-111	1.35079e-115	1.35029e-118	
N43	7.67342e-06	0.000182673	0.00235508	0.0139417	0.0557552	0.237866	0.424671	0.202546	0.0425102	0.0160767	0.00319406	0.000822437	6.27482e-05	8.42156e-06	2.2673e-07	8.92248e-09	6.51485e-11	7.4247e-13	1.92821e-15	1.23095e-17	1.72665e-20	5.77911e-23	8.4188e-26	2.57966e-28	2.203e-31	2.34412e-34	1.14069e-37	1.60925e-40	4.9977e-44	4.48351e-47	2.25618e-50	2.46953e-53	9.83157e-57	4.11993e-60	1.02292e-63	2.97978e-67	4.30898e-71	8.28639e-75	1.1445e-78	4.31561e-82	4.95867e-86	1.06844e-89	1.23001e-93	3.81537e-97	6.77436e-101	1.41546e-103	
N44	5.696e-12	1.46028e-10	1.43839e-08	3.97905e-06	7.35771e-07	1.56323e-05	0.00224918	0.103949	0.891706	0.002074	1.21244e-06	4.32085e-10	8.81821e-14	1.35237e-17	1.10502e-21	6.45761e-26	2.08344e-30	5.46559e-35	8.15497e-40	1.3793e-44	1.29744e-49	2.24012e-54	1.93607e-59	3.53994e-64	2.41749e-69	2.45649e-56	4.98351e-58	1.29136e-58	1.30885e-58	1.15963e-60	5.56858e-63	2.26921e-63	7.22205e-64	9.43267e-65	2.78524e-67	1.44446e-69	3.42478e-72	1.45347e-74	3.55058e-77	1.97332e-79	5.74047e-82	2.48783e-84	6.89368e-87	3.21066e-89	1.79102e-91	5.54957e-93	
N45	3.85605e-16	1.85992e-14	7.968e-12	2.02704e-08	1.08907e-09	6.45926e-08	9.96637e-05	0.0329294	0.966776	0.00019516	5.24395e-09	5.51853e-14	2.57896e-19	1.95403e-22	5.24606e-28	3.34432e-31	1.13304e-36	9.82755e-38	8.72932e-41	1.20897e-40	5.83388e-42	1.7763e-42	8.83592e-46	1.83324e-47	4.92795e-49	1.05809e-50	9.08101e-53	1.19687e-55	6.46066e-59	6.22041e-62	2.76018e-64	3.92294e-65	5.19773e-68	1.39414e-69	1.8646e-71	1.23421e-73	8.41326e-77	4.42862e-80	1.17116e-83	4.00932e-85	1.34112e-88	2.01772e-91	3.19528e-93	5.14806e-96	4.66245e-98	8.24591e-100	
N46	5.8994e-20	1.21049e-17	2.54279e-14	2.9133e-10	4.42924e-12	1.68843e-09	1.37595e-05	0.0171492	0.98279	4.66502e-05	2.62507e-10	4.72166e-16	6.56793e-22	2.11079e-24	3.07825e-30	6.69426e-33	5.29172e-39	1.5025e-42	2.27874e-49	1.97846e-54	1.49552e-61	5.76469e-67	3.25185e-74	2.4682e-79	1.07782e-83	6.09006e-68	1.65461e-69	4.62742e-72	2.36093e-74	2.75757e-78	5.38137e-81	5.51712e-80	2.07634e-82	8.03556e-83	1.02444e-84	3.19743e-87	2.06818e-91	1.00079e-95	1.85049e-100	5.82714e-102	2.41247e-106	6.46499e-110	1.22633e-111	1.7718e-115	1.61773e-117	4.02448e-120	
N47	6.25283e-22	4.04832e-19	1.17034e-15	6.21056e-12	5.77283e-13	5.72521e-10	5.07472e-06	0.00989934	0.98986	0.000235772	7.1351e-09	6.43308e-14	2.60907e-19	2.76839e-22	1.03184e-26	7.01626e-29	4.91129e-34	1.00375e-36	1.2254e-42	2.84185e-47	1.5534e-53	2.54011e-58	7.65079e-65	9.75375e-70	5.54863e-74	1.73247e-77	1.16431e-81	7.07196e-88	1.99045e-94	5.5731e-101	1.20432e-106	9.31865e-110	1.18517e-116	5.54891e-121	4.37312e-125	1.22171e-129	2.60726e-136	5.39556e-143	3.22946e-150	1.20596e-154	5.32915e-162	8.51258e-168	8.55813e-173	4.97547e-179	1.55347e-183	7.90938e-189	
N48	5.18972e-24	6.32041e-22	1.54639e-18	2.52887e-14	8.2268e-14	3.07308e-11	5.36276e-07	0.00243965	0.997376	0.000183712	4.26756e-09	2.94399e-14	8.62053e-20	2.56126e-24	6.01378e-29	7.64316e-32	4.58262e-37	2.2938e-40	1.97925e-46	1.5906e-51	5.81044e-58	2.95284e-63	5.4559e-70	1.88842e-75	3.09398e-81	1.0777e-67	4.93423e-69	3.1148e-71	4.24995e-72	6.57026e-76	2.95055e-79	1.98405e-78	6.83361e-80	7.73321e-80	1.38293e-81	2.94401e-83	6.08135e-87	1.30647e-90	8.72258e-95	9.00559e-97	4.24852e-101	4.31398e-104	3.57536e-107	5.05448e-110	4.35379e-112	1.16012e-114	
N49	3.16105e-27	2.63946e-25	1.87093e-21	2.13921e-16	1.37898e-15	3.80075e-13	2.64072e-08	0.000500905	0.999448	5.08723e-05	3.23821e-10	6.09981e-16	4.84734e-22	6.16967e-27	6.02096e-32	5.53517e-35	1.61166e-40	6.3816e-44	1.44766e-50	5.17306e-56	5.13837e-63	4.25615e-68	1.77268e-72	3.28496e-75	3.47589e-78	5.61584e-73	2.33798e-74	2.84113e-77	3.43235e-78	1.87257e-82	3.3668e-86	2.13472e-85	6.53849e-87	1.91812e-86	3.15056e-88	7.25157e-90	5.92066e-94	4.72158e-98	1.17686e-102	1.15542e-104	2.00751e-109	1.17028e-112	5.87376e-116	5.13625e-119	5.31674e-121	7.3794e-124	
N50	5.39639e-30	2.8663e-28	4.54082e-24	2.42589e-18	2.6148e-17	4.56319e-15	1.27667e-09	0.000103459	0.999881	1.52023e-05	2.89023e-11	1.62825e-17	3.85823e-24	1.51388e-29	7.02168e-35	4.02483e-38	7.12102e-44	1.70627e-47	1.105e-54	1.39984e-60	3.6632e-68	2.81942e-74	3.43937e-82	1.63633e-88	3.12631e-95	6.76896e-100	6.75054e-105	8.41416e-113	3.81413e-121	7.79476e-130	3.38112e-138	7.81827e-144	1.08494e-153	2.32221e-38	5.36586e-37	2.73561e-35	2.04719e-36	1.61774e-37	4.10965e-39	8.14162e-38	1.64259e-39	1.66881e-39	1.35301e-39	3.2166e-39	1.34623e-37	4.20138e-37	
L_alpinum	0	0	0	0	0	0	0	0	1	0	0	0	0	0	0	0	0	0	0	0	0	0	0	0	0	0	0	0	0	0	0	0	0	0	0	0	0	0	0	0	0	0	0	0	0	0	
L_punctatum1	0	0	0	0	0	0	0	0	1	0	0	0	0	0	0	0	0	0	0	0	0	0	0	0	0	0	0	0	0	0	0	0	0	0	0	0	0	0	0	0	0	0	0	0	0	0	
L_perenne	0	0	0	0	0	0	0	0	1	0	0	0	0	0	0	0	0	0	0	0	0	0	0	0	0	0	0	0	0	0	0	0	0	0	0	0	0	0	0	0	0	0	0	0	0	0	
L_lewisii	0	0	0	0	0	0	0	0	1	0	0	0	0	0	0	0	0	0	0	0	0	0	0	0	0	0	0	0	0	0	0	0	0	0	0	0	0	0	0	0	0	0	0	0	0	0	
L_leonii	0	0	0	0	0	0	0	0	1	0	0	0	0	0	0	0	0	0	0	0	0	0	0	0	0	0	0	0	0	0	0	0	0	0	0	0	0	0	0	0	0	0	0	0	0	0	
N51	2.6426e-21	1.13173e-18	1.63871e-15	3.57458e-12	2.7789e-12	1.99095e-09	8.85364e-06	0.0101419	0.989133	0.00071615	6.61077e-08	1.81816e-12	2.13639e-17	3.41713e-21	3.21316e-25	1.62011e-27	3.73249e-32	7.39994e-35	2.86389e-40	9.86036e-45	1.67831e-50	4.13903e-55	3.88838e-61	7.28931e-66	8.82384e-71	3.02163e-74	4.06867e-78	8.07896e-84	7.53594e-90	5.11225e-96	1.03868e-101	5.21025e-105	2.25308e-111	1.09403e-115	7.28999e-120	5.03092e-124	3.73666e-130	2.91681e-136	6.82986e-143	2.34328e-147	3.83791e-154	1.34476e-159	4.87933e-165	1.98945e-170	6.097e-175	5.91833e-180	
L_austr_mauritanicum	0	0	0	0	0	0	0	0	1	0	0	0	0	0	0	0	0	0	0	0	0	0	0	0	0	0	0	0	0	0	0	0	0	0	0	0	0	0	0	0	0	0	0	0	0	0	
L_austriacum	0	0	0	0	0	0	0	0	1	0	0	0	0	0	0	0	0	0	0	0	0	0	0	0	0	0	0	0	0	0	0	0	0	0	0	0	0	0	0	0	0	0	0	0	0	0	
L_pallescens	0	0	0	0	0	0	0	0	1	0	0	0	0	0	0	0	0	0	0	0	0	0	0	0	0	0	0	0	0	0	0	0	0	0	0	0	0	0	0	0	0	0	0	0	0	0	
L_pycnophyllum	0	0	0	0	0	0	0	0	1	0	0	0	0	0	0	0	0	0	0	0	0	0	0	0	0	0	0	0	0	0	0	0	0	0	0	0	0	0	0	0	0	0	0	0	0	0	
N52	1.78169e-10	1.08461e-09	6.44582e-08	3.1083e-06	9.06567e-06	0.000218004	0.00768856	0.0126212	0.00171483	0.000169139	3.79216e-05	4.6526e-05	0.00142849	0.0480964	0.47448	0.39383	0.0549128	0.00473593	7.89394e-06	9.91076e-09	3.1712e-12	1.32441e-15	1.80127e-19	4.71583e-23	4.61939e-27	7.11992e-31	5.14748e-35	5.97818e-39	2.50895e-43	1.65024e-47	5.12382e-52	5.05632e-56	1.46467e-60	7.58465e-65	1.98811e-69	8.09937e-74	1.29825e-78	2.7358e-83	2.88086e-88	7.2723e-93	5.98902e-98	1.03126e-102	8.14081e-108	1.84376e-112	2.50374e-117	2.32595e-121	
L_aroanium1	0	0	0	0	0	0	0	0	0	0	0	0	0	0	0	0	0	1	0	0	0	0	0	0	0	0	0	0	0	0	0	0	0	0	0	0	0	0	0	0	0	0	0	0	0	0	
L_nervosum	0	0	0	0	0	0	0	0	0	0	0	0	0	0	1	0	0	0	0	0	0	0	0	0	0	0	0	0	0	0	0	0	0	0	0	0	0	0	0	0	0	0	0	0	0	0	
N53	3.25616e-06	9.35545e-05	0.00154417	0.0122691	0.0841911	0.293672	0.345394	0.162394	0.0771471	0.0211214	0.00193845	0.00022354	8.96822e-06	6.84663e-07	7.19737e-09	7.47648e-11	1.17444e-13	2.49073e-16	1.1296e-19	1.19738e-22	2.73097e-26	1.4719e-29	3.40261e-33	1.69124e-36	2.26661e-40	3.65129e-44	2.62757e-48	5.43854e-52	2.40299e-56	3.02879e-60	2.01098e-64	3.17713e-68	1.76724e-72	1.05576e-76	3.61209e-81	1.39382e-85	2.63875e-90	6.63201e-95	1.22145e-99	5.96476e-104	9.28439e-109	2.55915e-113	3.92175e-118	1.48721e-122	3.49603e-127	8.59119e-131	
N54	8.00832e-07	2.712e-05	0.000535002	0.00545463	0.0443836	0.16943	0.232235	0.117313	0.100958	0.0885079	0.0268926	0.0796041	0.0161423	0.105979	0.00822485	0.00426093	4.84462e-05	2.52707e-06	5.87058e-09	9.92413e-11	1.05539e-13	7.98143e-16	3.78234e-18	2.22556e-20	3.32691e-23	2.91904e-26	1.03265e-29	1.40801e-32	1.19587e-36	1.38285e-39	9.60557e-43	1.7083e-45	8.48782e-49	3.49779e-52	6.75086e-56	7.82579e-60	4.03618e-64	2.1926e-68	3.6245e-72	6.28322e-76	1.19266e-79	7.10704e-84	1.65421e-87	1.21339e-91	1.24234e-95	3.90711e-98	
N55	2.10964e-07	8.2078e-06	0.000134383	0.000675995	0.00882059	0.0186206	0.100525	0.0793462	0.0452857	0.166588	0.113722	0.100537	0.0337443	0.0639009	0.131006	0.112886	0.0186311	0.00526865	0.000266046	3.24079e-05	4.2974e-07	5.57254e-09	1.26221e-11	1.00298e-13	1.04715e-16	1.65033e-19	7.93773e-23	1.51355e-25	3.93733e-29	2.72541e-32	5.1979e-36	4.78259e-39	1.36201e-42	5.16912e-46	9.98267e-50	1.384e-52	1.36281e-54	2.72093e-56	4.82032e-58	1.45162e-59	1.29603e-61	1.4921e-63	9.8298e-66	1.88409e-67	1.87e-69	2.9609e-70	
N56	4.10914e-20	2.62625e-16	7.6846e-13	2.60011e-12	1.91635e-09	3.62987e-07	1.23262e-06	1.17466e-07	1.09347e-11	2.07108e-13	3.66024e-10	3.20112e-07	0.000120262	0.019882	0.979231	0.000764526	1.19081e-07	1.25936e-11	4.43354e-16	1.14014e-20	1.21511e-25	7.9631e-31	2.56089e-36	6.62359e-42	8.87785e-48	1.63186e-53	1.94499e-59	4.24218e-65	4.50642e-71	4.89325e-77	2.58359e-83	3.10602e-89	9.58503e-96	7.93047e-102	1.64263e-108	8.17574e-115	5.7742e-122	4.59789e-129	3.56261e-137	7.80065e-32	4.29503e-32	6.14183e-32	2.82415e-32	3.80671e-32	2.16173e-32	1.02143e-31	
L_bienne	0	0	0	0	0	0	0	0	0	0	0	0	0	0	1	0	0	0	0	0	0	0	0	0	0	0	0	0	0	0	0	0	0	0	0	0	0	0	0	0	0	0	0	0	0	0	
L_usitatissimum	0	0	0	0	0	0	0	0	0	0	0	0	0	0	1	0	0	0	0	0	0	0	0	0	0	0	0	0	0	0	0	0	0	0	0	0	0	0	0	0	0	0	0	0	0	0	
L_hologynum	0	0	0	0	0	0	0	0	0	0	0	0	0	0	0	0	0	0	0	0	1	0	0	0	0	0	0	0	0	0	0	0	0	0	0	0	0	0	0	0	0	0	0	0	0	0	
L_narbonense	0	0	0	0	0	0	0	0	0	0	0	0	0	1	0	0	0	0	0	0	0	0	0	0	0	0	0	0	0	0	0	0	0	0	0	0	0	0	0	0	0	0	0	0	0	0	
N57	2.62104e-08	1.56308e-06	5.16473e-05	0.000846353	0.00293739	0.041659	0.283485	0.549634	0.11812	0.00323476	2.99869e-05	1.41193e-07	3.46682e-10	5.76679e-13	5.46555e-16	3.60281e-19	1.3582e-22	5.88578e-26	1.4834e-29	9.24939e-33	1.97426e-36	9.73546e-40	1.51237e-43	6.01541e-47	7.02308e-51	1.8814e-54	1.66745e-58	3.97071e-62	2.88043e-66	4.3406e-70	2.348e-74	2.79228e-78	1.26733e-82	1.11035e-86	4.67331e-91	4.51965e-95	2.03442e-99	1.4896e-103	7.04406e-108	5.92881e-112	1.98809e-116	9.56752e-121	2.38059e-125	1.86839e-129	7.09324e-134	2.67757e-137	
L_decumbens1	0	0	0	0	0	0	0	0	1	0	0	0	0	0	0	0	0	0	0	0	0	0	0	0	0	0	0	0	0	0	0	0	0	0	0	0	0	0	0	0	0	0	0	0	0	0	
L_grandiflorum	0	0	0	0	0	0	0	1	0	0	0	0	0	0	0	0	0	0	0	0	0	0	0	0	0	0	0	0	0	0	0	0	0	0	0	0	0	0	0	0	0	0	0	0	0	0	
L_stelleroides	0	0	0	0	0	0	0	0	1	0	0	0	0	0	0	0	0	0	0	0	0	0	0	0	0	0	0	0	0	0	0	0	0	0	0	0	0	0	0	0	0	0	0	0	0	0	
N58	3.52208e-06	0.00011235	0.00161308	0.00870378	0.0385663	0.226947	0.48493	0.232635	0.00643256	5.5516e-05	1.91347e-07	4.57921e-10	5.75579e-13	7.04015e-16	4.55704e-19	3.33247e-22	1.2241e-25	5.51557e-29	1.25582e-32	4.17041e-36	6.75271e-40	1.68138e-43	2.22845e-47	4.84393e-51	5.18944e-55	7.65395e-59	6.17182e-63	8.02908e-67	5.13228e-71	5.26191e-75	3.19694e-79	3.36303e-83	1.83576e-87	1.30084e-91	5.66651e-96	3.3109e-100	1.07166e-104	4.64962e-109	1.25842e-113	6.33751e-118	1.51634e-122	6.0918e-127	1.37157e-131	6.77775e-136	3.39681e-140	7.46879e-144	
N59	5.02515e-08	4.13966e-06	0.000131917	0.00142301	0.00558848	0.0930462	0.492458	0.402585	0.00475145	1.15327e-05	8.66828e-09	1.48115e-11	4.60207e-15	1.30852e-17	2.144e-21	2.36261e-24	2.12052e-28	7.83657e-32	3.59917e-36	8.15938e-40	2.55502e-44	4.19622e-48	3.50518e-52	9.11193e-56	7.05464e-60	4.92238e-64	1.63731e-68	1.51971e-72	1.79289e-77	1.24029e-81	4.71211e-86	8.52423e-90	2.94961e-94	1.46463e-98	3.83851e-103	8.0552e-108	6.71577e-113	6.95879e-118	6.87753e-123	2.60364e-127	3.40178e-132	4.32079e-137	9.50266e-142	1.42285e-146	2.22124e-151	5.81479e-155	
N60	1.90235e-09	2.89696e-07	1.52492e-05	0.000298043	0.000657365	0.0272966	0.363273	0.60235	0.00609841	1.04166e-05	5.65799e-09	1.11692e-11	3.45792e-15	1.9195e-17	2.82912e-21	4.5378e-24	3.78292e-28	1.31624e-31	5.04266e-36	1.02601e-39	2.42291e-44	3.95283e-48	3.95803e-52	1.82204e-55	2.60771e-59	2.27006e-63	7.25466e-68	7.11884e-72	6.84828e-77	4.9943e-81	1.30271e-85	6.09434e-89	2.12765e-93	1.8353e-97	6.37986e-102	1.19295e-106	8.62174e-112	7.88735e-117	8.60243e-122	3.51987e-126	9.87629e-131	1.04669e-135	4.87459e-140	5.04072e-145	1.07227e-149	3.86341e-153	
L_hirsutum	0	0	0	0	0	0	0	1	0	0	0	0	0	0	0	0	0	0	0	0	0	0	0	0	0	0	0	0	0	0	0	0	0	0	0	0	0	0	0	0	0	0	0	0	0	0	
L_seljukorum	0	0	0	0	0	0	0	1	0	0	0	0	0	0	0	0	0	0	0	0	0	0	0	0	0	0	0	0	0	0	0	0	0	0	0	0	0	0	0	0	0	0	0	0	0	0	
L_viscosum	0	0	0	0	0	0	0	1	0	0	0	0	0	0	0	0	0	0	0	0	0	0	0	0	0	0	0	0	0	0	0	0	0	0	0	0	0	0	0	0	0	0	0	0	0	0	
L_pubescens	0	0	0	0	0	0	0	1	0	0	0	0	0	0	0	0	0	0	0	0	0	0	0	0	0	0	0	0	0	0	0	0	0	0	0	0	0	0	0	0	0	0	0	0	0	0	
Re_indica	0	0	0	0	0	0	0	0	0	0	1	0	0	0	0	0	0	0	0	0	0	0	0	0	0	0	0	0	0	0	0	0	0	0	0	0	0	0	0	0	0	0	0	0	0	0	
