NODE	1	2	3	4	5	6	7	8	9	10	11	12	13	14	15	16	17	18	19	20	21	22	23	24	25	26	27	28	29	30	31	32	33	34	35	36	37	38	39	40	41	42	43	44	45	46	
N1	0.396368	0.256139	0.155664	0.0898135	0.0495505	0.0262872	0.0134704	0.00669188	0.00323274	0.00152251	0.000700591	0.000315575	0.000139375	6.04416e-05	2.57695e-05	1.08141e-05	4.47126e-06	1.82317e-06	7.33759e-07	2.91707e-07	1.14637e-07	4.45652e-08	1.71494e-08	6.53686e-09	2.46971e-09	9.25487e-10	3.4423e-10	1.27177e-10	4.67087e-11	1.7069e-11	6.21261e-12	2.25466e-12	8.16924e-13	2.95936e-13	1.07357e-13	5.11228e-17	3.09228e-17	1.87758e-17	1.14601e-17	7.04484e-18	4.37472e-18	2.75927e-18	1.78691e-18	1.2137e-18	8.97344e-19	7.58474e-19	
N2	0.225722	0.259952	0.203239	0.13441	0.080889	0.0457403	0.0247	0.0128541	0.00648347	0.00318191	0.00152386	0.000713796	0.000327642	0.000147611	6.53627e-05	2.84814e-05	1.22258e-05	5.17476e-06	2.16159e-06	8.91779e-07	3.63619e-07	1.46628e-07	5.85087e-08	2.31146e-08	9.04548e-09	3.50794e-09	1.34876e-09	5.14346e-10	1.94618e-10	7.30939e-11	2.72593e-11	1.00985e-11	3.7179e-12	1.36099e-12	4.95682e-13	1.79769e-13	6.49998e-14	2.34739e-14	8.49122e-15	3.09076e-15	1.14089e-15	4.32914e-16	1.73069e-16	7.62735e-17	4.01267e-17	2.82398e-17	
N3	0.00130584	0.0105186	0.036892	0.0801648	0.125752	0.15506	0.158571	0.13948	0.108318	0.0757255	0.0483767	0.028576	0.0157562	0.00817243	0.00401325	0.00187599	0.000838591	0.000359884	0.000148781	5.94279e-05	2.29947e-05	8.63882e-06	3.15761e-06	1.12495e-06	3.9128e-07	1.33064e-07	4.4303e-08	1.44587e-08	4.63054e-09	1.45673e-09	4.50591e-10	1.37158e-10	4.11211e-11	1.21526e-11	3.54328e-12	1.02021e-12	2.9042e-13	8.18649e-14	2.29044e-14	6.38448e-15	1.78454e-15	5.06135e-16	1.49071e-16	4.78535e-17	1.85759e-17	1.06004e-17	
N4	0.000292009	0.00379244	0.0192431	0.0552998	0.106676	0.152461	0.172099	0.1604	0.127483	0.0885272	0.0547342	0.0305829	0.0156306	0.00737979	0.00324536	0.00133858	0.000520899	0.000192218	6.7558e-05	2.27021e-05	7.3186e-06	2.27016e-06	6.79364e-07	1.96605e-07	5.51388e-08	1.50149e-08	3.97686e-09	1.02612e-09	2.58298e-10	6.35153e-11	1.52754e-11	3.5971e-12	8.30237e-13	1.88003e-13	4.18066e-14	9.13784e-15	1.96513e-15	4.16303e-16	8.70205e-17	1.79977e-17	3.70148e-18	7.64613e-19	1.62019e-19	3.69152e-20	1.01318e-20	4.40845e-21	
N5	5.19474e-05	0.00112019	0.00828533	0.0318135	0.0769293	0.131157	0.169691	0.175367	0.150278	0.109843	0.0700027	0.039582	0.0201398	0.00932889	0.00397219	0.00156748	0.000577262	0.000199591	6.51273e-05	2.0147e-05	5.93224e-06	1.66847e-06	4.49652e-07	1.16442e-07	2.9048e-08	6.99654e-09	1.63044e-09	3.68293e-10	8.07776e-11	1.72296e-11	3.57906e-12	7.25008e-13	1.43392e-13	2.77208e-14	5.24367e-15	9.71488e-16	1.76445e-16	3.14438e-17	5.50324e-18	9.4705e-19	1.60593e-19	2.69783e-20	4.5628e-21	8.17185e-22	1.80092e-22	6.94748e-23	
N6	4.77233e-06	0.000156126	0.00168022	0.00907987	0.0300344	0.0683454	0.115551	0.153236	0.165895	0.151159	0.118719	0.0819162	0.0504328	0.0280607	0.0142615	0.00668073	0.00290681	0.00118253	0.000452379	0.000163553	5.61286e-05	1.83556e-05	5.73995e-06	1.72162e-06	4.9665e-07	1.38143e-07	3.71315e-08	9.66443e-09	2.44023e-09	5.98743e-10	1.4298e-10	3.32773e-11	7.55836e-12	1.6774e-12	3.6413e-13	7.73993e-14	1.6125e-14	3.29575e-15	6.61505e-16	1.30561e-16	2.54039e-17	4.90484e-18	9.5771e-19	1.9999e-19	5.19121e-20	2.28213e-20	
N7	1.21565e-16	4.70699e-13	4.41683e-10	1.44515e-07	1.88823e-05	0.00102604	0.0225962	0.183404	0.455992	0.272253	0.0579051	0.00634441	0.000437388	2.13565e-05	7.97051e-07	2.39589e-08	6.02353e-10	1.30283e-11	2.47745e-13	4.21349e-15	6.49797e-17	9.18977e-19	1.20304e-20	1.4693e-22	1.68534e-24	1.82595e-26	1.87782e-28	1.84098e-30	1.72704e-32	1.55546e-34	1.34894e-36	1.12939e-38	9.15014e-41	7.18894e-43	5.48765e-45	4.07713e-47	2.95311e-49	2.0886e-51	1.44484e-53	9.79715e-56	6.53266e-58	4.30826e-60	2.84188e-62	1.91582e-64	1.37284e-66	1.32412e-68	
L_corymbiferum	0	0	0	0	0	0	0	0	1	0	0	0	0	0	0	0	0	0	0	0	0	0	0	0	0	0	0	0	0	0	0	0	0	0	0	0	0	0	0	0	0	0	0	0	0	0	
N8	2.99244e-22	1.5671e-17	1.47578e-13	3.67997e-10	2.81505e-07	6.89731e-05	0.0052431	0.110494	0.511418	0.328484	0.0421086	0.0021244	5.7345e-05	9.81483e-07	1.18405e-08	1.08126e-10	7.86288e-13	4.72737e-15	2.41818e-17	1.0763e-19	4.24359e-22	1.50391e-24	4.84864e-27	1.43644e-29	3.94375e-32	1.01071e-34	2.43303e-37	5.5311e-40	1.19307e-42	2.45192e-45	4.81862e-48	9.08499e-51	1.64805e-53	2.88394e-56	4.87965e-59	8.00006e-62	1.27331e-64	1.97088e-67	2.97145e-70	4.37004e-73	6.27756e-76	8.81896e-79	1.21299e-81	1.63527e-84	2.17217e-87	3.87265e-90	
L_gallicum	0	0	0	0	0	0	0	0	0	1	0	0	0	0	0	0	0	0	0	0	0	0	0	0	0	0	0	0	0	0	0	0	0	0	0	0	0	0	0	0	0	0	0	0	0	0	
L_strictum	0	0	0	0	0	0	0	0	1	0	0	0	0	0	0	0	0	0	0	0	0	0	0	0	0	0	0	0	0	0	0	0	0	0	0	0	0	0	0	0	0	0	0	0	0	0	
N9	1.56719e-10	2.9267e-08	1.52912e-06	3.40524e-05	0.000394963	0.00269867	0.0118453	0.0356901	0.0778575	0.128481	0.166308	0.174014	0.150909	0.11076	0.0700222	0.0387034	0.0189436	0.00830123	0.00328793	0.00118689	0.00039335	0.000120455	3.42798e-05	9.1125e-06	2.27307e-06	5.34265e-07	1.18765e-07	2.50539e-08	5.031e-09	9.64375e-10	1.76916e-10	3.11346e-11	5.26766e-12	8.58539e-13	1.35044e-13	2.05358e-14	3.02386e-15	4.31799e-16	5.98832e-17	8.07824e-18	1.06236e-18	1.36815e-19	1.74759e-20	2.307e-21	3.60953e-22	1.0142e-22	
L_setaceum	0	0	0	0	0	0	0	0	1	0	0	0	0	0	0	0	0	0	0	0	0	0	0	0	0	0	0	0	0	0	0	0	0	0	0	0	0	0	0	0	0	0	0	0	0	0	
N10	1.05672e-27	2.0649e-23	9.3355e-20	1.49395e-16	1.02378e-13	3.30779e-11	5.23388e-09	3.99737e-07	1.35782e-05	0.000175374	0.00124074	0.00568461	0.0184753	0.0450679	0.085713	0.130585	0.162594	0.167987	0.145704	0.107055	0.0670962	0.0360592	0.0166809	0.00665926	0.00229761	0.000685441	0.000176723	3.93231e-05	7.53476e-06	1.23958e-06	1.74468e-07	2.09271e-08	2.13121e-09	1.8374e-10	1.3396e-11	8.27448e-13	4.35395e-14	1.96901e-15	7.73748e-17	2.67316e-18	8.21341e-20	2.2694e-21	5.70742e-23	1.33617e-24	3.17263e-26	1.22871e-27	
L_suffruticosum1	0	0	0	0	0	0	0	0	0	0	0	0	0	0	0	0	0	0	0	0	0	0	0	0	0	0	0	0	0	0	0	0	0	0	0	1	0	0	0	0	0	0	0	0	0	0	
L_tenuifolium1	0	0	0	0	0	0	0	0	1	0	0	0	0	0	0	0	0	0	0	0	0	0	0	0	0	0	0	0	0	0	0	0	0	0	0	0	0	0	0	0	0	0	0	0	0	0	
N11	4.51174e-06	0.000167466	0.00193765	0.0108403	0.0361079	0.0810099	0.132802	0.16846	0.17249	0.147223	0.107413	0.068349	0.0385555	0.0195418	0.00900016	0.00380247	0.00148569	0.000540579	0.000184283	5.9169e-05	1.79762e-05	5.18888e-06	1.42824e-06	3.76087e-07	9.50169e-08	2.30928e-08	5.41181e-09	1.22556e-09	2.68719e-10	5.71495e-11	1.18082e-11	2.37392e-12	4.65004e-13	8.8861e-14	1.6586e-14	3.02706e-15	5.40749e-16	9.46434e-17	1.62455e-17	2.73809e-18	4.54066e-19	7.44636e-20	1.2263e-20	2.13065e-21	4.53979e-22	1.70397e-22	
N12	2.18547e-13	1.05807e-10	1.39216e-08	7.4794e-07	1.97911e-05	0.000287905	0.00247731	0.0133004	0.0464847	0.109682	0.180683	0.214634	0.189757	0.128714	0.068923	0.0299019	0.0107566	0.00327424	0.000858364	0.000196791	3.99822e-05	7.28204e-06	1.20091e-06	1.80897e-07	2.50811e-08	3.22241e-09	3.85945e-10	4.3319e-11	4.5781e-12	4.57488e-13	4.33917e-14	3.91964e-15	3.38252e-16	2.79642e-17	2.22043e-18	1.69729e-19	1.25165e-20	8.92234e-22	6.15965e-23	4.12624e-24	2.68854e-25	1.71105e-26	1.07458e-27	6.86615e-29	4.94966e-30	6.2152e-31	
N13	5.28201e-18	1.59167e-14	1.02489e-11	2.19831e-09	1.9474e-07	8.11635e-06	0.000173783	0.00203744	0.0137377	0.0554666	0.139002	0.223847	0.240072	0.178041	0.0948754	0.0376994	0.0115561	0.00281606	0.000559973	9.2927e-05	1.312e-05	1.60223e-06	1.71671e-07	1.6338e-08	1.39595e-09	1.08084e-10	7.6458e-12	4.97721e-13	3.00068e-14	1.68494e-15	8.85687e-17	4.37799e-18	2.04333e-19	9.03801e-21	3.80123e-22	1.52479e-23	5.84961e-25	2.15165e-26	7.60588e-28	2.58929e-29	8.50589e-31	2.70138e-32	8.31439e-34	2.50157e-35	7.87972e-37	4.6318e-38	
N14	9.61333e-28	2.63014e-23	1.57403e-19	3.13334e-16	2.5194e-13	9.14496e-11	1.60473e-08	1.41901e-06	6.45883e-05	0.00151826	0.0181596	0.106733	0.291644	0.347409	0.1786	0.0474147	0.00757627	0.000812361	6.31261e-05	3.75947e-06	1.78938e-07	7.03003e-09	2.33851e-10	6.72267e-12	1.69839e-13	3.82349e-15	7.76046e-17	1.43426e-18	2.43433e-20	3.82246e-22	5.58859e-24	7.65077e-26	9.85622e-28	1.20014e-29	1.3867e-31	1.52578e-33	1.60375e-35	1.61497e-37	1.56208e-39	1.45471e-41	1.30716e-43	1.13568e-45	9.56374e-48	7.85807e-50	6.56223e-52	8.73436e-54	
L_album	0	0	0	0	0	0	0	0	0	0	0	0	0	1	0	0	0	0	0	0	0	0	0	0	0	0	0	0	0	0	0	0	0	0	0	0	0	0	0	0	0	0	0	0	0	0	
L_mucronatum1	0	0	0	0	0	0	0	0	0	0	0	0	0	1	0	0	0	0	0	0	0	0	0	0	0	0	0	0	0	0	0	0	0	0	0	0	0	0	0	0	0	0	0	0	0	0	
N15	9.84186e-29	4.48344e-24	4.24605e-20	1.26792e-16	1.44659e-13	7.03628e-11	1.5606e-08	1.6434e-06	8.38307e-05	0.00207523	0.0245225	0.133552	0.319603	0.326916	0.151402	0.0362451	0.00510132	0.000466654	2.99141e-05	1.42256e-06	5.24414e-08	1.55139e-09	3.78675e-11	7.80079e-13	1.38185e-14	2.13814e-16	2.92833e-18	3.59031e-20	3.97935e-22	4.02108e-24	3.73202e-26	3.20221e-28	2.55486e-30	1.90514e-32	1.3339e-34	8.80524e-37	5.50042e-39	3.26244e-41	1.84292e-43	9.94236e-46	5.13561e-48	2.54583e-50	1.21404e-52	5.59705e-55	2.59156e-57	1.86827e-59	
N16	3.01195e-37	1.73518e-31	1.87563e-26	5.67593e-22	5.7228e-18	2.1043e-14	2.95826e-11	1.62208e-08	3.46739e-06	0.000283688	0.00857713	0.0912822	0.325478	0.383304	0.160603	0.0279768	0.00237641	0.000112208	3.2598e-06	6.30025e-08	8.6084e-10	8.72432e-12	6.81565e-14	4.23507e-16	2.14793e-18	9.08579e-21	3.26435e-23	1.01173e-25	2.74133e-28	6.56903e-31	1.40625e-33	2.71324e-36	4.75521e-39	7.62286e-42	1.12465e-44	1.5356e-47	1.95012e-50	2.31379e-53	2.57536e-56	2.69908e-59	2.67255e-62	2.50793e-65	2.23675e-68	1.90099e-71	1.54749e-74	1.57589e-77	
N17	2.98021e-36	8.55619e-31	5.07438e-26	9.32517e-22	6.34152e-18	1.74796e-14	2.04137e-11	1.02323e-08	2.17471e-06	0.000189257	0.00637395	0.0771279	0.310227	0.397897	0.173821	0.0313986	0.00281401	0.000144048	4.67798e-06	1.04271e-07	1.6939e-09	2.10126e-11	2.0652e-13	1.65662e-15	1.11119e-17	6.35869e-20	3.15682e-22	1.37911e-24	5.36637e-27	1.87943e-29	5.97813e-32	1.74073e-34	4.67241e-37	1.16321e-39	2.70054e-42	5.87534e-45	1.20309e-47	2.32782e-50	4.27098e-53	7.45467e-56	1.24143e-58	1.97772e-61	3.02147e-64	4.43742e-67	6.31856e-70	1.20082e-72	
N18	4.13986e-37	1.23691e-31	7.76665e-27	1.53994e-22	1.15358e-18	3.58346e-15	4.8357e-12	2.87768e-09	7.4725e-07	8.1776e-05	0.0035516	0.0561272	0.289154	0.43426	0.184448	0.0299175	0.00235049	0.00010539	3.02362e-06	6.02658e-08	8.87045e-10	1.01012e-11	9.22851e-14	6.96303e-16	4.44177e-18	2.44219e-20	1.1761e-22	5.02833e-25	1.93072e-27	6.72387e-30	2.14208e-32	6.28933e-35	1.713e-37	4.35312e-40	1.0374e-42	2.32905e-45	4.94606e-48	9.97201e-51	1.91506e-53	3.51366e-56	6.17578e-59	1.04245e-61	1.6937e-64	2.65438e-67	4.03883e-70	8.21346e-73	
L_arboreum	0	0	0	0	0	0	0	0	0	0	0	0	0	1	0	0	0	0	0	0	0	0	0	0	0	0	0	0	0	0	0	0	0	0	0	0	0	0	0	0	0	0	0	0	0	0	
L_elegans	0	0	0	0	0	0	0	0	0	0	0	0	0	1	0	0	0	0	0	0	0	0	0	0	0	0	0	0	0	0	0	0	0	0	0	0	0	0	0	0	0	0	0	0	0	0	
L_campanulatum	0	0	0	0	0	0	0	0	0	0	0	0	0	1	0	0	0	0	0	0	0	0	0	0	0	0	0	0	0	0	0	0	0	0	0	0	0	0	0	0	0	0	0	0	0	0	
N19	5.55701e-38	2.69507e-32	2.63329e-27	7.75358e-23	8.18942e-19	3.38584e-15	5.70379e-12	3.94782e-09	1.10395e-06	0.00011999	0.00478666	0.0654447	0.288723	0.405151	0.194686	0.0374884	0.00342334	0.000170701	5.18575e-06	1.04376e-07	1.48494e-09	1.57084e-11	1.28631e-13	8.42277e-16	4.52895e-18	2.04424e-20	7.88982e-23	2.64473e-25	7.80307e-28	2.04977e-30	4.84204e-33	1.03756e-35	2.03227e-38	3.66327e-41	6.1134e-44	9.49623e-47	1.37962e-49	1.88273e-52	2.42287e-55	2.9507e-58	3.41172e-61	3.75621e-64	3.94844e-67	3.97352e-70	3.86461e-73	4.88336e-76	
L_capitatum	0	0	0	0	0	0	0	0	0	0	0	0	0	1	0	0	0	0	0	0	0	0	0	0	0	0	0	0	0	0	0	0	0	0	0	0	0	0	0	0	0	0	0	0	0	0	
N20	1.17615e-36	3.23566e-31	1.86489e-26	3.38215e-22	2.3083e-18	6.50361e-15	7.92011e-12	4.22978e-09	9.79988e-07	9.52076e-05	0.00366649	0.0519824	0.252064	0.405032	0.228385	0.0525354	0.00585861	0.00036582	1.4279e-05	3.78571e-07	7.26217e-09	1.05852e-10	1.21838e-12	1.14213e-14	8.94106e-17	5.96735e-19	3.45444e-21	1.75991e-23	7.98892e-26	3.26575e-28	1.21329e-30	4.12957e-33	1.29674e-35	3.78001e-38	1.02851e-40	2.62492e-43	6.31129e-46	1.43522e-48	3.09779e-51	6.36667e-54	1.24958e-56	2.3483e-59	4.23583e-62	7.35175e-65	1.24169e-67	2.89397e-70	
L_gyaricum	0	0	0	0	0	0	0	0	0	0	0	0	0	0	1	0	0	0	0	0	0	0	0	0	0	0	0	0	0	0	0	0	0	0	0	0	0	0	0	0	0	0	0	0	0	0	
L_tauricum	0	0	0	0	0	0	0	0	0	0	0	0	0	1	0	0	0	0	0	0	0	0	0	0	0	0	0	0	0	0	0	0	0	0	0	0	0	0	0	0	0	0	0	0	0	0	
L_flavum	0	0	0	0	0	0	0	0	0	0	0	0	0	1	0	0	0	0	0	0	0	0	0	0	0	0	0	0	0	0	0	0	0	0	0	0	0	0	0	0	0	0	0	0	0	0	
L_nodiflorum	0	0	0	0	0	0	0	0	0	0	0	0	1	0	0	0	0	0	0	0	0	0	0	0	0	0	0	0	0	0	0	0	0	0	0	0	0	0	0	0	0	0	0	0	0	0	
N21	2.90185e-07	2.23197e-05	0.00047582	0.00436367	0.0213373	0.0635686	0.12665	0.18087	0.195354	0.166487	0.115827	0.0676192	0.0338812	0.0148446	0.00577612	0.00202222	0.000644077	0.000188389	5.10145e-05	1.28793e-05	3.04992e-06	6.81079e-07	1.44096e-07	2.90036e-08	5.57431e-09	1.02635e-09	1.81568e-10	3.09435e-11	5.09241e-12	8.11032e-13	1.25246e-13	1.87879e-14	2.74213e-15	3.89982e-16	5.41182e-17	7.33727e-18	9.73033e-19	1.26357e-19	1.60845e-20	2.00932e-21	2.46738e-22	2.98898e-23	3.61138e-24	4.52405e-25	6.75926e-26	1.86205e-26	
N22	2.40493e-12	2.04756e-09	3.95662e-07	2.63649e-05	0.000730027	0.00927985	0.0573184	0.178387	0.289744	0.259581	0.139796	0.0496748	0.0126054	0.00243007	0.000373192	4.73554e-05	5.10874e-06	4.79257e-07	3.98117e-08	2.97208e-09	2.01844e-10	1.25978e-11	7.28843e-13	3.93736e-14	1.99865e-15	9.58497e-17	4.36337e-18	1.89336e-19	7.85992e-21	3.13173e-22	1.20113e-23	4.44587e-25	1.59184e-26	5.52496e-28	1.86239e-29	6.10769e-31	1.95178e-32	6.08638e-34	1.85457e-35	5.5289e-37	1.61491e-38	4.63108e-40	1.31051e-41	3.7221e-43	1.14031e-44	6.12667e-46	
N23	2.01357e-25	1.90346e-20	3.44833e-16	1.78194e-12	3.09392e-09	1.92613e-06	0.000426662	0.0304309	0.515654	0.427483	0.0254213	0.000574654	7.11848e-06	5.74386e-08	3.34108e-10	1.49737e-12	5.41819e-15	1.63857e-17	4.25234e-20	9.6681e-23	1.95805e-25	3.5807e-28	5.97933e-31	9.20385e-34	1.3164e-36	1.76147e-39	2.21817e-42	2.64222e-45	2.99052e-48	3.22882e-51	3.33715e-54	3.31204e-57	3.16523e-60	2.92006e-63	2.60631e-66	2.25523e-69	1.89534e-72	1.54967e-75	1.23456e-78	9.59656e-82	7.28792e-85	5.41373e-88	3.93868e-91	2.81526e-94	2.02389e-97	1.95795e-100	
L_corymbulosum	0	0	0	0	0	0	0	0	1	0	0	0	0	0	0	0	0	0	0	0	0	0	0	0	0	0	0	0	0	0	0	0	0	0	0	0	0	0	0	0	0	0	0	0	0	0	
L_trigynum	0	0	0	0	0	0	0	0	0	1	0	0	0	0	0	0	0	0	0	0	0	0	0	0	0	0	0	0	0	0	0	0	0	0	0	0	0	0	0	0	0	0	0	0	0	0	
L_tenue1	0	0	0	0	0	0	0	0	0	1	0	0	0	0	0	0	0	0	0	0	0	0	0	0	0	0	0	0	0	0	0	0	0	0	0	0	0	0	0	0	0	0	0	0	0	0	
L_maritimum	0	0	0	0	0	0	0	0	0	1	0	0	0	0	0	0	0	0	0	0	0	0	0	0	0	0	0	0	0	0	0	0	0	0	0	0	0	0	0	0	0	0	0	0	0	0	
L_catharticum	0	0	0	0	0	0	0	1	0	0	0	0	0	0	0	0	0	0	0	0	0	0	0	0	0	0	0	0	0	0	0	0	0	0	0	0	0	0	0	0	0	0	0	0	0	0	
N24	2.19292e-05	0.000404631	0.00298394	0.0125097	0.0349201	0.0711778	0.112618	0.144486	0.155312	0.143468	0.116206	0.0838885	0.0547011	0.0325804	0.017892	0.00913208	0.00436171	0.00196103	0.00083422	0.000337285	0.000130121	4.80678e-05	1.70555e-05	5.82886e-06	1.92351e-06	6.14288e-07	1.90237e-07	5.72349e-08	1.6757e-08	4.78153e-09	1.33161e-09	3.62395e-10	9.64939e-11	2.51655e-11	6.43497e-12	1.61492e-12	3.98158e-13	9.65484e-14	2.30605e-14	5.43859e-15	1.27254e-15	2.98484e-16	7.18714e-17	1.87793e-17	6.03899e-18	3.04765e-18	
N25	2.36263e-11	5.49579e-09	3.72743e-07	1.08804e-05	0.000164119	0.00143056	0.00779372	0.0281807	0.0710053	0.129894	0.178727	0.190743	0.162193	0.112499	0.0649711	0.0318089	0.0134108	0.00493648	0.00160573	0.000466478	0.000122168	2.90835e-05	6.34001e-06	1.27388e-06	2.37303e-07	4.11993e-08	6.69786e-09	1.02397e-09	1.47781e-10	2.02044e-11	2.62514e-12	3.25085e-13	3.84711e-14	4.36139e-15	4.74723e-16	4.97143e-17	5.01857e-18	4.89238e-19	4.6139e-20	4.21755e-21	3.74692e-22	3.25287e-23	2.79825e-24	2.48066e-25	2.53427e-26	4.37179e-27	
N26	1.45079e-13	1.0772e-10	1.78161e-08	1.04702e-06	2.7626e-05	0.000378807	0.00298834	0.0146306	0.0471753	0.105153	0.168744	0.201855	0.185496	0.134436	0.0786275	0.037868	0.0152868	0.00525401	0.00155878	0.000404103	9.2536e-05	1.88979e-05	3.47157e-06	5.78061e-07	8.78503e-08	1.22608e-08	1.58026e-09	1.89042e-10	2.10865e-11	2.20228e-12	2.16181e-13	2.00147e-14	1.75328e-15	1.45746e-16	1.15282e-17	8.69803e-19	6.27453e-20	4.3368e-21	2.87774e-22	1.8367e-23	1.12961e-24	6.7092e-26	3.86554e-27	2.20077e-28	1.37336e-29	1.64567e-30	
N27	6.93423e-18	2.24926e-14	1.43052e-11	2.8071e-09	2.15e-07	7.51047e-06	0.000134254	0.00134401	0.00810745	0.0313123	0.0814704	0.149096	0.199107	0.200252	0.155876	0.0961565	0.047991	0.0197336	0.00679313	0.00198568	0.000499119	0.000109104	2.0951e-05	3.56639e-06	5.42579e-07	7.4322e-08	9.22787e-09	1.04486e-09	1.08493e-10	1.03832e-11	9.20156e-13	7.58303e-14	5.83412e-15	4.20559e-16	2.84999e-17	1.82122e-18	1.10059e-19	6.30639e-21	3.43485e-22	1.78248e-23	8.83384e-25	4.19315e-26	1.91708e-27	8.59925e-29	4.12886e-30	3.59474e-31	
N28	3.87092e-22	1.34557e-18	1.07887e-15	3.07416e-13	3.84778e-11	2.41921e-09	8.4171e-08	1.74735e-06	2.30032e-05	0.00020195	0.0012331	0.00542571	0.0177307	0.0441658	0.0857699	0.132457	0.165549	0.170097	0.145718	0.105418	0.0651544	0.0347695	0.0161767	0.00662026	0.00240269	0.000779149	0.000227321	6.00512e-05	1.44482e-05	3.1832e-06	6.45431e-07	1.20997e-07	2.10621e-08	3.41781e-09	5.18933e-10	7.39731e-11	9.93152e-12	1.25958e-12	1.5133e-13	1.72709e-14	1.87826e-15	1.95598e-16	1.97315e-17	1.99861e-18	2.30177e-19	4.70884e-20	
C_selaginoides	0	0	0	0	0	0	0	0	0	0	0	0	0	0	0	0	0	1	0	0	0	0	0	0	0	0	0	0	0	0	0	0	0	0	0	0	0	0	0	0	0	0	0	0	0	0	
N29	2.48871e-32	3.72921e-28	1.28682e-24	1.57317e-21	8.39866e-19	2.22943e-16	3.22343e-14	2.71959e-12	1.41384e-10	4.73424e-09	1.05928e-07	1.63358e-06	1.78318e-05	0.000141009	0.000824646	0.00363384	0.0122747	0.032296	0.067191	0.112111	0.152043	0.169714	0.157773	0.12351	0.0822618	0.0470631	0.0233352	0.0101107	0.00385754	0.00130524	0.000394265	0.000106971	2.62189e-05	5.83649e-06	1.18596e-06	2.2103e-07	3.79596e-08	6.03549e-09	8.92848e-10	1.23587e-10	1.61195e-11	1.99981e-12	2.39204e-13	2.82538e-14	3.563e-15	7.23947e-16	
L_littorale	0	0	0	0	0	0	0	0	0	0	0	0	0	0	0	0	0	0	0	0	0	0	0	0	0	0	0	0	0	0	0	0	0	0	0	1	0	0	0	0	0	0	0	0	0	0	
N30	1.69825e-39	9.227e-35	1.14971e-30	5.02785e-27	9.44392e-24	8.59914e-21	4.11689e-18	1.09876e-15	1.70886e-13	1.60383e-11	9.34688e-10	3.46525e-08	8.34851e-07	1.3328e-05	0.000143648	0.00106469	0.00552889	0.0205025	0.0553465	0.11087	0.167929	0.195813	0.178798	0.129903	0.0762176	0.0366123	0.0145827	0.00487258	0.00138061	0.000335041	7.02797e-05	1.28518e-05	2.06504e-06	2.93696e-07	3.72246e-08	4.23126e-09	4.33883e-10	4.03575e-11	3.42252e-12	2.65901e-13	1.90116e-14	1.25671e-15	7.72891e-17	4.50514e-18	2.74833e-19	3.09635e-20	
N31	5.32013e-45	6.09571e-40	1.61208e-35	1.50178e-31	6.01168e-28	1.16283e-24	1.17403e-21	6.53156e-19	2.08363e-16	3.92932e-14	4.48756e-12	3.16684e-10	1.40542e-08	3.9872e-07	7.35015e-06	8.95718e-05	0.000735362	0.0041532	0.0165069	0.0472629	0.0997516	0.158573	0.193644	0.184893	0.140225	0.0856642	0.0426843	0.0175425	0.0060071	0.00172983	0.000422494	8.82238e-05	1.58703e-05	2.47714e-06	3.37831e-07	4.05268e-08	4.3042e-09	4.07262e-10	3.45407e-11	2.64165e-12	1.83327e-13	1.16324e-14	6.82954e-16	3.8091e-17	2.19815e-18	2.11937e-19	
L_macraei	0	0	0	0	0	0	0	0	0	0	0	0	0	0	0	0	0	0	0	0	0	0	0	0	0	0	0	0	0	0	0	0	0	0	0	1	0	0	0	0	0	0	0	0	0	0	
L_prostratum	0	0	0	0	0	0	0	0	0	0	0	0	0	0	0	0	0	1	0	0	0	0	0	0	0	0	0	0	0	0	0	0	0	0	0	0	0	0	0	0	0	0	0	0	0	0	
L_oligophyllum	0	0	0	0	0	0	0	0	0	0	0	0	0	0	0	0	0	1	0	0	0	0	0	0	0	0	0	0	0	0	0	0	0	0	0	0	0	0	0	0	0	0	0	0	0	0	
N32	1.44675e-16	2.7261e-13	1.11831e-10	1.54433e-08	8.90506e-07	2.45983e-05	0.000359698	0.00301246	0.0154217	0.0510061	0.114332	0.181069	0.210103	0.184385	0.125835	0.0684272	0.0302888	0.0111201	0.0034425	0.000911827	0.000209325	4.21275e-05	7.50881e-06	1.19614e-06	1.71686e-07	2.23665e-08	2.66215e-09	2.91217e-10	2.94369e-11	2.76298e-12	2.41885e-13	1.98313e-14	1.52832e-15	1.11093e-16	7.64052e-18	4.98633e-19	3.09611e-20	1.83359e-21	1.03809e-22	5.63059e-24	2.93222e-25	1.46997e-26	7.13158e-28	3.41024e-29	1.75998e-30	1.67562e-31	
N33	8.45935e-17	1.58358e-13	6.54354e-11	9.20929e-09	5.46487e-07	1.56605e-05	0.000239188	0.0021046	0.0113797	0.039952	0.0955233	0.162143	0.202622	0.192432	0.142808	0.0848557	0.0412411	0.0167042	0.00573208	0.00169076	0.000434205	9.81906e-05	1.97506e-05	3.56551e-06	5.82334e-07	8.66666e-08	1.18294e-08	1.48949e-09	1.73922e-10	1.89231e-11	1.92677e-12	1.84325e-13	1.66275e-14	1.41904e-15	1.14922e-16	8.85656e-18	6.51181e-19	4.57874e-20	3.08574e-21	1.99733e-22	1.24433e-23	7.48191e-25	4.36864e-26	2.53353e-27	1.6195e-28	1.912e-29	
L_kingii	0	0	0	0	0	0	0	0	0	0	0	0	1	0	0	0	0	0	0	0	0	0	0	0	0	0	0	0	0	0	0	0	0	0	0	0	0	0	0	0	0	0	0	0	0	0	
N34	6.97138e-19	1.65814e-15	9.06184e-13	1.75132e-10	1.47586e-08	6.17806e-07	1.40849e-05	0.000187641	0.00154611	0.00826325	0.0298436	0.0755081	0.138224	0.188491	0.196631	0.160764	0.105313	0.0563936	0.025136	0.00947901	0.00306896	0.000864332	0.000214255	4.72397e-05	9.35164e-06	1.67621e-06	2.74098e-07	4.11684e-08	5.7141e-09	7.36964e-10	8.87596e-11	1.00279e-11	1.06708e-12	1.0735e-13	1.02443e-14	9.30235e-16	8.06046e-17	6.68214e-18	5.31252e-19	4.05955e-20	2.98789e-21	2.12315e-22	1.4634e-23	9.98166e-25	7.54381e-26	1.10606e-26	
L_rupestre	0	0	0	0	0	0	0	0	0	0	0	0	0	0	0	0	0	1	0	0	0	0	0	0	0	0	0	0	0	0	0	0	0	0	0	0	0	0	0	0	0	0	0	0	0	0	
L_vernale	0	0	0	0	0	0	0	0	0	0	0	0	0	0	1	0	0	0	0	0	0	0	0	0	0	0	0	0	0	0	0	0	0	0	0	0	0	0	0	0	0	0	0	0	0	0	
L_striatum	0	0	0	0	0	0	0	0	1	0	0	0	0	0	0	0	0	0	0	0	0	0	0	0	0	0	0	0	0	0	0	0	0	0	0	0	0	0	0	0	0	0	0	0	0	0	
N35	1.26773e-10	3.05731e-08	1.86772e-06	4.52068e-05	0.000541897	0.00370177	0.0158981	0.0461822	0.0960323	0.149558	0.180986	0.175445	0.13975	0.0934579	0.0534413	0.0265427	0.0116063	0.00452084	0.00158479	0.000504483	0.000146988	3.94744e-05	9.83221e-06	2.28401e-06	4.97298e-07	1.0194e-07	1.9753e-08	3.6313e-09	6.3543e-10	1.06159e-10	1.69792e-11	2.60639e-12	3.84877e-13	5.47876e-14	7.53295e-15	1.00219e-15	1.2923e-16	1.61764e-17	1.96862e-18	2.33292e-19	2.69783e-20	3.05672e-21	3.43033e-22	3.9524e-23	5.3317e-24	1.31895e-24	
He_micranthum	0	0	0	0	0	0	0	0	0	0	0	0	0	0	0	0	0	1	0	0	0	0	0	0	0	0	0	0	0	0	0	0	0	0	0	0	0	0	0	0	0	0	0	0	0	0	
S_digynum	0	0	0	0	0	1	0	0	0	0	0	0	0	0	0	0	0	0	0	0	0	0	0	0	0	0	0	0	0	0	0	0	0	0	0	0	0	0	0	0	0	0	0	0	0	0	
N36	2.46255e-21	1.15699e-17	1.27959e-14	5.06873e-12	8.73089e-10	7.31007e-08	3.19259e-06	7.62908e-05	0.00103272	0.0081441	0.0383996	0.111258	0.204301	0.246167	0.202046	0.11733	0.0499964	0.0161667	0.00408808	0.000830082	0.000138498	1.9372e-05	2.31129e-06	2.38795e-07	2.16463e-08	1.74145e-09	1.25594e-10	8.19238e-12	4.87113e-13	2.65858e-14	1.34018e-15	6.27444e-17	2.74191e-18	1.12343e-19	4.33326e-21	1.57929e-22	5.4569e-24	1.79307e-25	5.61896e-27	1.68387e-28	4.83995e-30	1.33987e-31	3.60424e-33	9.66833e-35	2.82907e-36	1.34049e-37	
N37	1.12672e-24	2.30893e-20	8.96816e-17	1.02742e-13	4.30597e-11	7.5276e-09	6.00043e-07	2.32765e-05	0.000462351	0.0049086	0.0289628	0.0986814	0.201936	0.258554	0.215996	0.122713	0.0493182	0.0145396	0.00324864	0.00056623	7.89646e-05	9.00813e-06	8.57014e-07	6.9154e-08	4.80323e-09	2.90912e-10	1.55401e-11	7.39586e-13	3.16408e-14	1.22656e-15	4.33904e-17	1.40973e-18	4.23061e-20	1.17881e-21	3.06401e-23	7.46089e-25	1.70855e-26	3.69266e-28	7.55669e-30	1.4686e-31	2.7181e-33	4.80405e-35	8.13609e-37	1.33238e-38	2.2328e-40	6.50644e-42	
N38	1.74041e-25	3.57819e-21	1.52503e-17	2.03959e-14	1.03654e-11	2.23817e-09	2.21069e-07	1.05419e-05	0.000253442	0.00319117	0.0218224	0.0840889	0.189804	0.261548	0.229777	0.134473	0.0547007	0.0160887	0.00354541	0.000604056	8.17856e-05	9.01206e-06	8.25092e-07	6.39012e-08	4.25233e-09	2.46477e-10	1.25934e-11	5.73165e-13	2.34539e-14	8.69995e-16	2.94684e-17	9.17426e-19	2.64059e-20	7.06369e-22	1.76453e-23	4.13388e-25	9.11842e-27	1.90045e-28	3.75477e-30	7.05326e-32	1.26318e-33	2.16231e-35	3.54747e-37	5.61217e-39	8.97343e-41	2.46684e-42	
N39	4.84841e-31	2.41072e-26	2.60756e-22	9.29981e-19	1.32353e-15	8.37564e-13	2.51906e-10	3.75422e-08	2.84222e-06	0.00011062	0.00221459	0.0225647	0.114514	0.281083	0.326395	0.184088	0.05678	0.0107474	0.00136667	0.000125037	8.67142e-06	4.74657e-07	2.11727e-08	7.89644e-10	2.51449e-11	6.95632e-13	1.69646e-14	3.69239e-16	7.24868e-18	1.29526e-19	2.12348e-21	3.21623e-23	4.52801e-25	5.95776e-27	7.36151e-29	8.57893e-31	9.46595e-33	9.92378e-35	9.9162e-37	9.47145e-39	8.67015e-41	7.62463e-43	6.45654e-45	5.28443e-47	4.30126e-49	5.61881e-51	
L_acuticarpum	0	0	0	0	0	0	0	0	0	0	0	0	0	0	1	0	0	0	0	0	0	0	0	0	0	0	0	0	0	0	0	0	0	0	0	0	0	0	0	0	0	0	0	0	0	0	
L_gracile	0	0	0	0	0	0	0	0	0	0	0	0	0	0	1	0	0	0	0	0	0	0	0	0	0	0	0	0	0	0	0	0	0	0	0	0	0	0	0	0	0	0	0	0	0	0	
L_heterostylum	0	0	0	0	0	0	0	0	0	0	0	0	0	0	1	0	0	0	0	0	0	0	0	0	0	0	0	0	0	0	0	0	0	0	0	0	0	0	0	0	0	0	0	0	0	0	
L_africanum	0	0	0	0	0	0	0	0	0	0	0	0	0	0	1	0	0	0	0	0	0	0	0	0	0	0	0	0	0	0	0	0	0	0	0	0	0	0	0	0	0	0	0	0	0	0	
L_comptonii	0	0	0	0	0	0	0	0	0	0	0	0	0	0	1	0	0	0	0	0	0	0	0	0	0	0	0	0	0	0	0	0	0	0	0	0	0	0	0	0	0	0	0	0	0	0	
Ra_linoides	0	0	0	0	0	0	0	0	1	0	0	0	0	0	0	0	0	0	0	0	0	0	0	0	0	0	0	0	0	0	0	0	0	0	0	0	0	0	0	0	0	0	0	0	0	0	
N40	0.0886198	0.167105	0.19382	0.176069	0.136975	0.0954679	0.0612199	0.0367497	0.0208998	0.0113589	0.00593867	0.00300194	0.00147307	0.000703989	0.000328543	0.000150061	6.72057e-05	2.95601e-05	1.27869e-05	5.4463e-06	2.28652e-06	9.47083e-07	3.87344e-07	1.56539e-07	6.25541e-08	2.47318e-08	9.67975e-09	3.75233e-09	1.44136e-09	5.48878e-10	2.07301e-10	7.76857e-11	2.89002e-11	1.06786e-11	3.92161e-12	1.43261e-12	5.21242e-13	1.89235e-13	6.87535e-14	2.51215e-14	9.30967e-15	3.55263e-15	1.4352e-15	6.44948e-16	3.49341e-16	2.52219e-16	
N41	0.0505483	0.118491	0.164214	0.173467	0.153765	0.120161	0.0852605	0.056005	0.034522	0.0201687	0.0112529	0.00603153	0.00312048	0.00156431	0.000762289	0.000362056	0.000167988	7.62915e-05	3.39704e-05	1.48523e-05	6.38429e-06	2.70121e-06	1.12609e-06	4.6297e-07	1.8787e-07	7.53031e-08	2.98346e-08	1.16912e-08	4.53416e-09	1.74136e-09	6.6266e-10	2.50019e-10	9.35888e-11	3.47838e-11	1.28479e-11	4.72159e-12	1.72904e-12	6.32232e-13	2.31514e-13	8.52748e-14	3.18181e-14	1.21755e-14	4.88966e-15	2.15489e-15	1.1303e-15	7.93485e-16	
N42	0.00623908	0.0289699	0.0685991	0.112046	0.142763	0.151598	0.139746	0.114931	0.0859892	0.0593801	0.0382688	0.0232195	0.0133573	0.00732729	0.00385133	0.00194747	0.00095065	0.000449305	0.000206133	9.20058e-05	4.00314e-05	1.70085e-05	7.06783e-06	2.87653e-06	1.14805e-06	4.49832e-07	1.73217e-07	6.5612e-08	2.44683e-08	8.99071e-09	3.25736e-09	1.16443e-09	4.10967e-10	1.43287e-10	4.93827e-11	1.6834e-11	5.68049e-12	1.89964e-12	6.30818e-13	2.08801e-13	6.94215e-14	2.35519e-14	8.41487e-15	3.36022e-15	1.65306e-15	1.13037e-15	
N43	0.000729663	0.00542056	0.0191899	0.0445684	0.0776678	0.109344	0.130265	0.135528	0.125966	0.106385	0.0827187	0.0598336	0.0406026	0.0260274	0.0158519	0.00921766	0.00513867	0.00275631	0.00142693	0.000714918	0.000347482	0.000164192	7.55684e-05	3.39338e-05	1.48899e-05	6.39322e-06	2.68941e-06	1.10968e-06	4.49574e-07	1.7901e-07	7.01155e-08	2.70378e-08	1.02728e-08	3.84864e-09	1.42287e-09	5.19582e-10	1.8761e-10	6.70917e-11	2.38238e-11	8.43821e-12	3.00636e-12	1.09476e-12	4.19976e-13	1.79306e-13	9.30965e-14	6.56158e-14	
N44	5.01053e-10	1.62445e-07	1.43667e-05	0.000488178	0.00730986	0.0513838	0.174721	0.295422	0.265016	0.140839	0.049454	0.012497	0.00242159	0.000377246	4.897e-05	5.44543e-06	5.30134e-07	4.5979e-08	3.60333e-09	2.58158e-10	1.70735e-11	1.05094e-12	6.06276e-14	3.2976e-15	1.69982e-16	8.34134e-18	3.91211e-19	1.75968e-20	7.61452e-22	3.17854e-23	1.28309e-24	5.01989e-26	1.90729e-27	7.05073e-29	2.54044e-30	8.93694e-32	3.07499e-33	1.03691e-34	3.43521e-36	1.12186e-37	3.62926e-39	1.17153e-40	3.8152e-42	1.27617e-43	4.59917e-45	2.44052e-46	
N45	5.4692e-14	1.92881e-10	1.23857e-07	2.15205e-05	0.00118938	0.0224224	0.147872	0.348852	0.317594	0.129825	0.0281657	0.0037082	0.000327206	2.08242e-05	1.01007e-06	3.89528e-08	1.23451e-09	3.30107e-11	7.60813e-13	1.53799e-14	2.76688e-16	4.48419e-18	6.61491e-20	8.96098e-22	1.12329e-23	1.31162e-25	1.43491e-27	1.47826e-29	1.44061e-31	1.33336e-33	1.17627e-35	9.92242e-38	8.02658e-40	6.2428e-42	4.67941e-44	3.38768e-46	2.3734e-48	1.61206e-50	1.06332e-52	6.8219e-55	4.26333e-57	2.59921e-59	1.54881e-61	9.07547e-64	5.48858e-66	5.38517e-68	
N46	2.56259e-16	3.95277e-12	8.69144e-09	4.02622e-06	0.000464641	0.0145857	0.131749	0.363475	0.339065	0.125956	0.0223581	0.00220269	0.000134923	5.59585e-06	1.6766e-07	3.81504e-09	6.85736e-11	1.00472e-12	1.23091e-14	1.28765e-16	1.17035e-18	9.3788e-21	6.70943e-23	4.33065e-25	2.54531e-27	1.37313e-29	6.84705e-32	3.17528e-34	1.37692e-36	5.61027e-39	2.15716e-41	7.85758e-44	2.72093e-46	8.98541e-49	2.83788e-51	8.5944e-54	2.50171e-56	7.01456e-59	1.89834e-61	4.96774e-64	1.25918e-66	3.09632e-69	7.39712e-72	1.71947e-74	3.92276e-77	1.25836e-79	
N47	3.71485e-16	3.76527e-12	6.48081e-09	2.73309e-06	0.000322369	0.0111255	0.113783	0.352787	0.356729	0.137558	0.0249899	0.00253235	0.000161924	7.14618e-06	2.3261e-07	5.87156e-09	1.19471e-10	2.02012e-12	2.90862e-14	3.6374e-16	4.01579e-18	3.96764e-20	3.5485e-22	2.90092e-24	2.1859e-26	1.52919e-28	9.99441e-31	6.13625e-33	3.55634e-35	1.95399e-37	1.02168e-39	5.10111e-42	2.43951e-44	1.12054e-46	4.95591e-49	2.11531e-51	8.73128e-54	3.49181e-56	1.35533e-58	5.11379e-61	1.87838e-63	6.72586e-66	2.35072e-68	8.03585e-71	2.73548e-73	1.38443e-75	
N48	2.33385e-18	4.54015e-14	1.54496e-10	1.33094e-07	3.31181e-05	0.00246239	0.0533794	0.31548	0.457272	0.151004	0.0190865	0.00123296	4.83867e-05	1.29039e-06	2.52602e-08	3.83718e-10	4.71477e-12	4.83741e-14	4.24948e-16	3.26084e-18	2.22167e-20	1.36217e-22	7.60107e-25	3.89706e-27	1.85071e-29	8.19803e-32	3.40778e-34	1.33633e-36	4.96648e-39	1.75651e-41	5.93324e-44	1.92035e-46	5.97276e-49	1.7898e-51	5.17959e-54	1.45067e-56	3.93976e-59	1.03935e-61	2.66779e-64	6.67233e-67	1.6283e-69	3.88207e-72	9.05257e-75	2.06731e-77	4.66569e-80	1.49522e-82	
N49	1.53497e-22	1.27523e-17	1.83089e-13	6.528e-10	6.51188e-07	0.000183601	0.0136398	0.228086	0.627712	0.123325	0.00687798	0.000172327	2.4491e-06	2.27002e-08	1.50391e-10	7.5921e-13	3.06007e-15	1.02009e-17	2.89038e-20	7.11371e-23	1.5476e-25	3.01908e-28	5.34464e-31	8.6725e-34	1.30091e-36	1.81715e-39	2.37855e-42	2.93353e-45	3.42538e-48	3.80279e-51	4.029e-54	4.08732e-57	3.98218e-60	3.73599e-63	3.38329e-66	2.96393e-69	2.51681e-72	2.07525e-75	1.66434e-78	1.30023e-81	9.90836e-85	7.37468e-88	5.36725e-91	3.82393e-94	2.67623e-97	2.38291e-100	
N50	1.35419e-27	5.29412e-22	3.63767e-17	6.30674e-13	3.09349e-09	4.27752e-06	0.00149941	0.10404	0.8276	0.0657081	0.00114044	8.10028e-06	3.13186e-08	7.74322e-11	1.35549e-13	1.80061e-16	1.90739e-19	1.67181e-22	1.24726e-25	8.0984e-29	4.6585e-32	2.40877e-35	1.13306e-38	4.89742e-42	1.96165e-45	7.33423e-49	2.57554e-52	8.54099e-56	2.68732e-59	8.05561e-63	2.30905e-66	6.3494e-70	1.67979e-73	4.28669e-77	1.05767e-80	2.52842e-84	5.86746e-88	1.32404e-91	2.90998e-95	6.23793e-99	1.30594e-102	2.67344e-106	5.35747e-110	1.05206e-113	2.02771e-117	4.555e-121	
L_alpinum	0	0	0	0	0	0	0	0	1	0	0	0	0	0	0	0	0	0	0	0	0	0	0	0	0	0	0	0	0	0	0	0	0	0	0	0	0	0	0	0	0	0	0	0	0	0	
L_punctatum1	0	0	0	0	0	0	0	0	1	0	0	0	0	0	0	0	0	0	0	0	0	0	0	0	0	0	0	0	0	0	0	0	0	0	0	0	0	0	0	0	0	0	0	0	0	0	
L_perenne	0	0	0	0	0	0	0	0	1	0	0	0	0	0	0	0	0	0	0	0	0	0	0	0	0	0	0	0	0	0	0	0	0	0	0	0	0	0	0	0	0	0	0	0	0	0	
L_lewisii	0	0	0	0	0	0	0	0	1	0	0	0	0	0	0	0	0	0	0	0	0	0	0	0	0	0	0	0	0	0	0	0	0	0	0	0	0	0	0	0	0	0	0	0	0	0	
L_leonii	0	0	0	0	0	0	0	0	1	0	0	0	0	0	0	0	0	0	0	0	0	0	0	0	0	0	0	0	0	0	0	0	0	0	0	0	0	0	0	0	0	0	0	0	0	0	
N51	3.85361e-15	2.10923e-11	2.0964e-08	5.53557e-06	0.000450402	0.0119959	0.106859	0.324547	0.355599	0.159661	0.0357595	0.00469085	0.000405002	2.50332e-05	1.17811e-06	4.421e-08	1.37055e-09	3.60855e-11	8.24913e-13	1.66674e-14	3.02041e-16	4.96912e-18	7.49794e-20	1.04667e-21	1.36175e-23	1.66179e-25	1.91272e-27	2.08654e-29	2.16647e-31	2.14912e-33	2.04364e-35	1.86844e-37	1.64682e-39	1.40266e-41	1.15702e-43	9.26118e-46	7.20621e-48	5.45975e-50	4.03378e-52	2.91017e-54	2.05277e-56	1.41737e-58	9.59004e-61	6.36943e-63	4.23606e-65	4.50835e-67	
L_austr_mauritanicum	0	0	0	0	0	0	0	0	1	0	0	0	0	0	0	0	0	0	0	0	0	0	0	0	0	0	0	0	0	0	0	0	0	0	0	0	0	0	0	0	0	0	0	0	0	0	
L_austriacum	0	0	0	0	0	0	0	0	1	0	0	0	0	0	0	0	0	0	0	0	0	0	0	0	0	0	0	0	0	0	0	0	0	0	0	0	0	0	0	0	0	0	0	0	0	0	
L_pallescens	0	0	0	0	0	0	0	0	1	0	0	0	0	0	0	0	0	0	0	0	0	0	0	0	0	0	0	0	0	0	0	0	0	0	0	0	0	0	0	0	0	0	0	0	0	0	
L_pycnophyllum	0	0	0	0	0	0	0	0	1	0	0	0	0	0	0	0	0	0	0	0	0	0	0	0	0	0	0	0	0	0	0	0	0	0	0	0	0	0	0	0	0	0	0	0	0	0	
N52	1.3248e-15	5.27789e-13	6.8655e-11	4.1789e-09	1.39938e-07	2.83236e-06	3.68665e-05	0.00032258	0.00196266	0.00853355	0.0271428	0.0645077	0.116865	0.164558	0.183585	0.165344	0.122423	0.075819	0.0399172	0.0181343	0.00720627	0.00253591	0.000799029	0.000227656	5.91699e-05	1.41392e-05	3.12808e-06	6.44696e-07	1.2447e-07	2.26234e-08	3.88838e-09	6.34504e-10	9.86559e-11	1.46643e-11	2.09003e-12	2.86432e-13	3.78475e-14	4.83493e-15	5.98959e-16	7.22251e-17	8.52182e-18	9.91748e-19	1.15364e-19	1.37822e-20	1.84912e-21	4.18562e-22	
L_aroanium1	0	0	0	0	0	0	0	0	0	0	0	0	0	0	0	0	0	1	0	0	0	0	0	0	0	0	0	0	0	0	0	0	0	0	0	0	0	0	0	0	0	0	0	0	0	0	
L_nervosum	0	0	0	0	0	0	0	0	0	0	0	0	0	0	1	0	0	0	0	0	0	0	0	0	0	0	0	0	0	0	0	0	0	0	0	0	0	0	0	0	0	0	0	0	0	0	
N53	0.000103795	0.00136461	0.00746981	0.024245	0.054584	0.0932256	0.127965	0.14693	0.145296	0.126503	0.0986514	0.069856	0.0454174	0.0273611	0.0153909	0.00813623	0.0040646	0.00192805	0.000872028	0.000377425	0.000156824	6.27346e-05	2.42224e-05	9.04751e-06	3.27588e-06	1.1519e-06	3.94021e-07	1.31311e-07	4.26938e-08	1.35602e-08	4.21225e-09	1.28109e-09	3.81853e-10	1.11654e-10	3.20551e-11	9.04359e-12	2.50954e-12	6.8567e-13	1.84734e-13	4.92068e-14	1.30282e-14	3.47027e-15	9.56192e-16	2.90073e-16	1.09885e-16	6.32461e-17	
N54	1.4804e-05	0.000280608	0.00208556	0.00882692	0.0251433	0.0530469	0.0881861	0.120595	0.139993	0.141286	0.126298	0.101497	0.0742221	0.0498863	0.0310771	0.0180717	0.00986959	0.00508893	0.00248869	0.00115898	0.000515801	0.000220068	9.02651e-05	3.56834e-05	1.36264e-05	5.03678e-06	1.80549e-06	6.287e-07	2.12996e-07	7.0307e-08	2.2641e-08	7.12178e-09	2.19065e-09	6.59657e-10	1.94663e-10	5.63561e-11	1.6026e-11	4.48355e-12	1.23689e-12	3.37763e-13	9.19258e-14	2.52577e-14	7.18288e-15	2.22208e-15	8.29143e-16	4.57036e-16	
N55	6.86258e-09	4.04895e-07	8.23158e-06	8.57567e-05	0.000550136	0.00242184	0.00786138	0.0198037	0.0402233	0.0678468	0.0972958	0.120904	0.13225	0.129022	0.113523	0.0909483	0.0668907	0.045489	0.0287832	0.0170399	0.00948448	0.00498516	0.00248405	0.00117756	0.000532753	0.000230693	9.58617e-05	3.83168e-05	1.47644e-05	5.49523e-06	1.97925e-06	6.91027e-07	2.34233e-07	7.71959e-08	2.47701e-08	7.74861e-09	2.36623e-09	7.06427e-10	2.06579e-10	5.93518e-11	1.68513e-11	4.78681e-12	1.3984e-12	4.46401e-13	1.75885e-13	1.03464e-13	
N56	6.86635e-33	1.80528e-28	1.2823e-24	3.66065e-21	5.01458e-18	3.63262e-15	1.47211e-12	3.44105e-10	4.69289e-08	3.71317e-06	0.00016643	0.00403174	0.0486839	0.255404	0.458334	0.195063	0.0346516	0.00342869	0.000221674	1.03327e-05	3.70801e-07	1.07315e-08	2.59217e-10	5.36436e-12	9.70834e-14	1.56204e-15	2.26462e-17	2.9915e-19	3.63439e-21	4.09325e-23	4.30284e-25	4.24666e-27	3.95525e-29	3.49216e-31	2.9346e-33	2.35561e-35	1.81215e-37	1.3403e-39	9.56185e-42	6.60477e-44	4.43965e-46	2.92661e-48	1.91581e-50	1.27057e-52	8.79376e-55	7.7755e-57	
L_bienne	0	0	0	0	0	0	0	0	0	0	0	0	0	0	1	0	0	0	0	0	0	0	0	0	0	0	0	0	0	0	0	0	0	0	0	0	0	0	0	0	0	0	0	0	0	0	
L_usitatissimum	0	0	0	0	0	0	0	0	0	0	0	0	0	0	1	0	0	0	0	0	0	0	0	0	0	0	0	0	0	0	0	0	0	0	0	0	0	0	0	0	0	0	0	0	0	0	
L_hologynum	0	0	0	0	0	0	0	0	0	0	0	0	0	0	0	0	0	0	0	0	1	0	0	0	0	0	0	0	0	0	0	0	0	0	0	0	0	0	0	0	0	0	0	0	0	0	
L_narbonense	0	0	0	0	0	0	0	0	0	0	0	0	0	1	0	0	0	0	0	0	0	0	0	0	0	0	0	0	0	0	0	0	0	0	0	0	0	0	0	0	0	0	0	0	0	0	
N57	3.06461e-05	0.000754669	0.00630817	0.0268031	0.0700645	0.126365	0.169808	0.17961	0.15577	0.11429	0.0727019	0.0408869	0.0206537	0.00949343	0.0040137	0.00157502	0.000578059	0.000199728	6.53317e-05	2.03303e-05	6.04418e-06	1.72314e-06	4.72628e-07	1.25081e-07	3.20231e-08	7.94946e-09	1.91741e-09	4.502e-10	1.03073e-10	2.30463e-11	5.03937e-12	1.07901e-12	2.26496e-13	4.66601e-14	9.44322e-15	1.87933e-15	3.68137e-16	7.10555e-17	1.35315e-17	2.54766e-18	4.75983e-19	8.89392e-20	1.69296e-20	3.44391e-21	8.53585e-22	3.5302e-22	
L_decumbens1	0	0	0	0	0	0	0	0	1	0	0	0	0	0	0	0	0	0	0	0	0	0	0	0	0	0	0	0	0	0	0	0	0	0	0	0	0	0	0	0	0	0	0	0	0	0	
L_grandiflorum	0	0	0	0	0	0	0	1	0	0	0	0	0	0	0	0	0	0	0	0	0	0	0	0	0	0	0	0	0	0	0	0	0	0	0	0	0	0	0	0	0	0	0	0	0	0	
L_stelleroides	0	0	0	0	0	0	0	0	1	0	0	0	0	0	0	0	0	0	0	0	0	0	0	0	0	0	0	0	0	0	0	0	0	0	0	0	0	0	0	0	0	0	0	0	0	0	
N58	0.00206573	0.0174313	0.0600435	0.121718	0.171388	0.184351	0.160986	0.118989	0.0767	0.0440886	0.0229884	0.0110194	0.00490823	0.00204924	0.000807771	0.000302427	0.000108093	3.70428e-05	1.22168e-05	3.89016e-06	1.1994e-06	3.5894e-07	1.04496e-07	2.96516e-08	8.21533e-09	2.22593e-09	5.9064e-10	1.5368e-10	3.92555e-11	9.8547e-12	2.43377e-12	5.91859e-13	1.41859e-13	3.35425e-14	7.83162e-15	1.80761e-15	4.12984e-16	9.3563e-17	2.10713e-17	4.73466e-18	1.06758e-18	2.43895e-19	5.74672e-20	1.4507e-20	4.32072e-21	1.95991e-21	
N59	0.000162458	0.00352412	0.0243857	0.0813315	0.160091	0.21081	0.202244	0.150256	0.0904418	0.0456431	0.0198332	0.00757788	0.00258917	0.000802049	0.000227819	5.99017e-05	1.46964e-05	3.38727e-06	7.37714e-07	1.52584e-07	3.01036e-08	5.68694e-09	1.03219e-09	1.80533e-10	3.05093e-11	4.99363e-12	7.93301e-13	1.22555e-13	1.84441e-14	2.70831e-15	3.88579e-16	5.45472e-17	7.50066e-18	1.01144e-18	1.33888e-19	1.74143e-20	2.22753e-21	2.80449e-22	3.47837e-23	4.25443e-24	5.1407e-25	6.16256e-26	7.42136e-27	9.34692e-28	1.40716e-28	3.83129e-29	
N60	8.75585e-06	0.000476714	0.00680512	0.0397759	0.118698	0.20817	0.237496	0.190557	0.114332	0.0538496	0.0206931	0.00669047	0.00186552	0.000457658	0.00010041	1.9969e-05	3.6405e-06	6.1416e-07	9.66473e-08	1.42839e-08	1.99435e-09	2.64399e-10	3.34307e-11	4.04708e-12	4.7069e-13	5.27523e-14	5.71256e-15	5.99168e-16	6.10006e-17	6.03994e-18	5.82651e-19	5.48472e-20	5.04547e-21	4.54177e-22	4.00545e-23	3.46468e-24	2.94241e-25	2.45575e-26	2.01597e-27	1.62915e-28	1.29717e-29	1.01908e-30	7.93721e-32	6.2762e-33	5.70605e-34	1.01965e-34	
L_hirsutum	0	0	0	0	0	0	0	1	0	0	0	0	0	0	0	0	0	0	0	0	0	0	0	0	0	0	0	0	0	0	0	0	0	0	0	0	0	0	0	0	0	0	0	0	0	0	
L_seljukorum	0	0	0	0	0	0	0	1	0	0	0	0	0	0	0	0	0	0	0	0	0	0	0	0	0	0	0	0	0	0	0	0	0	0	0	0	0	0	0	0	0	0	0	0	0	0	
L_viscosum	0	0	0	0	0	0	0	1	0	0	0	0	0	0	0	0	0	0	0	0	0	0	0	0	0	0	0	0	0	0	0	0	0	0	0	0	0	0	0	0	0	0	0	0	0	0	
L_pubescens	0	0	0	0	0	0	0	1	0	0	0	0	0	0	0	0	0	0	0	0	0	0	0	0	0	0	0	0	0	0	0	0	0	0	0	0	0	0	0	0	0	0	0	0	0	0	
Re_indica	0	0	0	0	0	0	0	0	0	0	1	0	0	0	0	0	0	0	0	0	0	0	0	0	0	0	0	0	0	0	0	0	0	0	0	0	0	0	0	0	0	0	0	0	0	0	
