NODE	1	2	3	4	5	6	7	8	9	10	11	12	13	14	15	16	17	18	19	20	21	22	23	24	25	26	27	28	29	30	31	32	33	34	35	36	37	38	39	40	41	42	43	44	45	46	
N1	0.0734779	0.0837414	0.0907164	0.093929	0.0933801	0.0894726	0.0828885	0.0744479	0.0649814	0.0552328	0.0457995	0.0371088	0.0294214	0.0228546	0.0174145	0.0130294	0.00958135	0.00693094	0.00493587	0.00346305	0.00239533	0.00163439	0.00110072	0.000732089	0.000481094	0.000312522	0.000200773	0.00012761	8.02775e-05	5.00026e-05	3.08492e-05	1.88584e-05	1.14272e-05	6.86614e-06	4.09271e-06	2.42129e-06	1.42261e-06	8.30769e-07	4.82778e-07	2.79712e-07	1.62102e-07	9.45344e-08	5.61218e-08	3.46851e-08	2.32741e-08	1.81965e-08	
N2	0.021906	0.0536037	0.0801416	0.0966011	0.103748	0.103615	0.0981084	0.0889118	0.077542	0.0653196	0.0532997	0.0422297	0.0325552	0.0244636	0.0179482	0.0128749	0.00904179	0.00622388	0.00420364	0.00278849	0.00181834	0.00116654	0.000736829	0.000458541	0.000281329	0.000170268	0.000101714	6.00052e-05	3.49763e-05	2.01533e-05	1.14845e-05	6.47553e-06	3.61453e-06	1.99832e-06	1.09488e-06	5.94893e-07	3.20787e-07	1.71834e-07	9.15483e-08	4.85937e-08	2.57654e-08	1.37064e-08	7.37233e-09	4.0658e-09	2.3557e-09	1.49019e-09	
N3	1.21585e-05	0.000196325	0.00140042	0.00603281	0.0180116	0.0403907	0.0717742	0.105027	0.13027	0.140079	0.132948	0.113009	0.0870768	0.0614372	0.0400317	0.0242654	0.0137691	0.00735398	0.00371456	0.00178187	0.000814769	0.000356298	0.000149446	6.02834e-05	2.34413e-05	8.80581e-06	3.20192e-06	1.12896e-06	3.86613e-07	1.28783e-07	4.17851e-08	1.32227e-08	4.08578e-09	1.23415e-09	3.64809e-10	1.05636e-10	2.99951e-11	8.36072e-12	2.29032e-12	6.1748e-13	1.64164e-13	4.31859e-14	1.13258e-14	3.02245e-15	8.74538e-16	3.31828e-16	
N4	2.64757e-06	6.48568e-05	0.000652942	0.00371538	0.0137974	0.0364585	0.0727331	0.114427	0.146806	0.157728	0.144998	0.116084	0.0821388	0.0520098	0.029784	0.0155665	0.00748392	0.00333256	0.00138277	0.00053747	0.000196623	6.79853e-05	2.23011e-05	6.96363e-06	2.07619e-06	5.92677e-07	1.62398e-07	4.28101e-08	1.08799e-08	2.67084e-09	6.34426e-10	1.4606e-10	3.26402e-11	7.09004e-12	1.49893e-12	3.08802e-13	6.20639e-14	1.21827e-14	2.3383e-15	4.39451e-16	8.104e-17	1.47254e-17	2.66194e-18	4.90851e-19	9.9303e-20	2.80844e-20	
N5	3.85335e-07	1.46641e-05	0.000212268	0.00162859	0.00772365	0.0248786	0.0581063	0.103305	0.145167	0.16615	0.158715	0.129117	0.0909767	0.0563203	0.0310091	0.0153452	0.00688772	0.00282658	0.001068	0.000373846	0.000121903	3.72107e-05	1.06797e-05	2.89342e-06	7.42631e-07	1.81155e-07	4.21237e-08	9.36192e-09	1.99358e-09	4.07675e-10	8.02243e-11	1.52209e-11	2.78922e-12	4.94478e-13	8.4936e-14	1.41557e-14	2.29212e-15	3.61034e-16	5.5383e-17	8.28377e-18	1.20974e-18	1.72886e-19	2.4333e-20	3.45285e-21	5.4164e-22	1.29598e-22	
N6	6.62037e-08	3.39212e-06	6.44507e-05	0.00063184	0.00372534	0.0145199	0.0399827	0.0817906	0.129319	0.163194	0.168793	0.146308	0.108296	0.0695606	0.0393109	0.019781	0.00895541	0.00368107	0.00138481	0.000480186	0.000154438	4.63297e-05	1.30287e-05	3.45016e-06	8.63839e-07	2.05249e-07	4.64337e-08	1.00325e-08	2.07591e-09	4.12421e-10	7.88521e-11	1.45398e-11	2.59078e-12	4.46916e-13	7.47607e-14	1.21466e-14	1.91952e-15	2.95448e-16	4.43471e-17	6.49945e-18	9.31314e-19	1.30756e-19	1.8096e-20	2.52601e-21	3.9019e-22	9.24498e-23	
N7	2.35022e-18	1.01268e-14	1.33022e-11	7.02662e-09	1.62854e-06	0.000166981	0.00717308	0.112693	0.487117	0.321019	0.0601455	0.00852539	0.00223891	0.000698779	0.000182987	3.30643e-05	3.85828e-06	2.96807e-07	1.59491e-08	6.34168e-10	1.95717e-11	4.8696e-13	1.00661e-14	1.77085e-16	2.70351e-18	3.63963e-20	4.37882e-22	4.76101e-24	4.72305e-26	4.31003e-28	3.64372e-30	2.87142e-32	2.12073e-34	1.47499e-36	9.70171e-39	6.05774e-41	3.60291e-43	2.04745e-45	1.11485e-47	5.83211e-50	2.93935e-52	1.43223e-54	6.7865e-57	3.16617e-59	1.49822e-61	8.68028e-64	
L_corymbiferum	0	0	0	0	0	0	0	0	0.98594	0	0	0	0	0	0.01406	0	0	0	0	0	0	0	0	0	0	0	0	0	0	0	0	0	0	0	0	0	0	0	0	0	0	0	0	0	0	0	
N8	6.01073e-24	2.66088e-19	3.02757e-15	1.15604e-11	1.59521e-08	7.8797e-06	0.00128695	0.0584555	0.520405	0.379015	0.038029	0.00215199	0.000366135	0.000205216	6.78687e-05	8.68595e-06	4.59961e-07	1.26633e-08	2.12238e-10	2.40593e-12	1.98505e-14	1.2573e-16	6.36383e-19	2.65538e-21	9.36241e-24	2.84566e-26	7.57968e-29	1.7937e-31	3.8151e-34	7.3656e-37	1.30181e-39	2.12194e-42	3.21041e-45	4.53415e-48	6.00785e-51	7.50188e-54	8.86307e-57	9.943e-60	1.06261e-62	1.08499e-65	1.06126e-68	9.96825e-72	9.01106e-75	7.85571e-78	6.63073e-81	6.69367e-84	
L_gallicum	0	0	0	0	0	0	0	0	0	1	0	0	0	0	0	0	0	0	0	0	0	0	0	0	0	0	0	0	0	0	0	0	0	0	0	0	0	0	0	0	0	0	0	0	0	0	
L_strictum	0	0	0	0	0	0	0	0	0.998915	0	0	0	0	0	0.000800183	0.000284825	0	0	0	0	0	0	0	0	0	0	0	0	0	0	0	0	0	0	0	0	0	0	0	0	0	0	0	0	0	0	
N9	2.85016e-12	5.51875e-10	3.74925e-08	1.24419e-06	2.33963e-05	0.000270582	0.00202005	0.0100611	0.0344057	0.0831751	0.146387	0.192822	0.194881	0.154511	0.0980258	0.0506689	0.0216973	0.00781794	0.00240508	0.000640333	0.0001494	3.0898e-05	5.72321e-06	9.58368e-07	1.46299e-07	2.05128e-08	2.65944e-09	3.20732e-10	3.61756e-11	3.83446e-12	3.83612e-13	3.63644e-14	3.27787e-15	2.81856e-16	2.31873e-17	1.82981e-18	1.38852e-19	1.01542e-20	7.1711e-22	4.90001e-23	3.24559e-24	2.08842e-25	1.3106e-26	8.1261e-28	5.31447e-29	5.45502e-30	
L_setaceum	0	0	0	0	0	0	0	0	1	0	0	0	0	0	0	0	0	0	0	0	0	0	0	0	0	0	0	0	0	0	0	0	0	0	0	0	0	0	0	0	0	0	0	0	0	0	
N10	4.20816e-25	3.57338e-21	9.06162e-18	9.27584e-15	4.3161e-12	9.59745e-10	1.02381e-07	4.99606e-06	9.73719e-05	0.0005462	0.00147374	0.00230295	0.00245621	0.00476957	0.0307028	0.145535	0.339119	0.330968	0.119341	0.0205066	0.00203801	0.000133016	6.21122e-06	2.20438e-07	6.23175e-09	1.55446e-10	8.75188e-12	2.53049e-12	8.44333e-13	2.32651e-13	5.18548e-14	9.27716e-15	1.3194e-15	1.47442e-16	1.27959e-17	8.56082e-19	4.4326e-20	1.81089e-21	5.98943e-23	1.64497e-24	3.83665e-26	7.74557e-28	1.3759e-29	2.18798e-31	3.26191e-33	6.66271e-35	
L_suffruticosum1	0	0	0	0	0	0	0	0	0	0	0	0	0	0	0	0	0	1	0	0	0	0	0	0	0	0	0	0	0	0	0	0	0	0	0	1.17158e-10	0	0	0	0	0	0	0	0	0	0	
L_tenuifolium1	0	0	0	0	0	0	0	0.000139311	0.00876282	0	0	0	0	0	0	0	0	0.991098	0	0	0	0	0	0	0	0	0	0	0	0	0	0	0	0	0	0	0	0	0	0	0	0	0	0	0	0	
N11	3.75377e-08	2.22888e-06	4.76821e-05	0.000513672	0.00326079	0.0134501	0.0386268	0.0813774	0.131057	0.16682	0.172512	0.148312	0.108089	0.0678975	0.0372911	0.0181304	0.00788755	0.00309958	0.00110942	0.000364335	0.000110497	3.11286e-05	8.18817e-06	2.02048e-06	4.69665e-07	1.03237e-07	2.15326e-08	4.27493e-09	8.10164e-10	1.46948e-10	2.55708e-11	4.27828e-12	6.89636e-13	1.07302e-13	1.61432e-14	2.35213e-15	3.32405e-16	4.56263e-17	6.0907e-18	7.91706e-19	1.0034e-19	1.24229e-20	1.51018e-21	1.83976e-22	2.45756e-23	5.11264e-24	
N12	3.48721e-16	2.17918e-13	4.58972e-11	4.45228e-09	2.27557e-07	6.60865e-06	0.000114391	0.00121894	0.00818539	0.0352827	0.0992637	0.185547	0.235435	0.20827	0.132547	0.062766	0.0228555	0.00659602	0.00154946	0.000303191	5.04077e-05	7.24269e-06	9.12552e-07	1.02099e-07	1.02544e-08	9.3331e-10	7.76163e-11	5.94073e-12	4.21179e-13	2.78162e-14	1.72001e-15	1.0003e-16	5.4936e-18	2.85961e-19	1.41552e-20	6.68327e-22	3.018e-23	1.30674e-24	5.43756e-26	2.17917e-27	8.42882e-29	3.15425e-30	1.147e-31	4.10534e-33	1.5282e-34	8.39163e-36	
N13	2.54603e-21	8.27866e-18	8.0356e-15	3.184e-12	5.89986e-10	5.52201e-08	2.74155e-06	7.46043e-05	0.00113807	0.0098876	0.0495247	0.1447	0.2505	0.263355	0.174588	0.0766052	0.0233989	0.00521216	0.000881563	0.00011715	1.25876e-05	1.12029e-06	8.42816e-08	5.45316e-09	3.07948e-10	1.53718e-11	6.8573e-13	2.76003e-14	1.01074e-15	3.3926e-17	1.05058e-18	3.0189e-20	8.09182e-22	2.03255e-23	4.80461e-25	1.07286e-26	2.27083e-28	4.57034e-30	8.77147e-32	1.6095e-33	2.8304e-35	4.78086e-37	7.77314e-39	1.22087e-40	1.90519e-42	4.45762e-44	
N14	5.00735e-31	1.25925e-26	9.68699e-23	3.08278e-19	4.59376e-16	3.41611e-13	1.31085e-10	2.63157e-08	2.75797e-06	0.000148173	0.00392903	0.0481413	0.244357	0.431987	0.218898	0.0467575	0.00537406	0.000385672	1.90467e-05	6.92615e-07	1.94852e-08	4.40304e-10	8.22956e-12	1.30247e-13	1.77925e-15	2.13143e-17	2.26911e-19	2.17118e-21	1.88541e-23	1.49839e-25	1.09781e-27	7.46277e-30	4.73369e-32	2.81585e-34	1.57788e-36	8.3626e-39	4.20706e-41	2.0156e-43	9.22371e-46	4.04251e-48	1.70102e-50	6.88745e-53	2.68929e-55	1.01578e-57	3.7773e-60	1.87482e-62	
L_album	0	0	0	0	0	0	0	0	0	0	0	0	0	1	0	0	0	0	0	0	0	0	0	0	0	0	0	0	0	0	0	0	0	0	0	0	0	0	0	0	0	0	0	0	0	0	
L_mucronatum1	0	0	0	0	0	0	0	0	0	0	0	0	0	1	0	0	0	0	0	0	0	0	0	0	0	0	0	0	0	0	0	0	0	0	0	0	0	0	0	0	0	0	0	0	0	0	
N15	7.94152e-33	3.42835e-28	4.37564e-24	2.22802e-20	5.11188e-17	5.62122e-14	3.05821e-11	8.33654e-09	1.13582e-06	7.60187e-05	0.00241334	0.0342523	0.197784	0.406377	0.274887	0.0736962	0.00973595	0.000739881	3.60189e-05	1.21377e-06	2.99978e-08	5.68476e-10	8.55531e-12	1.05177e-13	1.08093e-15	9.46678e-18	7.18027e-20	4.78155e-22	2.82874e-24	1.50187e-26	7.22004e-29	3.16732e-31	1.27664e-33	4.75683e-36	1.64739e-38	5.32863e-41	1.61688e-43	4.62057e-46	1.24803e-48	3.19652e-51	7.7865e-54	1.80883e-56	4.0173e-59	8.55501e-62	1.77416e-64	4.82552e-67	
N16	3.78903e-40	1.33104e-34	1.23651e-29	4.04102e-25	5.1746e-21	2.73263e-17	6.13605e-14	6.03308e-11	2.68955e-08	5.52657e-06	0.00049452	0.0165918	0.172419	0.459543	0.291132	0.0554794	0.00417884	0.000152274	3.09447e-06	3.8843e-08	3.2492e-10	1.9198e-12	8.38811e-15	2.8121e-17	7.45586e-20	1.60324e-22	2.85591e-25	4.29114e-28	5.52353e-31	6.17314e-34	6.0607e-37	5.28112e-40	4.12147e-43	2.90397e-46	1.86061e-49	1.09101e-52	5.88868e-56	2.9409e-59	1.3654e-62	5.91856e-66	2.40459e-69	9.18933e-73	3.31405e-76	1.13128e-79	3.66812e-83	1.32313e-86	
N17	1.86169e-36	2.8751e-31	1.24639e-26	2.01111e-22	1.33124e-18	3.71406e-15	4.28595e-12	1.92253e-09	3.02094e-07	1.62611e-05	0.000598708	0.0166278	0.177855	0.478401	0.276061	0.0471024	0.00322438	0.000109834	2.16006e-06	2.72471e-08	2.3807e-10	1.52675e-12	7.51529e-15	2.94166e-17	9.42037e-20	2.52627e-22	5.78378e-25	1.14896e-27	2.00785e-30	3.12326e-33	4.36869e-36	5.54377e-39	6.43189e-42	6.8694e-45	6.79479e-48	6.25826e-51	5.39321e-54	4.36759e-57	3.33684e-60	2.41362e-63	1.65821e-66	1.08523e-69	6.78392e-73	4.06064e-76	2.33707e-79	1.56822e-82	
N18	1.25746e-39	2.3835e-34	1.31616e-29	2.83395e-25	2.66155e-21	1.14825e-17	2.33402e-14	2.27487e-11	1.08657e-08	2.57138e-06	0.00028363	0.0122953	0.165049	0.509918	0.270125	0.0399027	0.0023535	6.98666e-05	1.21671e-06	1.38181e-08	1.10448e-10	6.57626e-13	3.04677e-15	1.13657e-17	3.50883e-20	9.1672e-23	2.06464e-25	4.07101e-28	7.1203e-31	1.1171e-33	1.58736e-36	2.06011e-39	2.45989e-42	2.71992e-45	2.80086e-48	2.69978e-51	2.44703e-54	2.09408e-57	1.6982e-60	1.30939e-63	9.6281e-67	6.77019e-70	4.56393e-73	2.95635e-76	1.84651e-79	1.34717e-82	
L_arboreum	0	0	0	0	0	0	0	0	0	0	0	0	0	1	0	0	0	0	0	0	0	0	0	0	0	0	0	0	0	0	0	0	0	0	0	0	0	0	0	0	0	0	0	0	0	0	
L_elegans	0	0	0	0	0	0	0	0	0	0	0	0	0	0.714364	0.285636	0	0	0	0	0	0	0	0	0	0	0	0	0	0	0	0	0	0	0	0	0	0	0	0	0	0	0	0	0	0	0	
L_campanulatum	0	0	0	0	0	0	0	0	0.00463695	0	0	0	0	0.995363	0	0	0	0	0	0	0	0	0	0	0	0	0	0	0	0	0	0	0	0	0	0	0	0	0	0	0	0	0	0	0	0	
N19	5.07378e-39	1.35489e-33	9.97255e-29	2.68183e-24	2.90672e-20	1.30905e-16	2.42791e-13	1.79059e-10	5.09297e-08	6.12354e-06	0.000412114	0.0136782	0.155416	0.456693	0.308047	0.0607041	0.00484193	0.00019674	4.65552e-06	6.95258e-08	6.95056e-10	4.88903e-12	2.52688e-14	9.96164e-17	3.09232e-19	7.76534e-22	1.61393e-24	2.83071e-27	4.26e-30	5.57988e-33	6.44029e-36	6.6209e-39	6.11988e-42	5.12834e-45	3.92463e-48	2.76078e-51	1.79556e-54	1.08534e-57	6.12575e-61	3.24209e-64	1.6152e-67	7.60114e-71	3.38973e-74	1.43672e-77	5.81899e-81	2.70971e-84	
L_capitatum	0	0	0	0	0	0	0	0	0	0	0	0.0596186	0	0.898684	0	0	0.0416973	0	0	0	0	0	0	0	0	0	0	0	0	0	0	0	0	0	0	0	0	0	0	0	0	0	0	0	0	0	
N20	5.25303e-36	7.20103e-31	2.79413e-26	4.07163e-22	2.45734e-18	6.31239e-15	6.76779e-12	2.83234e-09	4.07646e-07	1.78042e-05	0.000478386	0.0118859	0.137849	0.441949	0.330448	0.0710706	0.00603935	0.000255256	6.25963e-06	9.89712e-08	1.08785e-09	8.79224e-12	5.45627e-14	2.69076e-16	1.08424e-18	3.65273e-21	1.04877e-23	2.60826e-26	5.6969e-29	1.10589e-31	1.92773e-34	3.04477e-37	4.39201e-40	5.82642e-43	7.15246e-46	8.16991e-49	8.72627e-52	8.75417e-55	8.28156e-58	7.41463e-61	6.3034e-64	5.10347e-67	3.94592e-70	2.92095e-73	2.08053e-76	1.76634e-79	
L_gyaricum	0	0	0	0	0	0	0	0	0	0	0	0	0	0	1	0	0	0	0	0	0	0	0	0	0	0	0	0	0	0	0	0	0	0	0	0	0	0	0	0	0	0	0	0	0	0	
L_tauricum	0	0	0	0	0	0	0	0	0.00505408	0	0	0	0	0.994946	0	0	0	0	0	0	0	0	0	0	0	0	0	0	0	0	0	0	0	0	0	0	0	0	0	0	0	0	0	0	0	0	
L_flavum	0	0	0	0	0	0	0	0	0	0	0	0	0	0.532645	0.467355	0	0	0	0	0	0	0	0	0	0	0	0	0	0	0	0	0	0	0	0	0	0	0	0	0	0	0	0	0	0	0	
L_nodiflorum	0	0	0	0	0	0	0	0	0	0	0	0.136087	0.863913	0	0	0	0	0	0	0	0	0	0	0	0	0	0	0	0	0	0	0	0	0	0	0	0	0	0	0	0	0	0	0	0	0	
N21	7.809e-09	7.97607e-07	2.7263e-05	0.000431174	0.00366436	0.0183877	0.058424	0.124475	0.186878	0.206571	0.174735	0.116971	0.0637857	0.0290445	0.011279	0.00380347	0.00113111	0.000300623	7.22301e-05	1.58463e-05	3.20205e-06	6.00522e-07	1.0523e-07	1.73309e-08	2.69678e-09	3.98306e-10	5.60679e-11	7.54939e-12	9.75455e-13	1.21293e-13	1.45509e-14	1.68787e-15	1.89685e-16	2.06882e-17	2.19319e-18	2.26299e-19	2.27542e-20	2.23194e-21	2.13779e-22	2.00125e-23	1.83273e-24	1.6442e-25	1.45036e-26	1.27755e-27	1.21455e-28	1.82734e-29	
N22	6.90983e-14	6.24465e-11	1.67735e-08	1.80544e-06	8.74773e-05	0.00200644	0.0220809	0.115279	0.27926	0.314748	0.181487	0.0636792	0.0165113	0.00380754	0.000840878	0.000171567	3.19924e-05	5.65178e-06	9.54357e-07	1.47539e-07	1.98817e-08	2.28005e-09	2.22059e-10	1.85285e-11	1.34131e-12	8.53504e-14	4.83248e-15	2.46141e-16	1.13881e-17	4.82677e-19	1.88814e-20	6.86156e-22	2.32985e-23	7.4296e-25	2.23514e-26	6.36945e-28	1.72558e-29	4.45881e-31	1.10214e-32	2.61305e-34	5.95697e-36	1.30895e-37	2.7811e-39	5.76076e-41	1.21331e-42	3.77544e-44	
N23	5.17317e-27	4.15268e-22	8.952e-18	6.83435e-14	2.02019e-10	2.34277e-07	0.000101729	0.0145053	0.483996	0.480811	0.0202749	0.000307685	2.50427e-06	1.32992e-08	5.20147e-11	1.62485e-13	4.28056e-16	9.84854e-19	2.02079e-21	3.73949e-24	6.27186e-27	9.55037e-30	1.32138e-32	1.6633e-35	1.9091e-38	2.00455e-41	1.93309e-44	1.71963e-47	1.41749e-50	1.08755e-53	7.80004e-57	5.25089e-60	3.33056e-63	1.9975e-66	1.13649e-69	6.15259e-73	3.17813e-76	1.5704e-79	7.44024e-83	3.38716e-86	1.48462e-89	6.27647e-93	2.564e-96	1.01508e-99	3.96129e-103	1.8675e-106	
L_corymbulosum	0	0	0	0	0	0	0	0	1	0	0	0	0	0	0	0	0	0	0	0	0	0	0	0	0	0	0	0	0	0	0	0	0	0	0	0	0	0	0	0	0	0	0	0	0	0	
L_trigynum	0	0	0	0	0	0	0	0	0	1	0	0	0	0	0	0	0	0	0	0	0	0	0	0	0	0	0	0	0	0	0	0	0	0	0	0	0	0	0	0	0	0	0	0	0	0	
L_tenue1	0	0	0	0	0	0	0	0	0	0.976778	0	0	0	0	0.0229187	0	0	0	0	0.000303211	0	0	0	0	0	0	0	0	0	0	0	0	0	0	0	0	0	0	0	0	0	0	0	0	0	0	
L_maritimum	0	0	0	0	0	0	0	0	0.190095	0.809905	0	0	0	0	0	0	0	0	0	0	0	0	0	0	0	0	0	0	0	0	0	0	0	0	0	0	0	0	0	0	0	0	0	0	0	0	
L_catharticum	0	0	0	0	0	0	0	1	0	0	0	0	0	0	0	0	0	0	0	0	0	0	0	0	0	0	0	0	0	0	0	0	0	0	0	0	0	0	0	0	0	0	0	0	0	0	
N24	8.88858e-08	3.00462e-06	4.26202e-05	0.000346192	0.00184512	0.00698762	0.0198403	0.0439325	0.0782221	0.114793	0.141733	0.149815	0.137621	0.111303	0.0801623	0.0519317	0.0305311	0.0164178	0.00813184	0.00373319	0.00159742	0.000640301	0.000241514	8.60728e-05	2.9091e-05	9.35568e-06	2.87171e-06	8.43645e-07	2.37814e-07	6.44734e-08	1.68469e-08	4.25112e-09	1.03782e-09	2.45526e-10	5.63771e-11	1.25824e-11	2.73313e-12	5.7856e-13	1.19501e-13	2.41177e-14	4.76523e-15	9.25236e-16	1.78218e-16	3.50006e-17	7.62369e-18	2.36099e-18	
N25	4.82881e-15	1.70121e-12	2.10524e-10	1.24985e-08	4.08252e-07	7.95603e-06	9.78259e-05	0.0007921	0.00437484	0.0169912	0.0476832	0.0990985	0.155982	0.189807	0.18197	0.139878	0.08763	0.0454286	0.0197672	0.00731514	0.00233049	0.000646367	0.000157676	3.4148e-05	6.62173e-06	1.15863e-06	1.84222e-07	2.67878e-08	3.58308e-09	4.43201e-10	5.09413e-11	5.46487e-12	5.49395e-13	5.19507e-14	4.63636e-15	3.91742e-16	3.14278e-17	2.40035e-18	1.74969e-19	1.2201e-20	8.15872e-22	5.2476e-23	3.26599e-24	2.00249e-25	1.29312e-26	1.2187e-27	
N26	2.10085e-17	1.97108e-14	5.58694e-12	6.66226e-10	3.9051e-08	1.24122e-06	2.29706e-05	0.000261729	0.00192275	0.00947339	0.0323962	0.0792313	0.142238	0.191716	0.197881	0.159194	0.101461	0.0520199	0.0217699	0.00754014	0.00218994	0.000539961	0.000114329	2.10102e-05	3.38408e-06	4.82047e-07	6.12292e-08	6.98752e-09	7.21405e-10	6.78063e-11	5.83588e-12	4.62373e-13	3.38877e-14	2.30782e-15	1.46642e-16	8.72707e-18	4.88153e-19	2.57475e-20	1.28444e-21	6.07733e-23	2.73446e-24	1.17299e-25	4.81166e-27	1.90268e-28	7.65054e-30	4.85425e-31	
N27	1.42265e-21	4.34391e-18	3.74355e-15	1.2535e-12	1.89072e-10	1.41121e-08	5.5904e-07	1.24538e-05	0.000164282	0.00134753	0.00720883	0.0263284	0.0683763	0.130399	0.18673	0.203749	0.17128	0.112117	0.057817	0.023791	0.00791748	0.00216007	0.000489578	9.33622e-05	1.51616e-05	2.12059e-06	2.58174e-07	2.76328e-08	2.62445e-09	2.23125e-10	1.71204e-11	1.19473e-12	7.63676e-14	4.50077e-15	2.46026e-16	1.25394e-17	5.98631e-19	2.68716e-20	1.13777e-21	4.55572e-23	1.72864e-24	6.22714e-26	2.13465e-27	7.01449e-29	2.31514e-30	1.16001e-31	
N28	7.42771e-25	2.27824e-21	2.21762e-18	9.36107e-16	1.96649e-13	2.23135e-11	1.4483e-09	5.62441e-08	1.35753e-06	2.10646e-05	0.000216652	0.00151839	0.0074338	0.025999	0.0662874	0.125537	0.179741	0.197885	0.17029	0.116388	0.0641685	0.0289753	0.0108773	0.00344611	0.000935859	0.000221545	4.6581e-05	8.88132e-06	1.56906e-06	2.618e-07	4.17563e-08	6.38353e-09	9.30576e-10	1.28251e-10	1.65766e-11	1.99826e-12	2.24036e-13	2.33476e-14	2.26367e-15	2.04565e-16	1.7272e-17	1.36662e-18	1.01837e-19	7.25583e-21	5.31221e-22	5.93201e-23	
C_selaginoides	0	0	0	0	0	0	0	0	0	0	0	0	0	0	0	0	0	1	0	0	0	0	0	0	0	0	0	0	0	0	0	0	0	0	0	0	0	0	0	0	0	0	0	0	0	0	
N29	1.9887e-31	1.66817e-27	4.45775e-24	5.18159e-21	3.00173e-18	9.38097e-16	1.66807e-13	1.75515e-11	1.12713e-09	4.53244e-08	1.16674e-06	1.96071e-05	0.000218988	0.00165305	0.00857148	0.0310271	0.0797029	0.147775	0.201234	0.204903	0.158862	0.0955169	0.0453871	0.0174125	0.00555669	0.00155525	0.000420423	0.000123387	4.04389e-05	1.35549e-05	4.23557e-06	1.17877e-06	2.88085e-07	6.17799e-08	1.16713e-08	1.9529e-09	2.91091e-10	3.88718e-11	4.67649e-12	5.09683e-13	5.06191e-14	4.61257e-15	3.89312e-16	3.09471e-17	2.43733e-18	2.65407e-19	
L_littorale	0	0	0	0	0	0	0	0	0	0	0	0	0	0	0	0	0	0.99862	0	0	0	0	0	0	0	0	0	0	0	0	0	0	0	0	0	0.0013797	0	0	0	0	0	0	0	0	0	0	
N30	9.98771e-42	4.06261e-37	5.23703e-33	2.91315e-29	7.98262e-26	1.161e-22	9.39872e-20	4.37488e-17	1.1984e-14	1.96538e-12	1.95534e-10	1.19269e-08	4.50063e-07	1.05953e-05	0.000156992	0.0014793	0.00898189	0.035742	0.095195	0.173825	0.223181	0.206588	0.141181	0.0728299	0.0289543	0.0090488	0.00226758	0.000465428	8.01678e-05	1.19201e-05	1.57748e-06	1.90826e-07	2.14067e-08	2.22409e-09	2.11576e-10	1.81907e-11	1.4007e-12	9.6198e-14	5.89163e-15	3.22541e-16	1.58442e-17	7.01604e-19	2.81594e-20	1.03475e-21	3.65816e-23	1.90878e-24	
N31	7.33831e-49	6.63959e-44	1.94434e-39	2.5075e-35	1.62377e-31	5.67824e-28	1.12155e-24	1.28798e-21	8.76178e-19	3.57188e-16	8.78351e-14	1.30681e-11	1.17721e-09	6.4189e-08	2.11867e-06	4.2426e-05	0.000518978	0.0039352	0.0189624	0.0600533	0.129567	0.196964	0.217321	0.178509	0.111526	0.0539631	0.0205327	0.00622413	0.00152021	0.000302203	4.93533e-05	6.68169e-06	7.5683e-07	7.2418e-08	5.91429e-09	4.16759e-10	2.56212e-11	1.38893e-12	6.70376e-14	2.90425e-15	1.13671e-16	4.04068e-18	1.31166e-19	3.931e-21	1.13888e-22	4.66048e-24	
L_macraei	0	0	0	0	0	0	0	0	0	0	0	0	0	0	0	0	0	0	0	0	0	0	0	0	0	0	0	0	0	0	0	0	0	0	0	1	0	0	0	0	0	0	0	0	0	0	
L_prostratum	0	0	0	0	0	0	0	0	0	0	0	0	0	0	0	0	0	1	0	0	0	0	0	0	0	0	0	0	0	0	0	0	0	0	0	0	0	0	0	0	0	0	0	0	0	0	
L_oligophyllum	0	0	0	0	0	0	0	0	0	0	0	0	0	0	0	0	0	1	0	0	0	0	0	0	0	0	0	0	0	0	0	0	0	0	0	0	0	0	0	0	0	0	0	0	0	0	
N32	1.75199e-19	2.70822e-16	1.24862e-13	2.37642e-11	2.17382e-09	1.05056e-07	2.86341e-06	4.61809e-05	0.000458429	0.00290979	0.0123215	0.0365673	0.0801602	0.135638	0.181375	0.192376	0.161197	0.106599	0.055922	0.023507	0.00801866	0.00225015	0.000526507	0.000104061	1.75832e-05	2.56841e-06	3.27657e-07	3.68476e-08	3.68409e-09	3.30032e-10	2.66792e-11	1.95885e-12	1.3141e-13	8.09899e-15	4.60885e-16	2.43292e-17	1.19644e-18	5.50306e-20	2.37606e-21	9.6634e-23	3.71392e-24	1.35337e-25	4.69762e-27	1.5704e-28	5.30753e-30	2.65841e-31	
N33	3.15142e-20	5.69682e-17	3.1377e-14	7.21213e-12	7.96133e-10	4.59446e-08	1.47238e-06	2.75035e-05	0.000312713	0.00225721	0.0107922	0.0356386	0.084412	0.14778	0.195342	0.197882	0.155513	0.0959903	0.0471621	0.0187084	0.00607934	0.00164145	0.000373287	7.24128e-05	1.21238e-05	1.77086e-06	2.2788e-07	2.60665e-08	2.67199e-09	2.47267e-10	2.07964e-11	1.59938e-12	1.13103e-13	7.39209e-15	4.48592e-16	2.53852e-17	1.34479e-18	6.69331e-20	3.14039e-21	1.39322e-22	5.86116e-24	2.34459e-25	8.94658e-27	3.28302e-28	1.21918e-29	7.02053e-31	
L_kingii	0	0	0	0	0	0	0	0	0	0	0	0	1	0	0	0	0	0	0	0	0	0	0	0	0	0	0	0	0	0	0	0	0	0	0	0	0	0	0	0	0	0	0	0	0	0	
N34	1.26622e-22	3.05245e-19	2.33916e-16	7.78212e-14	1.28842e-11	1.15004e-09	5.84446e-08	1.76179e-06	3.25623e-05	0.000379542	0.0028602	0.0142566	0.0480315	0.111752	0.183555	0.217759	0.191009	0.126824	0.0652204	0.0265536	0.00873618	0.0023668	0.000537132	0.0001037	1.72684e-05	2.51115e-06	3.22421e-07	3.69135e-08	3.8017e-09	3.54998e-10	3.02692e-11	2.37173e-12	1.71757e-13	1.15558e-14	7.25706e-16	4.27225e-17	2.36688e-18	1.23841e-19	6.13951e-21	2.89255e-22	1.29867e-23	5.57066e-25	2.28933e-26	9.07619e-28	3.65316e-29	2.33768e-30	
L_rupestre	0	0	0	0	0	0	0	0	0	0	0	0	0	0	0	0	0	1	0	0	0	0	0	0	0	0	0	0	0	0	0	0	0	0	0	0	0	0	0	0	0	0	0	0	0	0	
L_vernale	0	0	0	0	0	0	0	0	0	0	0	0	0	0	1	0	0	0	0	0	0	0	0	0	0	0	0	0	0	0	0	0	0	0	0	0	0	0	0	0	0	0	0	0	0	0	
L_striatum	0	0	0	0	0	0.0298253	0	0	0.267909	0	0	0	0	0	0	0	0	0.702266	0	0	0	0	0	0	0	0	0	0	0	0	0	0	0	0	0	0	0	0	0	0	0	0	0	0	0	0	
N35	3.12098e-13	9.39116e-11	9.1577e-09	4.00569e-07	9.16404e-06	0.000121107	0.000995207	0.00538703	0.020117	0.0538326	0.106574	0.160434	0.188101	0.175464	0.132733	0.0828418	0.0433288	0.0192627	0.0073733	0.00245859	0.000721775	0.00018836	4.40803e-05	9.3242e-06	1.79563e-06	3.16882e-07	5.15509e-08	7.77285e-09	1.09162e-09	1.43437e-10	1.77065e-11	2.0612e-12	2.2705e-13	2.37417e-14	2.36349e-15	2.24602e-16	2.04251e-17	1.78157e-18	1.49366e-19	1.20605e-20	9.39677e-22	7.07949e-23	5.17665e-24	3.7232e-25	2.83003e-26	3.41157e-27	
He_micranthum	0	0	0	0	0	0	0	0	0	0	0	0	0	0	0	0	0	1	0	0	0	0	0	0	0	0	0	0	0	0	0	0	0	0	0	0	0	0	0	0	0	0	0	0	0	0	
S_digynum	0	0	0	0	0	1	0	0	0	0	0	0	0	0	0	0	0	0	0	0	0	0	0	0	0	0	0	0	0	0	0	0	0	0	0	0	0	0	0	0	0	0	0	0	0	0	
N36	8.41586e-26	4.97636e-22	9.31299e-19	7.49983e-16	2.95852e-13	6.1317e-11	6.95594e-09	4.42231e-07	1.59477e-05	0.000327584	0.00383126	0.0254813	0.0966494	0.21169	0.274891	0.220241	0.114235	0.040306	0.0101331	0.00189188	0.000272062	3.11473e-05	2.93254e-06	2.35467e-07	1.68753e-08	1.14014e-09	7.6185e-11	5.10894e-12	3.35989e-13	2.09092e-14	1.19901e-15	6.25253e-17	2.95387e-18	1.26586e-19	4.93881e-21	1.76234e-22	5.7793e-24	1.74998e-25	4.91494e-27	1.28579e-28	3.14587e-30	7.22807e-32	1.56818e-33	3.25318e-35	6.78046e-37	1.97666e-38	
N37	1.75605e-29	3.8657e-25	2.39006e-21	5.64432e-18	5.80174e-15	2.78902e-12	6.54995e-10	7.72254e-08	4.64902e-06	0.000144395	0.00233047	0.0196907	0.0881438	0.213475	0.289239	0.229479	0.112402	0.0358646	0.00783868	0.00122828	0.000143986	1.32235e-05	1.01607e-06	7.27992e-08	5.53168e-09	4.60262e-10	3.82596e-11	2.89308e-12	1.90582e-13	1.08186e-14	5.30418e-16	2.26126e-17	8.44926e-19	2.78929e-20	8.19777e-22	2.16042e-23	5.13943e-25	1.11046e-26	2.19167e-28	3.97211e-30	6.64313e-32	1.03015e-33	1.48944e-35	2.03002e-37	2.72062e-39	5.04247e-41	
N38	5.09909e-30	1.07108e-25	6.68258e-22	1.67077e-18	1.8908e-15	1.03109e-12	2.80326e-10	3.86769e-08	2.72898e-06	9.86426e-05	0.00182532	0.0172989	0.0844596	0.215895	0.298028	0.232913	0.109228	0.0326374	0.00657015	0.000936227	9.86097e-05	7.97976e-06	5.14868e-07	2.75708e-08	1.28622e-09	5.536e-11	2.31342e-12	9.55817e-14	3.82591e-15	1.43367e-16	4.90108e-18	1.50937e-19	4.17422e-21	1.03864e-22	2.33507e-24	4.76781e-26	8.88866e-28	1.52093e-29	2.40037e-31	3.51032e-33	4.77718e-35	6.07406e-37	7.24237e-39	8.13241e-41	8.78441e-43	1.34783e-44	
N39	5.10416e-35	2.28966e-30	3.16122e-26	1.81579e-22	4.90831e-19	6.65048e-16	4.66853e-13	1.72213e-10	3.33811e-08	3.35787e-06	0.000170917	0.00422808	0.0478535	0.226951	0.401256	0.243763	0.065438	0.00944652	0.000837646	5.00422e-05	2.15365e-06	7.02156e-08	1.80317e-09	3.76207e-11	6.53855e-13	9.66412e-15	1.23581e-16	1.38731e-18	1.38431e-20	1.24108e-22	1.00909e-24	7.50216e-27	5.13715e-29	3.26094e-31	1.93003e-33	1.07067e-35	5.59339e-38	2.76376e-40	1.29673e-42	5.79835e-45	2.47924e-47	1.0168e-49	4.0114e-52	1.52695e-54	5.67844e-57	2.81909e-59	
L_acuticarpum	0	0	0	0	0	0	0	0	0	0	0	0	0	0	1	0	0	0	0	0	0	0	0	0	0	0	0	0	0	0	0	0	0	0	0	0	0	0	0	0	0	0	0	0	0	0	
L_gracile	0	0	0	0	0	0	0	0	0	0	0	0	0	0	1	0	0	0	0	0	0	0	0	0	0	0	0	0	0	0	0	0	0	0	0	0	0	0	0	0	0	0	0	0	0	0	
L_heterostylum	0	0	0	0	0	0	0	0	0	0	0	0	0	0	1	0	0	0	0	0	0	0	0	0	0	0	0	0	0	0	0	0	0	0	0	0	0	0	0	0	0	0	0	0	0	0	
L_africanum	0	0	0	0	0	0	0	0	0	0	0	0	0	0	0.795706	0.204256	0	0	0	0	0	0	0	0	0	0	0	0	3.77778e-05	0	0	0	0	0	0	0	0	0	0	0	0	0	0	0	0	0	
L_comptonii	0	0	0	0	0	0	0	0	0	0	0	0	0	0	1	0	0	0	0	0	0	0	0	0	0	0	0	0	0	0	0	0	0	0	0	0	0	0	0	0	0	0	0	0	0	0	
Ra_linoides	0	0	0	0	0	0	0	0	1	0	0	0	0	0	0	0	0	0	0	0	0	0	0	0	0	0	0	0	0	0	0	0	0	0	0	0	0	0	0	0	0	0	0	0	0	0	
N40	0.00412502	0.0175157	0.0407089	0.0686756	0.0941347	0.11129	0.117644	0.113836	0.10246	0.0867629	0.0697018	0.0534588	0.0393356	0.027877	0.0190893	0.0126645	0.00815905	0.00511453	0.00312498	0.00186398	0.0010869	0.000620353	0.000346961	0.000190356	0.000102543	5.42851e-05	2.82643e-05	1.44845e-05	7.31098e-06	3.63696e-06	1.78425e-06	8.63735e-07	4.12814e-07	1.94903e-07	9.09522e-08	4.19759e-08	1.91726e-08	8.6743e-09	3.89224e-09	1.73545e-09	7.71405e-10	3.43836e-10	1.55373e-10	7.26808e-11	3.65888e-11	2.11686e-11	
N41	0.0018079	0.00931202	0.0255491	0.0496533	0.0766915	0.100145	0.114856	0.118688	0.112514	0.0991513	0.0820398	0.064232	0.0478793	0.0341482	0.0233982	0.015455	0.00986931	0.00610815	0.00367176	0.00214785	0.00122469	0.000681702	0.00037093	0.000197537	0.000103073	5.27498e-05	2.65022e-05	1.30828e-05	6.35066e-06	3.0336e-06	1.42698e-06	6.61423e-07	3.0228e-07	1.36292e-07	6.06628e-08	2.66708e-08	1.15911e-08	4.98391e-09	2.12288e-09	8.97539e-10	3.77975e-10	1.59565e-10	6.836e-11	3.04301e-11	1.47046e-11	8.29851e-12	
N42	0.000125891	0.00113651	0.00503481	0.0147394	0.0323028	0.0568123	0.0838247	0.107002	0.12086	0.122879	0.113974	0.0974826	0.0775634	0.05783	0.0406511	0.0270813	0.0171745	0.0104085	0.00604858	0.00338036	0.00182162	0.000948753	0.000478583	0.000234254	0.000111451	5.16196e-05	2.33074e-05	1.02726e-05	4.42474e-06	1.86461e-06	7.69517e-07	3.11303e-07	1.23555e-07	4.81507e-08	1.84393e-08	6.94393e-09	2.57344e-09	9.39349e-10	3.38071e-10	1.20164e-10	4.23111e-11	1.4852e-11	5.26856e-12	1.94538e-12	7.94727e-13	4.01256e-13	
N43	1.79717e-05	0.000233369	0.00141837	0.00546561	0.0152019	0.0328506	0.0578624	0.0859293	0.110333	0.124892	0.126575	0.116307	0.0979107	0.0761761	0.0551829	0.0374601	0.023962	0.0145138	0.00835994	0.00459668	0.0024209	0.00122497	0.00059715	0.000281144	0.000128127	5.66391e-05	2.43314e-05	1.01752e-05	4.1488e-06	1.65174e-06	6.42945e-07	2.44992e-07	9.14887e-08	3.35175e-08	1.20584e-08	4.26399e-09	1.48337e-09	5.08163e-10	1.71627e-10	5.72434e-11	1.89099e-11	6.22286e-12	2.0656e-12	7.11279e-13	2.70559e-13	1.29218e-13	
N44	1.04946e-11	4.48085e-09	6.21886e-07	3.68816e-05	0.00102453	0.013676	0.0866573	0.251888	0.33018	0.213163	0.0796649	0.0196474	0.00351308	0.000487151	5.50028e-05	5.23914e-06	4.32065e-07	3.14446e-08	2.04866e-09	1.20818e-10	6.50714e-12	3.22459e-13	1.47968e-14	6.32322e-16	2.52926e-17	9.51338e-19	3.37899e-20	1.13766e-21	3.64357e-23	1.11358e-24	3.25734e-26	9.14364e-28	2.4692e-29	6.42926e-31	1.61749e-32	3.93955e-34	9.30641e-36	2.13615e-37	4.77303e-39	1.04028e-40	2.21704e-42	4.63562e-44	9.55662e-46	1.95875e-47	4.08605e-49	1.08877e-50	
N45	7.40275e-16	2.79855e-12	2.68066e-09	8.52533e-07	9.76962e-05	0.00406471	0.058974	0.27763	0.403948	0.202472	0.0460255	0.00614385	0.000593914	4.64822e-05	2.95496e-06	1.48202e-07	5.81206e-09	1.80333e-10	4.51939e-12	9.35581e-14	1.6341e-15	2.45437e-17	3.22367e-19	3.75753e-21	3.93716e-23	3.75036e-25	3.27954e-27	2.65503e-29	2.00437e-31	1.41969e-33	9.48261e-36	5.99821e-38	3.6057e-40	2.06578e-42	1.13071e-44	5.925e-47	2.97767e-49	1.43755e-51	6.67705e-54	2.98798e-56	1.29005e-58	5.38099e-61	2.17169e-63	8.50683e-66	3.31743e-68	1.79075e-70	
N46	2.84596e-18	4.11532e-14	1.28486e-10	1.11612e-07	2.88412e-05	0.00221027	0.0481955	0.282359	0.433559	0.195606	0.0347078	0.00314632	0.000179108	7.3134e-06	2.25996e-07	5.35519e-09	9.88812e-11	1.47048e-12	1.84139e-14	2.02477e-16	2.00274e-18	1.78582e-20	1.42144e-22	1.00016e-24	6.19557e-27	3.38333e-29	1.63666e-31	7.05959e-34	2.73474e-36	9.58224e-39	3.05764e-41	8.94171e-44	2.41045e-46	6.02187e-49	1.40096e-51	3.04865e-54	6.23053e-57	1.20028e-59	2.18696e-62	3.78046e-65	6.21768e-68	9.75501e-71	1.46349e-73	2.10433e-76	2.9163e-79	4.97535e-82	
N47	6.59387e-18	6.16461e-14	1.40426e-10	1.00241e-07	2.37723e-05	0.00183427	0.0428801	0.275023	0.447986	0.196772	0.0326925	0.00265775	0.000126275	3.96352e-06	8.94716e-08	1.54082e-09	2.11039e-11	2.37018e-13	2.23519e-15	1.80487e-17	1.26899e-19	7.88387e-22	4.38461e-24	2.20799e-26	1.01685e-28	4.31934e-31	1.70456e-33	6.28713e-36	2.17822e-38	7.11783e-41	2.20131e-43	6.46205e-46	1.80518e-48	4.80976e-51	1.22486e-53	2.98717e-56	6.98961e-59	1.57195e-61	3.40376e-64	7.1077e-67	1.43362e-69	2.79728e-72	5.2877e-75	9.6985e-78	1.73842e-80	3.96286e-83	
N48	6.21997e-20	1.04585e-15	4.38506e-12	5.9128e-09	2.72224e-06	0.000417649	0.0195108	0.235608	0.561162	0.167303	0.0153418	0.000638632	1.49901e-05	2.278e-07	2.47269e-09	2.07478e-11	1.44767e-13	9.02917e-16	5.35163e-18	3.09829e-20	1.73085e-22	9.06089e-25	4.34179e-27	1.88312e-29	7.37771e-32	2.61895e-34	8.46859e-37	2.50967e-39	6.85812e-42	1.7382e-44	4.10809e-47	9.09822e-50	1.89665e-52	3.73664e-55	6.98277e-58	1.24184e-60	2.10811e-63	3.42535e-66	5.34048e-69	8.00772e-72	1.15717e-74	1.61467e-77	2.17936e-80	2.85011e-83	3.6266e-86	5.68403e-89	
N49	6.9244e-24	4.43592e-19	7.00168e-15	3.49444e-11	5.80517e-08	3.08345e-05	0.00463211	0.155313	0.730858	0.1055	0.0036111	5.35465e-05	8.38426e-07	3.55168e-08	1.42534e-09	4.34598e-11	1.21325e-12	2.45284e-14	3.03931e-16	2.67521e-18	1.78047e-20	9.12831e-23	3.66174e-25	1.17269e-27	3.06489e-30	6.67641e-33	1.23549e-35	1.97496e-38	2.767e-41	3.44072e-44	3.83895e-47	3.87988e-50	3.58153e-53	3.04177e-56	2.39212e-59	1.7519e-62	1.20092e-65	7.74039e-69	4.71008e-72	2.71584e-75	1.48879e-78	7.7826e-82	3.8902e-85	1.86408e-88	8.5915e-92	4.54373e-95	
N50	4.85038e-29	1.44111e-23	1.07163e-18	2.55955e-14	2.06289e-10	5.34961e-07	0.00038637	0.0575122	0.897165	0.0445142	0.000419589	1.61447e-06	1.67049e-08	1.02397e-09	4.18346e-11	8.09217e-13	4.18017e-14	1.59429e-15	1.28873e-17	4.94364e-20	1.13141e-22	1.7409e-25	1.94499e-28	1.66601e-31	1.13944e-34	6.42066e-38	3.05587e-41	1.2534e-44	4.50426e-48	1.4379e-51	4.12529e-55	1.07428e-58	2.56107e-62	5.63103e-66	1.14929e-69	2.18987e-73	3.91511e-77	6.59708e-81	1.05192e-84	1.59292e-88	2.29824e-92	3.16853e-96	4.18539e-100	5.30986e-104	6.48614e-108	8.58035e-112	
L_alpinum	0	0	0	0	0	0	0	0	0.999999	0	0	0	0	0	9.87815e-07	0	0	3.15663e-09	0	0	0	0	0	0	0	0	0	0	0	0	0	0	0	0	0	0	0	0	0	0	0	0	0	0	0	0	
L_punctatum1	0	0	0	0	0	0	0	0	1	0	0	0	0	0	0	0	0	0	0	0	0	0	0	0	0	0	0	0	0	0	0	0	0	0	0	0	0	0	0	0	0	0	0	0	0	0	
L_perenne	0	0	0	0	0	0	0	0.0582701	0.941689	0	0	0	0	0	3.95058e-05	0	0	1.17008e-06	0	0	0	0	0	0	0	0	0	0	0	0	0	0	0	0	0	0	0	0	0	0	0	0	0	0	0	0	
L_lewisii	0	0	0	0	0	0	0	0	1	0	0	0	0	0	0	0	0	0	0	0	0	0	0	0	0	0	0	0	0	0	0	0	0	0	0	0	0	0	0	0	0	0	0	0	0	0	
L_leonii	0	0	0	0	0	0	0	0	0.848043	0.151957	0	0	0	0	0	0	0	0	0	0	0	0	0	0	0	0	0	0	0	0	0	0	0	0	0	0	0	0	0	0	0	0	0	0	0	0	
N51	1.31607e-16	6.4465e-13	8.0964e-10	3.38861e-07	5.07797e-05	0.00271201	0.0489024	0.272626	0.432432	0.201514	0.0378757	0.00366144	0.000216426	9.35551e-06	4.26472e-07	2.96355e-08	2.31436e-09	1.45861e-10	6.90557e-12	2.49336e-13	7.08498e-15	1.63397e-16	3.14111e-18	5.14678e-20	7.32226e-22	9.18566e-24	1.02933e-25	1.04169e-27	9.61017e-30	8.14771e-32	6.39286e-34	4.67061e-36	3.1946e-38	2.05542e-40	1.24934e-42	7.20131e-45	3.9499e-47	2.068e-49	1.0364e-51	4.98459e-54	2.30605e-56	1.02843e-58	4.42997e-61	1.84691e-63	7.53041e-66	4.13572e-68	
L_austr_mauritanicum	0	0	0	0	0	0	0	0	1	0	0	0	0	0	0	0	0	0	0	0	0	0	0	0	0	0	0	0	0	0	0	0	0	0	0	0	0	0	0	0	0	0	0	0	0	0	
L_austriacum	0	0	0	0	0	0	0	0	0.999971	0	0	0	0	0	0	0	0	2.93649e-05	0	0	0	0	0	0	0	0	0	0	0	0	0	0	0	0	0	0	0	0	0	0	0	0	0	0	0	0	
L_pallescens	0	0	0	0	0	0	0	0	0.976314	0	0	0	0	0	0.0236857	0	0	0	0	0	0	0	0	0	0	0	0	0	0	0	0	0	0	0	0	0	0	0	0	0	0	0	0	0	0	0	
L_pycnophyllum	0	0	0	0	0	0	0	0	1	0	0	0	0	0	0	0	0	0	0	0	0	0	0	0	0	0	0	0	0	0	0	0	0	0	0	0	0	0	0	0	0	0	0	0	0	0	
N52	1.21342e-14	3.54634e-12	3.7957e-10	1.99268e-08	5.77112e-07	9.80301e-06	0.000101368	0.000657433	0.00278014	0.00821392	0.0190202	0.0392855	0.0759365	0.128681	0.176316	0.188078	0.155745	0.101787	0.0542417	0.0250727	0.0112907	0.00569676	0.00328491	0.0019311	0.00104649	0.000501185	0.000210086	7.72811e-05	2.51133e-05	7.26506e-06	1.88561e-06	4.42366e-07	9.44653e-08	1.84821e-08	3.33294e-09	5.57067e-10	8.67376e-11	1.26409e-11	1.73204e-12	2.24094e-13	2.75034e-14	3.21971e-15	3.62485e-16	3.99267e-17	4.5674e-18	7.43211e-19	
L_aroanium1	0	0	0	0	0	0	0	0	0	0	0	0	0	0	0	0	0	1	0	0	0	0	0	0	0	0	0	0	0	0	0	0	0	0	0	0	0	0	0	0	0	0	0	0	0	0	
L_nervosum	0	0	0	0	0	0	0	0	0.0957603	0	0	0	0	0	0.883871	0	0	0	0	0	0	0	0	0	0	0	0.0203685	0	0	0	0	0	0	0	0	0	0	0	0	0	0	0	0	0	0	0	
N53	2.25111e-06	4.35685e-05	0.000371822	0.00191371	0.00681426	0.0181785	0.0382972	0.0661531	0.0963664	0.120998	0.133254	0.130559	0.115157	0.0923548	0.0679216	0.0461453	0.0291471	0.0172127	0.00955074	0.00500115	0.00248112	0.00117029	0.000526466	0.000226524	9.3462e-05	3.70633e-05	1.41565e-05	5.21804e-06	1.85935e-06	6.41534e-07	2.14647e-07	6.97381e-08	2.20295e-08	6.77392e-09	2.02979e-09	5.93314e-10	1.69345e-10	4.72435e-11	1.28963e-11	3.44946e-12	9.06158e-13	2.34916e-13	6.08037e-14	1.61978e-14	4.80957e-15	1.91928e-15	
N54	4.76622e-07	1.12417e-05	0.000114947	0.000699129	0.00290829	0.00897612	0.0216933	0.0426603	0.070245	0.0990121	0.121574	0.131896	0.127926	0.112029	0.0893355	0.0653496	0.0441364	0.0276806	0.0162033	0.00889353	0.00459611	0.00224482	0.00103976	0.000458133	0.000192572	7.74229e-05	2.98439e-05	1.10537e-05	3.94184e-06	1.35596e-06	4.50708e-07	1.44992e-07	4.52101e-08	1.36826e-08	4.02447e-09	1.1518e-09	3.21128e-10	8.73177e-11	2.31832e-11	6.01919e-12	1.53189e-12	3.84005e-13	9.59188e-14	2.46098e-14	7.02964e-15	2.71723e-15	
N55	4.05339e-11	3.00814e-09	8.98502e-08	1.48032e-06	1.54695e-05	0.000111368	0.000584209	0.00232744	0.00727246	0.0182933	0.0378547	0.0656359	0.0968795	0.123419	0.13736	0.135001	0.118295	0.0932122	0.0665575	0.0433667	0.0259464	0.0143362	0.00735321	0.0035177	0.00157636	0.00066434	0.000264272	9.95654e-05	3.56394e-05	1.21565e-05	3.96249e-06	1.23766e-06	3.71442e-07	1.07408e-07	3.00125e-08	8.12935e-09	2.14201e-09	5.51222e-10	1.39171e-10	3.46566e-11	8.56706e-12	2.12095e-12	5.34013e-13	1.41388e-13	4.26363e-14	1.74348e-14	
N56	5.75767e-30	8.7058e-26	4.30559e-22	9.31084e-19	9.78912e-16	5.18392e-13	1.36257e-10	1.64509e-08	7.3453e-07	4.66702e-06	2.2304e-05	0.000545643	0.0137811	0.151314	0.511847	0.26873	0.0490154	0.00447458	0.000248091	9.39004e-06	2.62082e-07	5.71719e-09	1.23834e-10	4.32614e-11	6.30477e-10	1.01896e-08	1.04261e-07	6.16304e-07	1.88443e-06	2.56391e-06	1.35191e-06	3.42658e-07	4.99483e-08	4.73013e-09	3.16444e-10	1.58765e-11	6.2442e-13	1.99156e-14	5.29075e-16	1.1964e-17	2.3455e-19	4.05295e-21	6.2773e-23	8.89405e-25	1.1899e-26	1.87194e-28	
L_bienne	0	0	0	0	0	0	0	0	5.70121e-05	0	0	0	0	0	0.867741	0.132195	0	0	0	0	0	0	0	0	0	0	0	0	0	6.9294e-06	0	0	0	0	0	0	0	0	0	0	0	0	0	0	0	0	
L_usitatissimum	0	0	0	0	0	0	0	0	0	0	0	0	0	0	0.809188	0.190805	0	0	0	0	0	0	0	0	0	0	0	0	0	6.92932e-06	0	0	0	0	0	0	0	0	0	0	0	0	0	0	0	0	
L_hologynum	0	0	0	0	0	0	0	0	0	0	0	0	0	0	0	0	0	0	0	0	1	0	0	0	0	0	0	0	0	0	0	0	0	0	0	0	0	0	0	0	0	0	0	0	0	0	
L_narbonense	0	0	0	0	0	0	0.0691886	0	0.187057	0.0775476	0	0	0	0.559581	0.106626	0	0	0	0	0	0	0	0	0	0	0	0	0	0	0	0	0	0	0	0	0	0	0	0	0	0	0	0	0	0	0	
N57	1.61884e-06	5.67654e-05	0.000747172	0.00509216	0.0208515	0.0563536	0.107727	0.154021	0.172726	0.158498	0.123679	0.0849682	0.0529205	0.0305218	0.016492	0.00837674	0.00399383	0.00178258	0.000743496	0.00028973	0.000105619	3.61002e-05	1.16026e-05	3.51766e-06	1.00928e-06	2.74926e-07	7.13153e-08	1.7667e-08	4.19106e-09	9.5444e-10	2.09143e-10	4.41912e-11	9.02168e-12	1.78277e-12	3.41582e-13	6.3559e-14	1.15023e-14	2.0274e-15	3.48548e-16	5.85391e-17	9.62499e-18	1.55476e-18	2.48665e-19	4.02515e-20	7.11659e-21	1.81925e-21	
L_decumbens1	0	0	0	0	0	0	0	0	0.864982	0	0	0	0	0	0	0.135018	0	0	0	0	0	0	0	0	0	0	0	0	0	0	0	0	0	0	0	0	0	0	0	0	0	0	0	0	0	0	
L_grandiflorum	0	0	0	0	0	0	0	1	0	0	0	0	0	0	0	0	0	0	0	0	0	0	0	0	0	0	0	0	0	0	0	0	0	0	0	0	0	0	0	0	0	0	0	0	0	0	
L_stelleroides	0	0	0	0	0	0	0	0	0.493443	0.506557	0	0	0	0	0	0	0	0	0	0	0	0	0	0	0	0	0	0	0	0	0	0	0	0	0	0	0	0	0	0	0	0	0	0	0	0	
N58	0.000164193	0.00227958	0.01314	0.0432485	0.0940365	0.147653	0.178051	0.172535	0.139078	0.0958144	0.0576436	0.0308173	0.0148517	0.00652909	0.00264455	0.000995265	0.000350545	0.000116269	3.65121e-05	1.09069e-05	3.1121e-06	8.51281e-07	2.23956e-07	5.68299e-08	1.39455e-08	3.31698e-09	7.66319e-10	1.72289e-10	3.77602e-11	8.08009e-12	1.69054e-12	3.46286e-13	6.95292e-14	1.36997e-14	2.65173e-15	5.04729e-16	9.45657e-17	1.74582e-17	3.17934e-18	5.71898e-19	1.01789e-19	1.79746e-20	3.16654e-21	5.65103e-22	1.08162e-22	2.83647e-23	
N59	1.48422e-05	0.000460861	0.005056	0.0271463	0.0832819	0.161541	0.213801	0.205196	0.15007	0.0871016	0.0414833	0.0166665	0.00578049	0.00176476	0.000482166	0.000119581	2.72508e-05	5.76627e-06	1.14307e-06	2.13872e-07	3.8001e-08	6.44359e-09	1.04672e-09	1.63378e-10	2.45592e-11	3.5618e-12	4.99105e-13	6.7657e-14	8.88209e-15	1.13045e-15	1.39626e-16	1.67529e-17	1.95462e-18	2.21981e-19	2.45628e-20	2.65078e-21	2.79266e-22	2.87486e-23	2.89451e-24	2.85306e-25	2.75629e-26	2.61489e-27	2.44805e-28	2.30115e-29	2.34171e-30	3.68524e-31	
N60	9.6715e-07	6.52046e-05	0.0013814	0.0127145	0.0590911	0.152888	0.237994	0.23905	0.165479	0.0839193	0.0329717	0.0105796	0.002919	0.000727158	0.000169883	3.78848e-05	8.04106e-06	1.60345e-06	2.96756e-07	5.0629e-08	7.94983e-09	1.15099e-09	1.54223e-10	1.9211e-11	2.23525e-12	2.44054e-13	2.51148e-14	2.4458e-15	2.26243e-16	1.9947e-17	1.68142e-18	1.35896e-19	1.05581e-20	7.90406e-22	5.71391e-23	3.99666e-24	2.70978e-25	1.78391e-26	1.14204e-27	7.12002e-29	4.32869e-30	2.56984e-31	1.49325e-32	8.57622e-34	5.19884e-35	5.11212e-36	
L_hirsutum	0	0	0	0	0	0	0	0.932114	0.0599937	0	0	0	0	0	0.00789252	0	0	0	0	0	0	0	0	0	0	0	0	0	0	0	0	0	0	0	0	0	0	0	0	0	0	0	0	0	0	0	
L_seljukorum	0	0	0	0	0	0	0	1	0	0	0	0	0	0	0	0	0	0	0	0	0	0	0	0	0	0	0	0	0	0	0	0	0	0	0	0	0	0	0	0	0	0	0	0	0	0	
L_viscosum	0	0	0	0	0	0	0	1	0	0	0	0	0	0	0	0	0	0	0	0	0	0	0	0	0	0	0	0	0	0	0	0	0	0	0	0	0	0	0	0	0	0	0	0	0	0	
L_pubescens	0	0	0	0	0	0	0	0.500873	0.499127	0	0	0	0	0	0	0	0	0	0	0	0	0	0	0	0	0	0	0	0	0	0	0	0	0	0	0	0	0	0	0	0	0	0	0	0	0	
Re_indica	0	0	0	0	0	0	0	0	0	0.293308	0.706692	0	0	0	0	0	0	0	0	0	0	0	0	0	0	0	0	0	0	0	0	0	0	0	0	0	0	0	0	0	0	0	0	0	0	0	
