NODE	1	2	3	4	5	6	7	8	9	10	11	12	13	14	15	16	17	18	19	20	21	22	23	24	25	26	27	28	29	30	31	32	33	34	35	36	37	38	39	40	41	42	43	44	45	46	
N1	2.16186e-08	4.34084e-06	0.000153651	0.00286827	0.00697925	0.0261482	0.0262254	0.222451	0.648433	0.0657161	0.0010186	2.32354e-06	1.20271e-09	1.97912e-13	7.35788e-19	4.06766e-21	1.62357e-23	4.8796e-26	1.14073e-28	2.12841e-31	3.23628e-34	4.07961e-37	4.32519e-40	3.90375e-43	3.0308e-46	2.0423e-49	1.20377e-52	6.24871e-56	2.87376e-59	1.17711e-62	4.3144e-66	1.42091e-69	4.22049e-73	1.13433e-76	2.7668e-80	6.14063e-84	1.24297e-87	2.29944e-91	3.89486e-95	6.05018e-99	8.63101e-103	1.13213e-106	1.36684e-110	1.52026e-114	1.56104e-118	1.60245e-122	
N2	9.77958e-09	1.64138e-06	7.1534e-05	0.00149048	0.00421818	0.0167373	0.020772	0.2214	0.687246	0.047618	0.000440322	4.18498e-06	2.39041e-08	2.10535e-10	6.51722e-13	2.63209e-15	1.32967e-18	1.92462e-20	2.74002e-24	1.8439e-26	2.26298e-30	3.74568e-33	4.2684e-37	1.02149e-39	4.91969e-44	1.17371e-46	8.73981e-50	2.84806e-53	1.20785e-57	4.03119e-60	9.81126e-65	2.26874e-67	9.78448e-72	2.14264e-75	1.82824e-79	8.11157e-82	6.05508e-87	1.49569e-90	1.11424e-94	2.42773e-97	2.07109e-102	4.57888e-106	5.24132e-111	9.68081e-114	3.25472e-118	2.77295e-121	
N3	1.00662e-11	4.9485e-09	5.0125e-07	1.5319e-05	7.7233e-05	0.00174667	0.00123537	0.057249	0.919132	0.0204664	7.67529e-05	2.72292e-07	3.8688e-10	4.68891e-13	2.61891e-16	1.57301e-19	3.50071e-23	2.31875e-26	2.03903e-30	4.75302e-34	3.5751e-38	3.95821e-42	2.36644e-46	5.30758e-50	1.58069e-54	2.12767e-58	1.59539e-62	7.99726e-67	1.5442e-71	1.45735e-75	2.04386e-80	1.7732e-84	2.04421e-89	8.27316e-94	1.62793e-98	4.76589e-102	2.0051e-106	4.73102e-110	4.28946e-114	1.24671e-117	4.78625e-122	7.69366e-126	1.72294e-130	3.29303e-134	4.62582e-138	2.05976e-141	
N4	1.19695e-13	1.66304e-10	4.34878e-08	2.19451e-06	3.12318e-05	0.000446486	0.000907216	0.0556191	0.93082	0.0121626	1.14841e-05	2.41324e-08	7.61555e-11	1.09151e-13	4.40311e-17	3.40685e-20	4.65259e-24	2.55918e-26	5.56185e-31	4.10937e-34	1.03708e-38	1.45618e-42	3.88926e-47	1.66484e-50	1.76749e-55	6.25459e-50	4.71194e-49	3.4008e-49	5.16095e-51	7.28052e-51	5.28231e-53	1.50289e-53	6.20521e-56	4.21779e-56	5.5914e-58	2.43422e-58	1.36199e-61	2.51638e-63	1.29861e-65	1.94612e-66	2.16095e-69	4.60703e-71	3.24517e-74	4.18286e-75	2.93247e-77	4.20039e-78	
N5	7.5823e-16	3.2351e-12	2.73214e-09	1.97942e-07	7.68362e-06	0.000146191	0.000870867	0.0201753	0.958877	0.0199062	1.54906e-05	9.67626e-07	9.07002e-09	4.64546e-11	1.55697e-14	9.86003e-17	3.39667e-21	2.96314e-23	2.64292e-28	1.50569e-31	3.03459e-36	1.7818e-40	4.94781e-45	9.41092e-48	2.46907e-53	1.84033e-56	2.00359e-60	6.09597e-65	1.05174e-70	2.96806e-74	1.13352e-79	1.50526e-82	9.1785e-89	4.36537e-93	5.37585e-98	6.617e-101	2.17836e-107	4.31266e-112	1.93055e-117	3.2788e-121	3.18402e-127	7.22359e-132	1.71178e-138	1.8271e-142	1.18416e-147	3.05794e-151	
N6	2.40113e-16	5.4001e-13	3.25069e-10	2.68673e-08	6.39495e-07	7.53479e-05	6.07307e-05	0.00918209	0.981479	0.00919208	9.92357e-06	2.45914e-08	1.13474e-10	1.70072e-13	6.85796e-17	4.05379e-20	9.11865e-24	4.47122e-26	1.42358e-30	8.76037e-34	3.42451e-38	3.86933e-42	1.74305e-46	7.40463e-50	1.6585e-54	1.54319e-57	2.6206e-61	1.44008e-65	1.98782e-70	2.25088e-72	1.31039e-75	4.46314e-77	4.81373e-80	1.7466e-81	8.40663e-84	9.10337e-85	2.29234e-88	1.38033e-90	2.39107e-93	8.12915e-95	4.03882e-98	2.80821e-100	7.16588e-104	1.4982e-105	5.88374e-108	2.49882e-109	
N7	1.85188e-24	3.18741e-19	1.10172e-14	1.36268e-12	1.53207e-09	4.03632e-07	1.0742e-07	0.000108328	0.991926	0.00796519	2.11479e-07	9.21279e-12	6.76521e-16	1.11631e-20	3.94113e-26	1.75982e-31	1.88082e-34	4.87493e-36	2.14981e-39	7.01568e-42	4.49871e-45	4.40303e-48	2.59403e-51	1.02974e-53	5.12074e-57	3.97046e-59	7.06368e-62	4.13386e-65	5.4713e-69	8.96721e-72	6.09041e-76	6.73155e-79	2.11647e-83	7.43707e-35	6.46853e-35	8.1282e-34	6.99953e-35	8.55173e-35	3.29282e-35	1.28364e-34	2.81804e-35	4.79604e-35	4.70572e-36	1.30352e-35	2.08061e-35	2.40606e-34	
L_corymbiferum	0	0	0	0	0	0	0	0	1	0	0	0	0	0	0	0	0	0	0	0	0	0	0	0	0	0	0	0	0	0	0	0	0	0	0	0	0	0	0	0	0	0	0	0	0	0	
N8	3.57625e-28	4.29435e-22	6.77854e-17	2.70253e-14	1.6682e-10	1.11193e-08	2.30614e-08	6.54522e-06	0.98131	0.0186838	4.06112e-08	1.67292e-12	1.80237e-15	3.85652e-20	1.79904e-26	1.22377e-31	2.52189e-37	1.48161e-40	1.97144e-48	4.46864e-54	1.76285e-61	3.421e-51	3.53582e-37	1.26114e-36	1.77283e-37	2.34006e-35	4.62917e-35	2.34461e-35	2.03855e-37	1.29867e-36	3.17005e-38	6.08885e-37	6.42231e-39	1.74539e-37	1.70928e-37	4.61152e-35	1.86268e-37	2.12417e-37	5.11421e-38	6.62266e-37	5.06644e-38	9.89824e-38	4.09439e-40	3.97132e-39	3.32578e-39	4.00513e-37	
L_gallicum	0	0	0	0	0	0	0	0	0	1	0	0	0	0	0	0	0	0	0	0	0	0	0	0	0	0	0	0	0	0	0	0	0	0	0	0	0	0	0	0	0	0	0	0	0	0	
L_strictum	0	0	0	0	0	0	0	0	1	0	0	0	0	0	0	0	0	0	0	0	0	0	0	0	0	0	0	0	0	0	0	0	0	0	0	0	0	0	0	0	0	0	0	0	0	0	
N9	4.08256e-19	2.81904e-15	4.88959e-12	5.13808e-10	1.47606e-08	7.58186e-06	2.25729e-06	0.00237174	0.995452	0.00216614	6.01223e-07	4.58054e-10	1.02068e-12	5.40811e-16	6.87415e-20	1.54678e-23	1.95968e-27	8.93049e-29	4.29585e-33	2.14918e-36	5.47875e-40	5.71496e-41	2.82267e-42	5.65977e-43	8.2154e-47	1.89663e-49	5.64366e-53	4.1927e-57	4.89741e-62	1.71825e-63	3.56486e-65	2.90617e-65	4.69386e-67	1.54953e-67	7.6976e-69	4.35274e-69	8.56814e-74	1.87994e-77	7.46985e-82	3.6721e-85	3.35416e-90	2.79973e-94	7.0177e-100	9.80336e-104	3.27467e-108	1.10994e-111	
L_setaceum	0	0	0	0	0	0	0	0	1	0	0	0	0	0	0	0	0	0	0	0	0	0	0	0	0	0	0	0	0	0	0	0	0	0	0	0	0	0	0	0	0	0	0	0	0	0	
N10	1.50249e-26	4.11523e-21	2.72921e-16	4.92796e-14	2.03558e-12	8.39468e-08	1.45548e-09	7.77972e-05	0.999894	2.835e-05	6.67937e-08	2.90186e-08	1.08666e-11	6.42105e-16	3.14301e-17	4.50725e-18	1.4275e-20	3.96127e-20	4.44984e-26	5.47886e-31	1.14068e-36	1.51203e-21	4.11713e-20	5.5963e-18	2.9882e-20	4.04312e-21	4.75616e-23	1.30618e-25	3.69881e-29	2.47346e-28	4.39036e-27	4.83162e-24	5.50361e-23	3.87881e-20	2.54045e-18	2.88738e-15	2.53201e-18	3.87416e-20	1.01055e-22	3.85563e-24	2.96268e-27	2.12651e-29	2.64704e-33	2.43248e-35	6.46664e-38	2.15239e-39	
L_suffruticosum1	0	0	0	0	0	0	0	0	0	0	0	0	0	0	0	0	0	0	0	0	0	0	0	0	0	0	0	0	0	0	0	0	0	0	0	1	0	0	0	0	0	0	0	0	0	0	
L_tenuifolium1	0	0	0	0	0	0	0	0	1	0	0	0	0	0	0	0	0	0	0	0	0	0	0	0	0	0	0	0	0	0	0	0	0	0	0	0	0	0	0	0	0	0	0	0	0	0	
N11	5.24627e-17	2.30052e-13	2.52737e-10	1.85569e-08	5.62206e-06	4.2534e-05	0.00589985	0.00528053	0.861816	0.125415	0.000513406	0.000543301	0.000445122	3.87848e-05	3.55481e-08	1.39568e-10	4.85543e-14	6.83589e-16	2.21946e-20	1.17902e-23	8.1642e-28	5.50993e-32	3.53434e-36	4.38239e-39	8.24653e-44	1.27499e-46	2.52681e-50	1.3441e-54	8.03063e-60	1.87339e-63	1.3234e-68	1.0092e-71	2.66475e-77	5.54408e-81	2.04222e-85	2.58234e-88	3.23629e-94	1.26749e-98	1.16665e-103	1.78734e-107	7.90754e-113	3.54106e-117	3.15887e-123	2.22436e-127	6.38089e-132	2.87637e-135	
N12	2.03425e-22	6.546e-18	6.54266e-14	4.11228e-12	1.03915e-09	4.18726e-07	0.000190449	5.39168e-05	0.0328244	0.000375286	4.67604e-06	0.000203831	0.181474	0.778466	0.0064045	1.75787e-06	4.45481e-10	7.72565e-13	1.73222e-17	7.42938e-21	6.39624e-26	2.95789e-30	4.78529e-35	1.94679e-37	4.99463e-40	1.20838e-40	3.56711e-40	2.09034e-42	4.0548e-45	2.51369e-46	1.50732e-49	1.47817e-51	3.67838e-54	2.86577e-56	1.08864e-58	8.68539e-60	2.93623e-63	2.45182e-65	6.41725e-68	3.29026e-69	1.23038e-72	6.91507e-75	2.77532e-78	8.28885e-80	2.77743e-82	5.53773e-84	
N13	7.33293e-27	8.52108e-22	2.09194e-17	3.61239e-15	1.41984e-11	2.85021e-09	1.7679e-05	9.01944e-07	0.00118647	2.24332e-05	2.25815e-08	2.00819e-06	0.0214656	0.970227	0.00707655	8.64556e-07	1.39311e-10	1.24071e-12	1.24523e-16	1.45246e-20	3.15525e-25	3.86926e-30	3.84818e-35	1.34044e-38	5.97559e-44	9.12155e-47	3.53123e-53	8.22551e-57	8.60476e-60	4.59937e-58	6.14553e-59	1.48311e-55	3.17636e-56	3.62028e-56	3.37308e-56	2.63943e-54	5.13496e-56	2.90895e-54	1.10258e-50	1.30566e-50	3.46227e-52	6.87692e-51	1.00837e-52	7.96499e-52	6.09513e-52	3.04545e-50	
N14	2.78874e-32	1.49009e-26	2.3593e-21	6.15315e-19	6.60445e-15	3.72685e-12	1.56014e-07	5.75187e-10	3.77023e-06	1.7096e-09	1.63152e-13	5.29996e-09	0.000329455	0.999525	0.000141513	1.82324e-09	7.55261e-15	2.00039e-18	1.23389e-22	2.77501e-27	1.55146e-31	1.33519e-37	4.60082e-43	4.33535e-49	5.84803e-55	2.36542e-59	3.24405e-66	3.10964e-71	2.8301e-79	4.54165e-86	3.66119e-35	3.73665e-35	5.3325e-36	2.11831e-36	1.68416e-36	3.9363e-36	4.51827e-37	7.95057e-36	1.47356e-35	1.02281e-35	3.29749e-36	9.54853e-35	3.30786e-36	5.27821e-36	8.17624e-36	8.56781e-35	
L_album	0	0	0	0	0	0	0	0	0	0	0	0	0	1	0	0	0	0	0	0	0	0	0	0	0	0	0	0	0	0	0	0	0	0	0	0	0	0	0	0	0	0	0	0	0	0	
L_mucronatum1	0	0	0	0	0	0	0	0	0	0	0	0	0	1	0	0	0	0	0	0	0	0	0	0	0	0	0	0	0	0	0	0	0	0	0	0	0	0	0	0	0	0	0	0	0	0	
N15	1.4984e-35	5.17815e-28	2.53662e-22	2.66481e-19	3.41245e-14	5.88386e-13	6.51958e-08	1.58493e-09	4.19067e-06	6.65266e-07	2.08825e-11	7.00269e-10	0.000114098	0.944312	0.0555685	6.03235e-07	3.36994e-12	3.41805e-15	9.89001e-20	1.74568e-25	3.75305e-27	1.14436e-30	3.06063e-33	1.44719e-35	5.90007e-38	1.18916e-38	3.42208e-42	3.52824e-43	2.97157e-47	1.14255e-49	6.03114e-53	1.42992e-55	2.01065e-59	9.20415e-63	1.40062e-65	3.24366e-67	3.55284e-71	1.24019e-72	2.56182e-75	1.39234e-78	1.83355e-82	5.55383e-84	6.46174e-89	2.63196e-92	1.16466e-95	8.80872e-98	
N16	4.80954e-39	9.60128e-34	3.51743e-27	9.43469e-24	6.22361e-18	2.46101e-16	5.56131e-10	7.33423e-13	1.81903e-08	3.87958e-09	4.23064e-15	6.21926e-13	2.70171e-06	0.949958	0.0500396	2.529e-08	2.22204e-15	4.80986e-21	6.21743e-26	1.56433e-31	1.05841e-33	5.10283e-34	5.06051e-34	7.58606e-36	9.52152e-38	2.13695e-35	4.11401e-36	1.13152e-33	7.99913e-36	1.00818e-33	5.07017e-36	6.67738e-36	1.03611e-36	5.26788e-37	5.08429e-37	1.69092e-38	1.05043e-40	1.96854e-38	3.90306e-38	3.18892e-38	1.0236e-38	4.55133e-36	1.46927e-38	1.02672e-36	2.03722e-36	5.44742e-36	
N17	1.0001e-35	1.5224e-31	7.78722e-28	9.94583e-26	9.59215e-21	3.01093e-17	1.15459e-11	3.14434e-15	2.16751e-10	2.21619e-12	1.73635e-17	5.52213e-12	6.58941e-06	0.998149	0.0018443	2.80955e-09	9.55229e-16	1.30222e-22	2.04238e-26	4.44324e-31	2.77108e-32	2.50468e-34	9.65815e-37	6.50629e-41	1.2765e-45	7.97557e-47	1.8077e-49	6.30267e-50	3.66464e-54	7.86517e-55	7.92347e-60	9.96483e-63	2.59406e-66	1.17662e-69	8.06379e-73	1.36859e-77	2.52722e-83	6.78659e-86	5.55473e-39	1.07173e-38	1.30811e-38	2.59882e-36	3.60064e-38	2.72718e-36	5.40092e-36	9.69035e-36	
N18	1.67999e-35	1.48296e-31	4.58256e-28	6.8517e-27	3.68437e-22	1.2413e-18	3.37226e-13	6.4e-17	3.28906e-12	2.58022e-15	1.2868e-17	1.06564e-11	9.23143e-06	0.99989	0.000101186	2.01266e-10	9.16836e-17	8.61668e-23	1.3287e-25	5.4428e-30	5.53537e-33	2.7423e-39	9.13195e-45	3.66204e-52	8.03996e-60	4.1721e-64	2.29983e-36	3.86471e-34	2.847e-36	5.96955e-35	1.03033e-36	1.04494e-36	1.09042e-37	5.1757e-38	4.96107e-38	1.56971e-39	2.29504e-41	2.9207e-39	5.79733e-39	1.06265e-38	1.28477e-38	2.58282e-36	1.47738e-38	1.08327e-37	2.03588e-37	1.64366e-36	
L_arboreum	0	0	0	0	0	0	0	0	0	0	0	0	0	1	0	0	0	0	0	0	0	0	0	0	0	0	0	0	0	0	0	0	0	0	0	0	0	0	0	0	0	0	0	0	0	0	
L_elegans	0	0	0	0	0	0	0	0	0	0	0	0	0	1	0	0	0	0	0	0	0	0	0	0	0	0	0	0	0	0	0	0	0	0	0	0	0	0	0	0	0	0	0	0	0	0	
L_campanulatum	0	0	0	0	0	0	0	0	0	0	0	0	0	1	0	0	0	0	0	0	0	0	0	0	0	0	0	0	0	0	0	0	0	0	0	0	0	0	0	0	0	0	0	0	0	0	
N19	5.89751e-37	8.357e-32	8.1677e-28	7.97824e-25	5.77081e-19	7.92006e-18	6.50318e-12	8.99607e-14	2.31569e-10	7.49793e-11	7.42235e-15	5.93097e-13	1.43723e-06	0.908477	0.0915215	9.95489e-08	2.08561e-14	1.12599e-19	6.17169e-23	3.22959e-28	4.11599e-30	2.50015e-34	6.6981e-37	3.57362e-41	1.43544e-44	1.38019e-44	3.34035e-47	1.79542e-47	1.72484e-52	1.04187e-54	1.31441e-58	1.7916e-61	4.69294e-66	1.41643e-69	1.07751e-72	1.72458e-77	4.80047e-82	2.52123e-83	2.33277e-37	4.31881e-37	5.24444e-37	1.46713e-34	5.74366e-37	8.74082e-37	1.26896e-36	7.68295e-35	
L_capitatum	0	0	0	0	0	0	0	0	0	0	0	0	0	1	0	0	0	0	0	0	0	0	0	0	0	0	0	0	0	0	0	0	0	0	0	0	0	0	0	0	0	0	0	0	0	0	
N20	5.70573e-33	2.52504e-29	1.27967e-26	8.41024e-25	2.37092e-19	2.62565e-19	6.52153e-14	8.16681e-15	2.94497e-12	3.31806e-11	1.35908e-12	5.04513e-13	3.56782e-07	0.153766	0.84623	3.76647e-06	2.82095e-12	2.08864e-16	2.25331e-18	2.8845e-22	1.864e-24	2.34901e-31	1.52675e-36	2.22071e-43	7.18479e-49	2.47776e-51	1.34113e-56	2.04664e-59	2.64901e-67	9.74485e-73	4.71086e-79	8.30041e-85	1.09705e-92	1.65571e-99	1.10521e-105	3.51677e-114	1.30046e-121	2.36524e-125	1.54445e-132	1.88615e-37	2.25402e-37	8.45678e-35	2.45944e-37	2.14374e-37	2.23746e-37	4.32857e-35	
L_gyaricum	0	0	0	0	0	0	0	0	0	0	0	0	0	0	1	0	0	0	0	0	0	0	0	0	0	0	0	0	0	0	0	0	0	0	0	0	0	0	0	0	0	0	0	0	0	0	
L_tauricum	0	0	0	0	0	0	0	0	0	0	0	0	0	0	1	0	0	0	0	0	0	0	0	0	0	0	0	0	0	0	0	0	0	0	0	0	0	0	0	0	0	0	0	0	0	0	
L_flavum	0	0	0	0	0	0	0	0	0	0	0	0	0	0	1	0	0	0	0	0	0	0	0	0	0	0	0	0	0	0	0	0	0	0	0	0	0	0	0	0	0	0	0	0	0	0	
L_nodiflorum	0	0	0	0	0	0	0	0	0	0	0	0	1	0	0	0	0	0	0	0	0	0	0	0	0	0	0	0	0	0	0	0	0	0	0	0	0	0	0	0	0	0	0	0	0	0	
N21	2.3887e-18	1.32127e-14	1.89709e-11	3.78192e-09	1.00392e-05	6.69217e-06	0.000373725	0.000329215	0.166538	0.831054	0.00166947	1.92986e-05	2.13584e-07	4.37961e-10	5.49858e-14	6.03882e-18	7.6657e-22	2.57144e-24	1.06735e-28	2.40325e-32	6.69767e-36	1.13062e-40	5.1976e-45	6.17959e-49	2.03308e-53	1.85596e-56	3.88152e-61	1.13058e-64	4.11836e-70	2.55893e-74	1.92006e-79	9.10736e-84	3.78826e-89	1.05524e-93	1.95525e-98	7.55328e-102	8.29619e-108	4.08851e-112	8.17211e-117	1.23999e-121	4.93057e-127	6.90183e-131	4.44848e-137	4.59172e-142	5.48321e-147	5.53549e-151	
N22	1.03506e-21	3.91152e-17	2.83739e-13	5.66787e-11	2.85814e-07	1.72121e-07	5.40549e-06	1.8967e-05	0.0700862	0.929543	0.000346008	3.68079e-08	2.34836e-11	4.71239e-15	9.25644e-19	1.31321e-23	4.49235e-28	2.19172e-31	8.67909e-37	1.98422e-40	3.39428e-46	7.18037e-51	2.18205e-56	5.40399e-61	2.21386e-64	7.02104e-66	2.97785e-66	4.10871e-65	2.79534e-67	2.98743e-66	8.03039e-70	3.84158e-72	6.89286e-75	8.7546e-74	1.95372e-76	8.54442e-78	6.10213e-82	1.94256e-84	1.80304e-87	5.20846e-89	3.57595e-93	5.90915e-96	5.14024e-100	8.16907e-102	5.73825e-105	2.69662e-107	
N23	1.56613e-28	4.6193e-22	1.81551e-16	7.37349e-14	4.19185e-10	9.71664e-10	1.21105e-08	3.61281e-07	0.115103	0.884893	2.74128e-06	1.50249e-12	7.62312e-18	3.52936e-23	5.79186e-28	1.21512e-32	2.72004e-33	1.26771e-32	3.67864e-33	1.32161e-31	3.8408e-33	5.64685e-33	1.05228e-33	1.83871e-34	1.815e-35	1.00826e-34	1.66546e-34	1.35441e-34	8.23906e-35	3.75148e-33	8.77252e-35	8.22022e-35	5.95748e-35	3.35698e-35	7.96915e-36	1.64441e-34	3.35202e-36	3.5162e-35	3.28114e-35	1.87557e-33	3.55306e-35	3.76671e-35	1.59703e-36	5.87504e-35	3.75825e-35	9.99345e-35	
L_corymbulosum	0	0	0	0	0	0	0	0	1	0	0	0	0	0	0	0	0	0	0	0	0	0	0	0	0	0	0	0	0	0	0	0	0	0	0	0	0	0	0	0	0	0	0	0	0	0	
L_trigynum	0	0	0	0	0	0	0	0	0	1	0	0	0	0	0	0	0	0	0	0	0	0	0	0	0	0	0	0	0	0	0	0	0	0	0	0	0	0	0	0	0	0	0	0	0	0	
L_tenue1	0	0	0	0	0	0	0	0	0	1	0	0	0	0	0	0	0	0	0	0	0	0	0	0	0	0	0	0	0	0	0	0	0	0	0	0	0	0	0	0	0	0	0	0	0	0	
L_maritimum	0	0	0	0	0	0	0	0	0	1	0	0	0	0	0	0	0	0	0	0	0	0	0	0	0	0	0	0	0	0	0	0	0	0	0	0	0	0	0	0	0	0	0	0	0	0	
L_catharticum	0	0	0	0	0	0	0	1	0	0	0	0	0	0	0	0	0	0	0	0	0	0	0	0	0	0	0	0	0	0	0	0	0	0	0	0	0	0	0	0	0	0	0	0	0	0	
N24	4.90877e-13	3.64095e-10	8.28949e-08	1.8276e-06	2.46393e-05	0.000978811	0.000759911	0.0282394	0.947937	0.0220066	5.15113e-05	3.06693e-07	1.37257e-09	2.83998e-12	1.59639e-15	2.0734e-18	5.30942e-22	2.50947e-24	1.38845e-28	9.19949e-32	7.16095e-36	1.50113e-39	1.98174e-43	4.36131e-46	4.26323e-50	1.29755e-52	1.00944e-55	2.59873e-59	1.31917e-63	1.55029e-66	5.9425e-71	9.45652e-74	2.4886e-78	1.14054e-81	1.5348e-85	4.12274e-88	4.21544e-93	7.42209e-97	3.72868e-101	2.51861e-104	4.52559e-109	8.17946e-113	6.63676e-118	2.69513e-121	2.72691e-125	2.77381e-128	
N25	4.67355e-17	8.04758e-13	2.97334e-09	1.33655e-07	1.52307e-05	0.00108019	0.00122934	0.0191137	0.948307	0.030251	3.77282e-06	2.56653e-09	3.07389e-10	1.67418e-11	1.3283e-13	7.87489e-17	9.86173e-21	8.76024e-21	4.18839e-21	2.76449e-22	1.19894e-24	2.2008e-26	1.05399e-28	6.98296e-30	1.5539e-32	2.12033e-33	4.85932e-35	3.36653e-37	3.58305e-40	1.86963e-41	1.5762e-44	1.11968e-45	8.6893e-49	1.93446e-50	1.16366e-52	2.15644e-53	6.27183e-57	5.1178e-59	1.12438e-61	5.48267e-63	3.61891e-66	3.44199e-68	9.98274e-72	3.26946e-73	1.50266e-75	1.0401e-76	
N26	1.73825e-19	1.36721e-14	2.42148e-10	3.26904e-08	2.71333e-06	0.00203058	0.000317749	0.0175199	0.977061	0.00306832	6.78836e-08	1.87431e-10	2.97326e-12	1.51691e-14	8.10867e-18	4.94653e-22	7.31303e-26	7.2412e-28	3.63211e-32	4.49801e-34	3.22224e-38	4.49567e-42	4.35936e-46	1.70234e-50	5.01717e-56	4.086e-59	1.93189e-60	3.12321e-58	5.37972e-61	6.47853e-61	1.4108e-62	9.12827e-64	4.551e-67	1.28823e-66	8.81002e-70	1.9542e-71	5.77506e-76	5.14213e-78	1.69863e-80	1.22247e-81	4.24776e-86	4.6618e-87	1.53468e-91	1.19721e-92	4.45976e-95	2.24491e-97	
N27	3.22759e-23	6.59306e-18	2.51601e-13	9.21805e-11	6.88789e-09	5.85412e-05	8.39643e-07	0.000948019	0.998839	0.000148698	5.25481e-07	4.50748e-06	3.54795e-08	2.99695e-11	1.5049e-13	3.56117e-13	5.69842e-15	2.61369e-14	1.88974e-19	2.20308e-22	6.53476e-25	2.37513e-25	4.66093e-28	6.2198e-29	1.1606e-32	1.52452e-33	1.69469e-35	7.03537e-38	7.42748e-42	2.3341e-42	1.75916e-41	8.29173e-40	4.46529e-41	1.30024e-38	8.03575e-39	7.41395e-37	1.7377e-38	2.12555e-38	6.49723e-39	1.6545e-37	6.44813e-39	4.60601e-38	5.27435e-38	9.08827e-37	5.71808e-37	1.48508e-35	
N28	2.42425e-24	1.43224e-19	2.59936e-15	7.43262e-13	5.46116e-11	3.15232e-07	3.81328e-09	2.49772e-05	0.0711485	8.6033e-06	6.63077e-07	0.000127471	4.18953e-06	3.61714e-09	7.55345e-10	7.67161e-07	0.000201755	0.928281	0.000201344	4.07165e-07	6.77415e-11	3.88689e-15	2.83703e-19	3.41401e-22	2.31916e-26	1.9344e-28	8.08361e-32	6.78558e-36	3.09423e-41	8.05566e-45	3.27184e-47	3.88511e-48	9.47216e-51	1.35825e-49	2.74784e-51	5.75157e-51	4.08323e-55	1.9454e-57	3.38001e-60	1.24152e-61	1.38446e-64	3.77644e-66	1.08872e-67	1.80734e-69	1.48735e-71	3.43613e-72	
C_selaginoides	0	0	0	0	0	0	0	0	0	0	0	0	0	0	0	0	0	1	0	0	0	0	0	0	0	0	0	0	0	0	0	0	0	0	0	0	0	0	0	0	0	0	0	0	0	0	
N29	2.11152e-28	2.69629e-23	1.03244e-18	3.29701e-16	2.30558e-14	3.99298e-10	1.08249e-11	2.6842e-07	0.00169196	6.76611e-08	9.82479e-09	9.86942e-06	6.06871e-08	3.2928e-11	6.76033e-11	1.00636e-07	0.000115044	0.998081	0.000102032	5.13331e-09	6.50384e-13	1.93508e-14	8.46451e-16	6.27032e-16	4.24061e-19	2.76006e-22	4.82243e-25	1.95306e-30	2.84147e-35	1.97956e-37	5.00303e-34	2.54647e-31	6.5444e-30	7.03349e-24	1.02431e-22	3.97855e-20	2.09966e-22	1.33057e-23	1.8366e-26	3.50281e-27	5.86701e-29	3.70348e-31	2.36707e-31	4.07664e-33	2.96978e-34	2.15519e-34	
L_littorale	0	0	0	0	0	0	0	0	0	0	0	0	0	0	0	0	0	0	0	0	0	0	0	0	0	0	0	0	0	0	0	0	0	0	0	1	0	0	0	0	0	0	0	0	0	0	
N30	1.86911e-33	7.36654e-28	9.21495e-23	3.90652e-20	4.514e-18	3.15938e-13	1.76292e-14	1.23715e-09	3.36265e-05	4.63013e-10	3.90192e-11	2.29785e-07	3.03233e-10	4.1003e-14	1.08199e-14	6.13476e-10	5.92338e-05	0.999854	5.33349e-05	3.74651e-10	1.26977e-15	1.03707e-20	3.16046e-23	1.76222e-24	3.16741e-28	5.49343e-32	8.62596e-35	2.75203e-40	4.81045e-43	2.79524e-46	1.17463e-47	1.80262e-48	1.14803e-50	3.29873e-51	2.64409e-52	2.66353e-53	3.64912e-57	5.89406e-61	3.86239e-65	6.40521e-67	1.61113e-69	2.23357e-73	8.4072e-77	9.13628e-79	1.35359e-79	1.58454e-80	
N31	6.76684e-33	1.51376e-29	1.82745e-25	1.5639e-22	3.46613e-20	3.27656e-15	8.4627e-16	7.46293e-11	1.645e-06	1.85498e-11	1.60154e-12	2.19316e-08	1.74587e-11	7.31619e-15	3.5182e-14	5.57556e-09	3.66984e-05	0.999929	3.25865e-05	1.72162e-10	9.33435e-16	6.02384e-18	1.74636e-18	4.73431e-17	6.56105e-19	1.97092e-22	1.11847e-24	9.40793e-31	1.56661e-35	2.50672e-39	8.62683e-42	1.38001e-40	2.45748e-41	4.75906e-40	2.52053e-41	9.28178e-41	7.44301e-47	3.58329e-51	8.2826e-58	1.61047e-61	9.58559e-67	6.97202e-74	2.58758e-34	1.72037e-36	7.3065e-38	6.77514e-38	
L_macraei	0	0	0	0	0	0	0	0	0	0	0	0	0	0	0	0	0	0	0	0	0	0	0	0	0	0	0	0	0	0	0	0	0	0	0	1	0	0	0	0	0	0	0	0	0	0	
L_prostratum	0	0	0	0	0	0	0	0	0	0	0	0	0	0	0	0	0	1	0	0	0	0	0	0	0	0	0	0	0	0	0	0	0	0	0	0	0	0	0	0	0	0	0	0	0	0	
L_oligophyllum	0	0	0	0	0	0	0	0	0	0	0	0	0	0	0	0	0	1	0	0	0	0	0	0	0	0	0	0	0	0	0	0	0	0	0	0	0	0	0	0	0	0	0	0	0	0	
N32	2.71032e-23	2.01617e-18	2.77681e-14	2.49021e-11	5.60666e-09	9.62228e-06	5.84201e-07	0.000666638	0.998833	0.000484637	9.99646e-07	4.37618e-06	6.09508e-07	3.93238e-09	3.20269e-12	4.38353e-14	5.95979e-16	1.13835e-17	7.66572e-23	4.22507e-28	4.07143e-33	5.54576e-38	1.1776e-42	1.81455e-43	8.77953e-46	7.43226e-47	3.15109e-47	7.88702e-51	1.95699e-53	1.646e-56	6.39975e-60	1.94053e-60	1.28691e-63	8.79106e-64	5.09599e-66	2.6885e-66	2.12332e-70	1.35034e-72	1.45569e-76	1.09676e-77	5.01675e-80	1.31075e-83	6.52471e-87	4.06792e-89	1.29487e-90	7.16601e-91	
N33	2.093e-23	1.20712e-18	1.34559e-14	1.21975e-11	5.42115e-09	2.84159e-06	2.47488e-06	0.00138622	0.980421	0.00203922	2.47095e-05	0.000131872	0.0135434	0.00236934	7.13442e-05	7.78421e-06	1.56107e-07	1.34154e-07	2.6721e-12	2.2254e-15	1.44636e-19	2.8136e-24	1.10229e-28	5.98583e-32	1.24812e-36	6.20196e-39	7.88072e-43	2.16608e-47	1.76727e-53	2.31281e-57	3.38133e-63	1.10331e-66	4.83599e-73	4.29713e-68	1.52507e-67	1.63156e-65	1.13995e-68	1.50046e-69	7.1726e-72	5.71924e-73	2.70669e-75	4.41336e-76	3.38138e-80	6.51856e-82	3.92897e-84	1.49669e-84	
L_kingii	0	0	0	0	0	0	0	0	0	0	0	0	1	0	0	0	0	0	0	0	0	0	0	0	0	0	0	0	0	0	0	0	0	0	0	0	0	0	0	0	0	0	0	0	0	0	
N34	3.85313e-23	1.64924e-18	1.41424e-14	8.80296e-12	6.41502e-09	3.77398e-07	9.66484e-06	0.00315317	0.917544	0.0376645	0.000170097	0.000744129	0.013658	0.00255158	0.00240769	0.00248651	0.0016938	0.0179123	4.65918e-06	4.64952e-09	8.19314e-13	1.98717e-17	1.55061e-21	2.07019e-24	1.93685e-28	7.14748e-31	8.57019e-36	1.02161e-39	2.97669e-45	2.54558e-49	1.15821e-54	9.46649e-59	1.74686e-64	3.62566e-68	8.39077e-73	9.30187e-76	3.98291e-82	2.78795e-86	6.05667e-91	5.51706e-96	5.6449e-102	3.4781e-106	8.34935e-113	8.31144e-118	1.52985e-122	3.80362e-126	
L_rupestre	0	0	0	0	0	0	0	0	0	0	0	0	0	0	0	0	0	1	0	0	0	0	0	0	0	0	0	0	0	0	0	0	0	0	0	0	0	0	0	0	0	0	0	0	0	0	
L_vernale	0	0	0	0	0	0	0	0	0	0	0	0	0	0	1	0	0	0	0	0	0	0	0	0	0	0	0	0	0	0	0	0	0	0	0	0	0	0	0	0	0	0	0	0	0	0	
L_striatum	0	0	0	0	0	0	0	0	1	0	0	0	0	0	0	0	0	0	0	0	0	0	0	0	0	0	0	0	0	0	0	0	0	0	0	0	0	0	0	0	0	0	0	0	0	0	
N35	6.72459e-17	4.0128e-13	8.82294e-10	8.29537e-08	6.21467e-06	0.00807863	0.00794565	0.151016	0.832546	0.000405956	1.02387e-06	7.20787e-08	1.89592e-09	2.4575e-12	1.29881e-14	1.46331e-15	1.92325e-16	4.32188e-16	3.89265e-20	8.44672e-23	7.01226e-27	9.41965e-31	7.41681e-35	2.96716e-38	2.0213e-42	7.95536e-45	2.20295e-48	1.49643e-52	8.78676e-58	4.6319e-61	1.89686e-66	6.2846e-70	3.8799e-75	1.6872e-78	8.63383e-83	1.93238e-85	2.06796e-91	1.01153e-95	1.13433e-100	3.82665e-104	1.18011e-109	6.15877e-114	4.80095e-120	6.93607e-124	1.85183e-128	8.91755e-132	
He_micranthum	0	0	0	0	0	0	0	0	0	0	0	0	0	0	0	0	0	1	0	0	0	0	0	0	0	0	0	0	0	0	0	0	0	0	0	0	0	0	0	0	0	0	0	0	0	0	
S_digynum	0	0	0	0	0	1	0	0	0	0	0	0	0	0	0	0	0	0	0	0	0	0	0	0	0	0	0	0	0	0	0	0	0	0	0	0	0	0	0	0	0	0	0	0	0	0	
N36	6.68796e-27	3.22783e-21	8.47481e-17	6.349e-14	2.28814e-09	3.46534e-11	1.62602e-07	8.48807e-07	1.07244e-05	0.00332269	1.38359e-07	6.57137e-11	9.18849e-07	0.00385895	0.992114	0.000691712	9.97004e-08	8.60293e-11	2.84723e-16	3.96189e-21	5.7306e-26	2.20573e-28	8.16145e-31	2.91351e-32	8.69818e-35	6.70235e-36	9.09807e-38	3.86817e-40	2.97798e-43	4.19664e-45	2.90098e-48	7.4108e-50	4.21505e-53	1.03463e-54	4.10182e-57	3.0719e-58	6.9528e-62	2.94155e-64	3.27928e-67	3.93982e-69	2.70726e-72	1.37438e-74	2.4014e-78	1.40823e-80	5.79871e-83	2.18143e-84	
N37	3.13411e-31	3.18011e-25	2.18369e-20	9.14474e-17	1.01516e-11	6.22522e-14	1.86862e-09	7.63093e-09	1.39984e-07	0.000307669	3.40291e-09	2.54981e-13	1.75491e-08	0.000714961	0.998851	0.000125964	1.68934e-09	1.79829e-13	4.08243e-19	7.71277e-22	1.10131e-26	4.32047e-30	4.51075e-32	7.86318e-35	1.56652e-38	1.54046e-39	1.51147e-42	1.25564e-42	9.46302e-47	1.04736e-46	2.51444e-51	2.35847e-52	1.67459e-56	1.9739e-58	1.10513e-61	1.59252e-63	2.17238e-68	3.3163e-70	1.4987e-72	1.36257e-73	1.96714e-78	1.05221e-78	1.16326e-83	3.61088e-84	1.52993e-86	6.90328e-89	
N38	4.0457e-32	1.14509e-26	4.949e-22	2.57295e-18	1.07515e-13	1.21933e-15	4.32439e-11	1.51554e-10	5.1874e-09	4.34156e-05	1.25623e-09	5.70647e-14	3.14481e-09	0.000225143	0.999656	7.58463e-05	6.6733e-10	1.61204e-14	8.63282e-19	1.07677e-20	1.35769e-24	9.67707e-28	5.17531e-32	7.65249e-38	2.05725e-44	1.61328e-48	2.16801e-53	7.4996e-56	3.8556e-58	5.77435e-55	1.79223e-59	1.13737e-60	8.13762e-64	2.94186e-66	6.03332e-66	1.36726e-69	2.63727e-74	2.46151e-76	4.26648e-78	5.74496e-76	2.2027e-80	7.29182e-81	7.67519e-85	1.68586e-85	6.21616e-88	1.75797e-90	
N39	6.17877e-36	2.76652e-30	1.06234e-25	1.99569e-22	9.72051e-18	2.42084e-19	1.42861e-14	1.86648e-13	1.76088e-11	5.31852e-07	1.52003e-11	2.88107e-15	4.36593e-10	5.92095e-05	0.999889	5.10737e-05	3.26565e-10	6.5623e-16	1.25447e-20	4.39427e-24	1.82337e-27	4.66896e-31	6.7273e-36	5.59589e-42	1.07939e-48	5.50915e-54	1.92123e-59	4.6502e-63	1.26238e-68	1.37187e-72	6.81918e-80	1.09314e-85	3.19049e-92	1.44361e-98	7.08901e-105	3.18655e-112	1.37935e-120	8.87699e-128	2.51194e-135	4.46707e-38	1.43787e-38	9.35356e-37	3.21914e-37	1.05194e-35	2.04797e-35	3.48922e-35	
L_acuticarpum	0	0	0	0	0	0	0	0	0	0	0	0	0	0	1	0	0	0	0	0	0	0	0	0	0	0	0	0	0	0	0	0	0	0	0	0	0	0	0	0	0	0	0	0	0	0	
L_gracile	0	0	0	0	0	0	0	0	0	0	0	0	0	0	1	0	0	0	0	0	0	0	0	0	0	0	0	0	0	0	0	0	0	0	0	0	0	0	0	0	0	0	0	0	0	0	
L_heterostylum	0	0	0	0	0	0	0	0	0	0	0	0	0	0	1	0	0	0	0	0	0	0	0	0	0	0	0	0	0	0	0	0	0	0	0	0	0	0	0	0	0	0	0	0	0	0	
L_africanum	0	0	0	0	0	0	0	0	0	0	0	0	0	0	1	0	0	0	0	0	0	0	0	0	0	0	0	0	0	0	0	0	0	0	0	0	0	0	0	0	0	0	0	0	0	0	
L_comptonii	0	0	0	0	0	0	0	0	0	0	0	0	0	0	1	0	0	0	0	0	0	0	0	0	0	0	0	0	0	0	0	0	0	0	0	0	0	0	0	0	0	0	0	0	0	0	
Ra_linoides	0	0	0	0	0	0	0	0	1	0	0	0	0	0	0	0	0	0	0	0	0	0	0	0	0	0	0	0	0	0	0	0	0	0	0	0	0	0	0	0	0	0	0	0	0	0	
N40	2.14937e-09	4.13687e-07	2.0709e-05	0.000511688	0.0017302	0.00766263	0.0181921	0.262636	0.685601	0.0235238	0.000120818	9.04457e-07	3.98583e-09	1.50681e-11	2.21434e-14	4.05328e-17	1.73704e-20	8.62407e-23	1.0841e-26	1.50196e-29	1.71177e-33	6.70844e-37	7.34358e-41	7.11925e-44	3.31077e-48	2.84568e-51	9.05351e-55	1.26237e-58	4.28958e-63	2.91627e-66	6.13169e-71	3.34888e-74	7.12141e-79	1.04274e-82	5.84334e-87	5.70892e-90	3.81077e-95	3.65976e-99	1.13216e-103	4.18817e-107	3.36109e-112	2.87823e-116	1.67068e-121	4.00054e-125	1.49402e-129	4.92198e-133	
N41	7.59132e-10	1.65249e-07	1.09784e-05	0.000261835	0.00107643	0.00616866	0.0163337	0.211835	0.735426	0.0286808	0.00019818	8.25942e-06	4.93315e-08	5.23306e-10	9.014e-13	1.50829e-14	4.28197e-18	1.0774e-19	1.25781e-23	6.48571e-26	1.3281e-29	1.26731e-32	3.07263e-36	3.21659e-38	1.37138e-42	5.03763e-45	5.36422e-48	2.35318e-51	7.7776e-56	2.47289e-58	1.30802e-62	1.05057e-64	1.62811e-69	7.12779e-73	9.09105e-77	7.68797e-79	5.81354e-84	1.58927e-87	1.17082e-91	2.58732e-94	3.61653e-99	1.29302e-102	8.97123e-108	1.48365e-110	1.20691e-114	2.94269e-117	
N42	1.68671e-11	8.41434e-09	1.00438e-06	3.29956e-05	0.000257989	0.00282483	0.0163685	0.129698	0.8168	0.0337993	0.000212519	4.2971e-06	5.4293e-08	2.00562e-09	1.30231e-11	2.89604e-13	4.06256e-16	9.73864e-18	3.23842e-21	1.11434e-23	3.47534e-27	2.49849e-30	6.61556e-34	2.39002e-36	1.40358e-40	1.94541e-43	9.97056e-47	2.16138e-50	7.51039e-55	6.61421e-58	2.33616e-62	3.38752e-65	5.07994e-70	1.02898e-73	6.62575e-78	1.03799e-80	6.79169e-86	7.29415e-90	2.36949e-94	9.86687e-98	9.71542e-103	1.13175e-106	5.6429e-112	1.52553e-115	7.63842e-120	4.20554e-123	
N43	5.31355e-12	1.94339e-09	2.10274e-07	8.20586e-06	0.000121546	0.0018709	0.0046493	0.0998793	0.82841	0.0636858	0.00130023	7.05761e-05	3.16018e-06	5.28942e-07	3.94268e-08	5.28019e-09	6.03464e-11	6.1145e-12	6.05496e-15	4.01939e-17	2.90096e-20	3.5133e-23	1.6947e-26	8.54954e-29	1.26477e-32	4.03285e-35	4.03591e-38	1.70172e-41	1.22435e-45	1.72849e-48	1.10937e-52	2.29608e-55	8.49158e-60	4.10154e-63	6.38002e-67	1.83434e-69	2.79593e-74	6.23832e-78	4.19825e-82	3.19125e-85	7.84841e-90	2.00437e-93	2.3077e-98	1.06524e-101	1.32469e-105	1.54891e-108	
N44	3.15329e-19	5.4601e-15	2.26646e-11	1.26979e-09	1.81966e-08	2.61361e-05	6.95488e-07	0.00132053	0.997654	0.000998455	1.58871e-07	2.7342e-11	3.06013e-15	2.797e-19	1.37381e-23	6.26665e-28	8.98857e-33	3.92474e-37	1.32658e-37	1.36508e-39	1.95917e-41	1.52868e-40	6.14826e-43	1.04467e-44	2.21323e-47	2.08386e-49	1.6735e-51	5.48159e-54	8.68714e-57	1.12942e-58	1.45877e-61	2.25128e-63	2.12307e-66	1.44354e-68	2.03367e-71	3.32412e-73	1.52657e-76	4.90733e-79	5.07954e-82	3.35238e-84	2.13606e-87	6.60091e-90	2.51862e-93	1.57253e-95	4.848e-98	5.76343e-100	
N45	1.38508e-25	9.02931e-20	6.58183e-15	9.05088e-13	2.70929e-11	5.14472e-07	1.43567e-09	6.3641e-05	0.999889	4.69371e-05	2.25209e-10	5.09195e-15	6.89858e-19	3.92835e-24	9.04165e-29	1.19918e-30	1.77438e-33	1.61551e-33	1.59327e-37	6.87173e-39	2.35046e-42	8.13781e-45	5.10783e-48	1.22813e-49	3.03784e-53	9.72355e-54	8.4465e-56	1.79536e-58	1.07006e-62	6.16434e-64	3.80295e-68	3.95471e-69	3.13868e-73	3.33528e-75	7.53228e-78	3.11833e-78	4.83515e-83	1.2692e-85	7.19636e-89	4.16777e-90	2.54002e-94	7.86714e-97	1.16707e-101	6.85461e-103	3.14424e-106	1.29193e-107	
N46	8.98282e-30	1.84672e-23	4.61045e-18	1.78668e-15	1.58247e-13	1.61484e-08	2.08394e-11	7.91779e-06	0.999986	6.15211e-06	4.1346e-12	1.21963e-16	1.13278e-19	1.51163e-24	2.64794e-31	3.39307e-35	3.17495e-38	2.30959e-38	8.438e-40	2.07105e-39	9.34132e-40	1.13924e-38	2.09023e-39	9.0211e-39	8.10524e-40	2.2481e-37	4.47265e-37	2.25019e-37	9.31238e-40	7.88941e-39	1.34294e-40	4.38406e-39	2.00702e-41	8.01402e-40	7.89086e-40	4.46448e-37	8.60148e-40	9.7729e-40	2.29878e-40	4.0047e-39	2.29287e-40	4.51956e-40	6.79487e-43	1.2036e-41	8.34019e-42	1.81909e-39	
N47	2.72062e-29	1.19341e-24	1.15303e-19	1.54851e-16	5.3158e-14	1.40206e-09	3.04518e-10	2.88831e-05	0.999945	2.61921e-05	8.62031e-11	1.22633e-14	6.70696e-17	4.65214e-21	4.69129e-27	9.48507e-32	1.94789e-36	4.71402e-39	1.28319e-42	8.00635e-45	4.55596e-47	7.06252e-48	7.6663e-51	9.99289e-53	1.44639e-55	6.08336e-56	4.08622e-58	6.59773e-61	1.97135e-65	1.43707e-67	1.9294e-71	3.8359e-73	9.2404e-78	1.54681e-78	3.15704e-81	1.40052e-81	1.20452e-86	2.3235e-89	8.78174e-93	7.23016e-95	1.81021e-98	4.67847e-101	2.70191e-106	7.98277e-109	1.35472e-111	2.59195e-112	
N48	3.53097e-32	3.99903e-26	1.06802e-20	1.6264e-17	6.57185e-15	7.57654e-10	1.74887e-10	2.18869e-05	0.999958	1.99626e-05	5.02498e-11	2.62191e-15	2.55683e-18	6.48714e-23	4.89122e-29	3.55479e-34	2.56399e-39	1.15129e-42	1.08462e-44	3.70388e-47	1.13441e-49	4.29767e-50	2.35873e-53	1.41033e-55	9.27695e-59	7.98597e-60	2.07234e-62	1.21401e-65	2.3704e-70	4.70419e-73	1.57646e-77	4.53957e-80	2.2629e-85	6.04738e-38	5.97512e-38	6.66108e-36	6.5204e-38	7.42404e-38	1.83274e-38	9.70907e-38	1.77564e-38	3.4747e-38	3.83436e-40	9.92588e-40	1.63016e-39	1.42734e-37	
N49	6.26334e-35	2.6905e-28	2.24181e-22	4.53593e-19	2.41482e-16	9.02645e-11	1.30133e-11	5.96932e-06	0.999989	5.43449e-06	3.70504e-12	8.09438e-17	4.58589e-20	3.62069e-25	4.00921e-32	1.04359e-35	2.01877e-38	4.21028e-39	5.63769e-44	5.65708e-47	5.85018e-51	5.3534e-38	1.27228e-38	3.93166e-38	1.35859e-38	1.22669e-36	2.41407e-36	1.23009e-36	1.5738e-38	4.39402e-38	2.20251e-39	1.82338e-38	2.68813e-40	1.34232e-38	1.33102e-38	2.4002e-36	1.45224e-38	1.64918e-38	3.96557e-39	2.30336e-38	3.88723e-39	7.66025e-39	5.23704e-41	1.47876e-40	2.31868e-40	3.11545e-38	
N50	3.52337e-34	1.30918e-29	2.36681e-24	8.76719e-21	8.74484e-18	1.3173e-11	1.1701e-12	1.78757e-06	0.999997	1.63331e-06	3.3455e-13	3.13828e-18	9.46925e-22	2.34193e-27	4.16217e-35	2.39268e-36	2.21609e-36	3.6228e-34	2.72287e-36	2.88596e-36	6.36342e-37	1.89885e-38	4.5121e-39	1.38423e-38	5.12901e-39	6.30523e-37	1.24609e-36	6.31813e-37	5.94874e-39	1.56433e-38	7.89205e-40	6.37577e-39	6.26194e-41	5.09041e-39	5.0651e-39	1.24081e-36	5.52652e-39	6.26232e-39	1.4798e-39	8.22716e-39	1.46008e-39	2.89348e-39	1.29206e-41	3.42619e-41	5.54848e-41	1.16997e-38	
L_alpinum	0	0	0	0	0	0	0	0	1	0	0	0	0	0	0	0	0	0	0	0	0	0	0	0	0	0	0	0	0	0	0	0	0	0	0	0	0	0	0	0	0	0	0	0	0	0	
L_punctatum1	0	0	0	0	0	0	0	0	1	0	0	0	0	0	0	0	0	0	0	0	0	0	0	0	0	0	0	0	0	0	0	0	0	0	0	0	0	0	0	0	0	0	0	0	0	0	
L_perenne	0	0	0	0	0	0	0	0	1	0	0	0	0	0	0	0	0	0	0	0	0	0	0	0	0	0	0	0	0	0	0	0	0	0	0	0	0	0	0	0	0	0	0	0	0	0	
L_lewisii	0	0	0	0	0	0	0	0	1	0	0	0	0	0	0	0	0	0	0	0	0	0	0	0	0	0	0	0	0	0	0	0	0	0	0	0	0	0	0	0	0	0	0	0	0	0	
L_leonii	0	0	0	0	0	0	0	0	1	0	0	0	0	0	0	0	0	0	0	0	0	0	0	0	0	0	0	0	0	0	0	0	0	0	0	0	0	0	0	0	0	0	0	0	0	0	
N51	8.5199e-29	1.8302e-23	9.06501e-19	8.54338e-16	2.10894e-13	3.83584e-09	2.84783e-09	8.79483e-05	0.999832	8.04075e-05	8.16991e-10	1.74957e-13	7.07568e-16	7.54821e-20	2.46023e-25	8.10022e-30	3.04863e-34	6.50364e-37	2.51959e-43	4.56137e-48	1.50785e-53	1.02917e-59	2.20514e-65	4.47396e-70	9.46584e-76	2.1146e-79	1.2602e-84	1.44983e-90	4.74413e-98	1.18003e-103	4.18746e-111	7.92547e-117	1.47547e-125	7.52055e-38	7.43778e-38	8.09925e-36	8.11754e-38	9.23862e-38	2.28021e-38	1.14588e-37	2.20697e-38	4.32249e-38	4.87771e-40	1.18321e-39	2.01159e-39	1.77649e-37	
L_austr_mauritanicum	0	0	0	0	0	0	0	0	1	0	0	0	0	0	0	0	0	0	0	0	0	0	0	0	0	0	0	0	0	0	0	0	0	0	0	0	0	0	0	0	0	0	0	0	0	0	
L_austriacum	0	0	0	0	0	0	0	0	1	0	0	0	0	0	0	0	0	0	0	0	0	0	0	0	0	0	0	0	0	0	0	0	0	0	0	0	0	0	0	0	0	0	0	0	0	0	
L_pallescens	0	0	0	0	0	0	0	0	1	0	0	0	0	0	0	0	0	0	0	0	0	0	0	0	0	0	0	0	0	0	0	0	0	0	0	0	0	0	0	0	0	0	0	0	0	0	
L_pycnophyllum	0	0	0	0	0	0	0	0	1	0	0	0	0	0	0	0	0	0	0	0	0	0	0	0	0	0	0	0	0	0	0	0	0	0	0	0	0	0	0	0	0	0	0	0	0	0	
N52	2.69294e-17	1.85837e-13	2.70037e-10	2.49614e-08	3.47555e-06	4.30786e-05	0.000270236	0.0124783	0.575956	0.15326	0.00385181	0.00334915	0.00520019	0.00356567	0.0340521	0.0939941	0.0488873	0.0650622	2.66467e-05	2.52308e-08	3.27697e-12	5.63421e-16	3.89771e-20	1.33926e-23	4.03677e-28	1.09921e-31	1.03162e-35	3.94283e-40	4.4444e-45	4.29375e-49	2.90022e-54	2.49158e-58	1.40812e-63	5.62783e-68	7.47845e-73	9.2673e-77	1.67835e-82	2.56034e-87	1.27111e-92	4.00688e-97	8.23067e-103	9.97569e-108	9.929e-114	1.62499e-118	1.295e-123	4.89595e-128	
L_aroanium1	0	0	0	0	0	0	0	0	0	0	0	0	0	0	0	0	0	1	0	0	0	0	0	0	0	0	0	0	0	0	0	0	0	0	0	0	0	0	0	0	0	0	0	0	0	0	
L_nervosum	0	0	0	0	0	0	0	0	0	0	0	0	0	0	1	0	0	0	0	0	0	0	0	0	0	0	0	0	0	0	0	0	0	0	0	0	0	0	0	0	0	0	0	0	0	0	
N53	2.90093e-14	5.25044e-11	1.81673e-08	1.17293e-06	3.13275e-05	0.000456875	0.0527516	0.0736689	0.832111	0.0408296	7.70258e-05	2.46949e-05	3.27695e-05	1.53893e-05	1.01995e-07	3.17514e-10	1.11995e-13	4.31523e-16	2.49019e-20	1.33653e-23	7.93085e-28	1.25533e-31	8.21538e-36	5.41951e-39	1.33586e-43	6.85363e-47	1.69076e-50	1.78448e-51	2.16573e-53	1.23255e-53	6.69768e-56	8.10152e-56	1.17282e-58	2.83922e-60	2.15958e-62	2.46125e-63	1.635e-66	4.34072e-68	1.50872e-69	7.32549e-71	8.4223e-74	9.62328e-76	6.3315e-79	1.80214e-80	1.25456e-82	7.84629e-84	
N54	1.76248e-15	3.98246e-12	2.50111e-09	1.68184e-07	1.01612e-05	0.000153977	0.0381738	0.0247047	0.297857	0.033103	0.000130313	0.000694164	0.0314839	0.53779	0.0320648	0.00383131	2.52088e-06	4.03689e-07	1.64835e-10	1.09488e-11	1.16849e-14	2.90077e-17	1.53852e-20	3.88225e-22	1.64586e-26	2.03286e-28	2.63175e-31	8.23767e-35	1.43753e-39	4.71684e-42	1.13095e-46	1.19796e-48	6.77354e-54	2.91432e-57	3.27574e-61	3.43578e-63	8.59138e-69	1.3723e-72	4.97267e-77	8.19192e-80	5.23118e-85	8.92104e-89	1.71525e-94	1.93707e-97	8.5631e-102	1.59885e-104	
N55	1.36591e-17	3.53951e-14	2.43246e-11	3.12533e-09	1.96575e-06	8.79007e-06	0.00345681	0.00126661	0.0205611	0.0688025	0.00132796	8.05532e-05	0.00953795	0.748971	0.143763	0.00216123	7.93182e-06	4.69256e-05	3.56029e-06	1.78021e-06	2.13594e-07	3.33135e-10	4.42739e-13	2.41637e-15	5.07287e-19	3.57512e-21	1.76715e-24	2.35109e-27	9.27537e-32	7.16796e-35	3.96971e-39	4.36842e-42	9.44281e-47	2.99839e-50	3.17631e-53	7.69963e-54	6.0798e-57	1.24397e-58	1.13078e-60	3.04444e-62	7.53827e-65	5.57446e-66	3.79041e-69	5.83394e-71	7.33771e-73	7.67508e-74	
N56	8.93766e-30	3.9855e-24	1.51319e-19	1.15154e-16	1.0377e-11	7.97365e-14	2.73708e-09	2.17843e-09	1.87718e-08	7.41357e-05	3.65266e-09	6.73579e-13	3.15833e-08	0.00118406	0.998693	4.85953e-05	9.30211e-10	1.19198e-13	2.86015e-18	1.16961e-22	1.63821e-27	1.74056e-33	8.45736e-40	3.87285e-46	1.16406e-52	3.97521e-58	3.32285e-65	2.26968e-32	3.79045e-33	9.83473e-33	8.45296e-33	8.32811e-33	3.09522e-33	5.25683e-34	2.41883e-34	7.76625e-34	1.48433e-34	1.00254e-33	8.1231e-34	5.4295e-33	2.05022e-33	1.51328e-32	1.84085e-33	2.49183e-33	1.21667e-33	9.01288e-33	
L_bienne	0	0	0	0	0	0	0	0	0	0	0	0	0	0	1	0	0	0	0	0	0	0	0	0	0	0	0	0	0	0	0	0	0	0	0	0	0	0	0	0	0	0	0	0	0	0	
L_usitatissimum	0	0	0	0	0	0	0	0	0	0	0	0	0	0	1	0	0	0	0	0	0	0	0	0	0	0	0	0	0	0	0	0	0	0	0	0	0	0	0	0	0	0	0	0	0	0	
L_hologynum	0	0	0	0	0	0	0	0	0	0	0	0	0	0	0	0	0	0	0	0	1	0	0	0	0	0	0	0	0	0	0	0	0	0	0	0	0	0	0	0	0	0	0	0	0	0	
L_narbonense	0	0	0	0	0	0	0	0	0	0	0	0	0	1	0	0	0	0	0	0	0	0	0	0	0	0	0	0	0	0	0	0	0	0	0	0	0	0	0	0	0	0	0	0	0	0	
N57	6.06765e-14	8.26082e-11	1.84458e-08	4.24662e-06	4.56711e-05	0.000760864	0.00663997	0.265766	0.721216	0.00555914	8.19364e-06	4.07035e-08	3.58087e-10	1.26442e-12	4.10337e-16	5.69861e-20	5.18915e-24	5.20973e-27	8.06285e-31	4.02283e-34	2.65836e-37	1.42734e-41	1.36648e-45	1.06172e-49	4.44049e-54	3.57039e-57	2.34691e-61	1.33902e-64	1.63003e-69	2.37678e-73	3.46076e-78	2.50581e-82	3.49952e-87	9.94371e-92	2.56124e-96	3.98837e-100	1.89728e-105	2.13337e-109	9.69661e-114	4.75209e-118	8.84041e-123	2.11594e-126	6.08409e-132	1.89919e-136	6.04488e-141	7.78615e-145	
L_decumbens1	0	0	0	0	0	0	0	0	1	0	0	0	0	0	0	0	0	0	0	0	0	0	0	0	0	0	0	0	0	0	0	0	0	0	0	0	0	0	0	0	0	0	0	0	0	0	
L_grandiflorum	0	0	0	0	0	0	0	1	0	0	0	0	0	0	0	0	0	0	0	0	0	0	0	0	0	0	0	0	0	0	0	0	0	0	0	0	0	0	0	0	0	0	0	0	0	0	
L_stelleroides	0	0	0	0	0	0	0	0	1	0	0	0	0	0	0	0	0	0	0	0	0	0	0	0	0	0	0	0	0	0	0	0	0	0	0	0	0	0	0	0	0	0	0	0	0	0	
N58	4.15414e-11	1.58204e-08	4.06204e-07	8.93916e-05	0.000121688	9.93993e-05	0.0123442	0.944762	0.0423949	0.000187966	2.51966e-07	3.9216e-10	4.32401e-13	3.65343e-16	1.65963e-19	6.84664e-23	1.60327e-26	1.04512e-29	9.3145e-34	2.06469e-37	1.50439e-41	1.60921e-45	9.1464e-50	1.78273e-53	6.638e-58	1.10264e-61	9.47271e-66	4.94649e-70	1.12784e-74	1.12312e-78	1.63171e-83	1.29721e-87	1.94191e-92	9.67412e-97	2.10959e-101	2.42141e-105	1.47125e-110	4.30947e-115	5.26153e-120	2.21215e-124	1.37006e-129	3.38002e-134	1.301e-139	3.86882e-144	9.11058e-149	6.15656e-153	
N59	1.43594e-13	2.37872e-10	1.44877e-08	1.11039e-05	1.01666e-05	6.96469e-06	0.00393904	0.987491	0.00853623	5.89307e-06	1.64092e-09	6.47253e-12	1.226e-15	7.44169e-19	7.1975e-23	1.47975e-25	2.0002e-30	2.24661e-33	1.59469e-38	3.97833e-42	6.55429e-47	3.31336e-51	7.6042e-56	7.76336e-59	1.81073e-64	2.66175e-68	1.6672e-72	4.72431e-77	8.94614e-83	1.50877e-86	9.13148e-92	5.69097e-95	4.30868e-101	1.02765e-105	5.62508e-111	2.75133e-114	1.19908e-120	1.76267e-125	6.90699e-131	6.48362e-135	5.94429e-141	1.21593e-145	3.93154e-152	2.64786e-156	1.4135e-161	2.08482e-165	
N60	4.53407e-15	1.33277e-11	1.53401e-09	1.65097e-06	1.33343e-06	1.9547e-06	0.00223398	0.994794	0.00296584	9.90991e-07	4.72845e-10	5.98185e-12	4.58277e-16	2.97458e-19	3.27012e-23	1.92099e-25	1.7647e-30	1.12894e-33	6.41091e-39	9.89441e-43	3.447e-47	1.82098e-51	1.02434e-55	2.1697e-58	4.23872e-64	3.63907e-68	2.25075e-72	8.86159e-77	1.413e-82	3.16863e-86	6.52856e-91	7.59651e-94	5.23107e-100	1.38123e-104	4.43605e-110	3.48079e-113	1.62693e-119	2.93057e-124	1.5524e-129	1.07669e-133	2.38351e-139	9.77013e-144	3.51811e-150	3.85065e-154	6.29146e-159	2.7883e-162	
L_hirsutum	0	0	0	0	0	0	0	1	0	0	0	0	0	0	0	0	0	0	0	0	0	0	0	0	0	0	0	0	0	0	0	0	0	0	0	0	0	0	0	0	0	0	0	0	0	0	
L_seljukorum	0	0	0	0	0	0	0	1	0	0	0	0	0	0	0	0	0	0	0	0	0	0	0	0	0	0	0	0	0	0	0	0	0	0	0	0	0	0	0	0	0	0	0	0	0	0	
L_viscosum	0	0	0	0	0	0	0	1	0	0	0	0	0	0	0	0	0	0	0	0	0	0	0	0	0	0	0	0	0	0	0	0	0	0	0	0	0	0	0	0	0	0	0	0	0	0	
L_pubescens	0	0	0	0	0	0	0	1	0	0	0	0	0	0	0	0	0	0	0	0	0	0	0	0	0	0	0	0	0	0	0	0	0	0	0	0	0	0	0	0	0	0	0	0	0	0	
Re_indica	0	0	0	0	0	0	0	0	0	0	1	0	0	0	0	0	0	0	0	0	0	0	0	0	0	0	0	0	0	0	0	0	0	0	0	0	0	0	0	0	0	0	0	0	0	0	
