NODE	1	2	3	4	5	6	7	8	9	10	11	12	13	14	15	16	17	18	19	20	21	22	23	24	25	26	27	28	29	30	31	32	33	34	35	36	37	38	39	40	41	42	43	44	45	46	
N1	1.89901e-10	1.17083e-07	9.39784e-06	0.000270005	0.00103029	0.00807729	0.00298876	0.0632922	0.849299	0.0743616	0.000670663	7.03094e-07	1.54875e-10	1.71342e-17	8.86923e-20	3.12502e-22	7.93968e-25	1.51812e-27	2.25745e-30	2.67915e-33	2.59134e-36	2.07809e-39	1.40166e-42	8.04852e-46	3.97533e-49	1.70404e-52	6.38826e-56	2.10869e-59	6.16504e-63	1.60478e-66	3.73642e-70	7.8132e-74	1.4727e-77	2.51022e-81	3.88034e-85	5.45372e-89	6.98491e-93	8.16844e-97	8.73746e-101	8.56168e-105	7.69534e-109	6.35145e-113	4.81827e-117	3.36211e-121	2.16108e-125	1.36045e-129	
N2	7.96869e-11	3.46103e-08	3.1459e-06	0.000110993	0.000495419	0.00395278	0.00204976	0.0648778	0.880049	0.0482255	0.000234671	8.29476e-07	5.80476e-09	2.82568e-11	7.24949e-14	9.74117e-17	4.43226e-20	6.15549e-22	4.47518e-26	2.62899e-28	1.4326e-32	1.69667e-35	1.09472e-39	1.01692e-42	3.52997e-47	9.33965e-50	4.87316e-53	8.12535e-57	2.12979e-61	6.46537e-64	6.38607e-69	7.2727e-72	2.89253e-76	4.1261e-80	2.59175e-84	9.52226e-87	3.37754e-92	5.7862e-96	2.93683e-100	5.39888e-103	2.22158e-108	2.78998e-112	1.79264e-117	2.80764e-120	5.83139e-125	2.73892e-128	
N3	8.17502e-14	9.28033e-11	1.89332e-08	8.49112e-07	5.76806e-06	0.000312823	0.000168573	0.0215793	0.966544	0.0113696	1.87003e-05	3.50169e-08	4.42801e-11	3.23367e-14	1.04477e-17	3.22088e-21	5.16019e-25	3.12959e-28	1.40462e-32	2.21322e-36	8.56665e-41	5.23697e-45	1.65873e-49	2.21569e-53	4.31243e-58	5.50225e-62	3.0115e-66	8.23216e-71	8.62468e-76	5.77878e-80	3.7241e-85	2.0013e-89	1.31328e-94	4.34387e-99	6.80498e-104	2.42635e-107	5.83679e-112	9.54779e-116	5.32123e-120	1.21779e-123	2.55863e-128	2.56055e-132	2.88348e-137	3.78557e-141	3.30554e-145	1.02649e-148	
N4	7.48795e-16	2.48002e-12	1.2817e-09	1.05911e-07	2.43689e-06	5.96096e-05	0.000148416	0.0265125	0.967548	0.00572709	2.23891e-06	2.49184e-09	8.81482e-12	7.31667e-15	1.349e-18	4.9756e-22	5.49583e-26	2.7906e-28	2.80903e-33	1.32519e-36	1.99921e-41	1.30033e-45	2.31611e-50	5.28816e-54	4.38698e-59	1.2649e-52	1.39941e-51	1.30568e-51	1.12718e-53	1.78608e-53	1.04952e-55	2.27686e-56	6.2594e-59	9.88203e-59	1.19444e-60	5.32332e-61	1.75502e-64	2.59329e-66	1.05973e-68	1.32045e-69	1.13769e-72	2.00433e-74	7.83873e-78	7.90043e-79	5.36322e-81	7.50395e-82	
N5	2.61149e-18	2.8002e-14	5.95214e-11	6.17844e-09	4.6836e-07	1.76508e-05	0.000186046	0.00755847	0.982053	0.0101815	2.90162e-06	1.65049e-07	1.74103e-09	6.06306e-12	9.45179e-16	4.34073e-18	9.13661e-23	7.64724e-25	3.20174e-30	1.03884e-33	1.4245e-38	3.24025e-43	6.48137e-48	9.22185e-51	1.31351e-56	9.76711e-60	6.74679e-64	1.15421e-68	9.08111e-75	1.43896e-78	3.00483e-84	2.89345e-87	7.29361e-94	2.68098e-98	2.26532e-103	1.97019e-106	2.63724e-113	2.85982e-118	6.99699e-124	5.53041e-128	3.17259e-134	3.56729e-139	2.96556e-146	1.24076e-150	4.87346e-156	7.53301e-160	
N6	1.13686e-18	5.95388e-15	8.32794e-12	9.96183e-10	4.26424e-08	1.47033e-05	9.50109e-06	0.00335636	0.992138	0.0044787	2.29702e-06	5.08774e-09	3.88467e-11	6.25116e-14	1.9611e-17	1.09762e-20	2.88849e-24	2.09651e-26	7.15272e-31	8.43317e-34	7.05925e-38	1.23127e-41	1.13015e-45	8.91417e-49	4.09883e-53	9.4155e-56	2.7505e-59	2.70883e-63	4.73905e-67	2.06109e-68	1.28516e-71	5.74446e-73	3.86751e-76	1.04599e-77	5.63659e-80	8.54935e-81	1.70888e-84	1.07783e-86	1.87195e-89	6.39952e-91	3.1529e-94	2.18131e-96	3.75364e-100	6.80185e-102	2.75106e-104	1.29233e-105	
N7	1.66334e-26	7.06051e-21	6.12653e-16	9.79885e-14	2.77998e-10	1.09812e-07	4.2864e-08	4.49125e-05	0.992621	0.00733396	1.08042e-07	5.22493e-12	1.83077e-12	5.53185e-13	5.67108e-13	1.37849e-16	9.13336e-21	9.55167e-23	6.5038e-26	3.86159e-28	4.22319e-31	6.06006e-34	4.45499e-35	1.19386e-34	4.38418e-35	3.55271e-34	6.03338e-34	5.97753e-34	7.59859e-35	1.97961e-34	2.40625e-35	9.49578e-35	1.33913e-35	6.55083e-35	5.98162e-35	9.49789e-34	5.93375e-35	7.19216e-35	2.69101e-35	1.05272e-34	2.32615e-35	4.10654e-35	2.94118e-36	7.71624e-36	1.37908e-35	1.99376e-34	
L_corymbiferum	0	0	0	0	0	0	0	0	0.997791	0	0	0	0	0	0.0022091	0	0	0	0	0	0	0	0	0	0	0	0	0	0	0	0	0	0	0	0	0	0	0	0	0	0	0	0	0	0	0	
N8	4.05832e-30	9.55851e-24	3.5046e-18	1.95425e-15	2.97456e-11	2.58924e-09	8.26538e-09	2.71565e-06	0.983598	0.0163995	6.8739e-08	2.5771e-12	1.29441e-12	9.1007e-13	5.41336e-13	6.23999e-17	1.68296e-22	4.42327e-25	1.68146e-32	1.64904e-37	7.08422e-44	1.71453e-49	9.06666e-35	5.45943e-36	1.72816e-37	2.09686e-35	4.10489e-35	3.95809e-35	1.14595e-36	2.05061e-34	9.67317e-37	5.48537e-36	2.84831e-37	3.3897e-37	2.72659e-37	4.75197e-35	1.40312e-37	1.62177e-37	4.31222e-38	5.34535e-37	4.22721e-38	1.77918e-37	2.14553e-39	2.64369e-37	5.23011e-37	1.21218e-36	
L_gallicum	0	0	0	0	0	0	0	0	0	1	0	0	0	0	0	0	0	0	0	0	0	0	0	0	0	0	0	0	0	0	0	0	0	0	0	0	0	0	0	0	0	0	0	0	0	0	
L_strictum	0	0	0	0	0	0	0	0	0.999347	0	0	0	0	0	0.000634207	1.87536e-05	0	0	0	0	0	0	0	0	0	0	0	0	0	0	0	0	0	0	0	0	0	0	0	0	0	0	0	0	0	0	
N9	1.78354e-21	3.10862e-17	1.44525e-13	2.07646e-11	8.87e-10	1.58912e-06	3.31749e-07	0.000848166	0.998368	0.000779739	1.32787e-06	4.97486e-07	2.82115e-09	1.34148e-12	5.4354e-15	2.22174e-15	4.69698e-16	1.09659e-15	4.9971e-20	2.3823e-23	9.02126e-28	3.77002e-32	9.84115e-37	1.96989e-40	3.17798e-45	1.88741e-48	1.32308e-52	2.43069e-57	5.61448e-63	5.2833e-67	5.98803e-70	6.01769e-70	8.26913e-72	4.61388e-72	2.6587e-73	2.04798e-73	1.87501e-78	2.57807e-82	6.30295e-87	1.84717e-90	1.06096e-95	5.50008e-100	5.80219e-106	4.25755e-110	9.78907e-115	1.82192e-117	
L_setaceum	0	0	0	0	0	0	0	0	1	0	0	0	0	0	0	0	0	0	0	0	0	0	0	0	0	0	0	0	0	0	0	0	0	0	0	0	0	0	0	0	0	0	0	0	0	0	
N10	8.94782e-28	3.60493e-22	1.08851e-17	1.35851e-14	3.9339e-13	1.07365e-08	1.13257e-09	8.50562e-05	0.526675	1.00374e-05	8.23737e-09	4.76271e-06	8.6572e-09	4.36303e-13	1.83404e-13	2.12932e-09	7.70888e-06	0.473209	8.79015e-06	1.27133e-09	1.36723e-14	2.90575e-17	4.52628e-18	2.90228e-18	1.70034e-22	1.89753e-23	1.8331e-25	3.96063e-28	6.62486e-32	2.29526e-31	6.39943e-30	1.048e-26	1.22069e-25	1.7955e-22	1.65302e-20	3.2031e-17	1.65622e-20	2.05253e-22	4.42157e-25	1.2647e-26	8.55005e-30	5.10693e-32	4.96815e-36	4.05339e-36	6.34242e-36	1.88497e-34	
L_suffruticosum1	0	0	0	0	0	0	0	0	0	0	0	0	0	0	0	0	0	0.976796	0	0	0	0	0	0	0	0	0	0	0	0	0	0	0	0	0	0.0232041	0	0	0	0	0	0	0	0	0	0	
L_tenuifolium1	0	0	0	0	0	0	0	0.00111197	0.524048	0	0	0	0	0	0	0	0	0.47484	0	0	0	0	0	0	0	0	0	0	0	0	0	0	0	0	0	0	0	0	0	0	0	0	0	0	0	0	
N11	2.29452e-19	2.23156e-15	5.36234e-12	5.83333e-10	5.20451e-07	6.17209e-06	0.00255611	0.00219251	0.908911	0.0857794	0.000145393	0.00016202	0.000228296	1.88446e-05	7.57459e-09	1.59887e-11	4.48931e-15	5.35101e-17	8.01009e-22	2.50343e-25	1.17532e-29	3.26448e-34	1.2859e-38	9.27732e-42	1.29128e-46	1.75014e-49	2.15293e-53	6.68073e-58	1.76242e-63	2.29621e-67	8.17445e-73	3.55437e-76	4.25077e-82	8.34267e-86	1.86454e-90	1.62462e-93	8.05495e-100	1.68955e-104	8.32451e-110	6.09212e-114	1.47817e-119	3.32063e-124	1.03316e-130	2.96949e-135	4.44683e-140	1.12734e-143	
N12	8.97442e-24	5.46987e-19	1.01481e-14	8.49631e-13	3.52991e-10	3.31911e-07	0.000123489	7.4232e-05	0.0347693	6.61654e-05	1.28459e-06	0.000171289	0.168432	0.795332	0.00102939	9.30141e-08	1.21278e-11	1.50325e-14	1.31308e-19	3.53215e-23	1.34897e-28	3.70108e-33	1.30845e-36	7.98088e-39	1.76142e-41	4.14347e-42	1.73667e-41	6.87282e-44	7.68802e-47	4.3298e-48	1.47048e-51	1.16533e-53	1.90521e-56	1.32556e-58	3.99929e-61	2.9341e-62	5.04508e-66	2.85299e-68	4.92479e-71	1.98576e-72	3.86461e-76	1.41976e-78	2.65409e-82	5.56633e-84	1.17411e-86	1.42467e-88	
N13	1.02402e-28	2.60929e-23	1.58062e-18	3.22289e-16	1.92139e-12	1.29834e-09	1.26206e-05	3.98865e-07	0.000997831	4.19213e-07	4.55632e-10	8.84093e-07	0.0153814	0.983442	0.000164119	1.23827e-08	1.08254e-12	4.33323e-15	2.35996e-19	1.56525e-23	1.5538e-28	1.9002e-33	5.11565e-39	1.90588e-42	3.24712e-48	3.33519e-51	5.24971e-58	8.62167e-60	9.13603e-63	2.23395e-59	7.12832e-60	1.15205e-55	3.53865e-56	2.85664e-56	1.64945e-56	3.23162e-51	2.94057e-52	1.36442e-47	1.385e-42	3.37581e-39	6.59294e-41	1.77949e-39	2.1394e-41	3.5644e-40	1.37781e-40	3.31636e-38	
N14	5.95042e-34	6.63816e-28	2.09058e-22	7.1385e-20	1.56449e-15	9.52555e-13	8.4729e-08	1.91497e-10	2.56364e-06	1.8775e-10	1.17491e-14	1.18183e-09	0.000167261	0.999798	3.1668e-05	1.31341e-10	4.39523e-16	3.17208e-19	1.3256e-23	1.91609e-28	8.17835e-33	1.81478e-39	2.05125e-45	2.09185e-51	1.43489e-57	1.19026e-62	7.16742e-35	1.86797e-33	5.70181e-35	6.52338e-35	1.70396e-35	1.70001e-35	1.25436e-36	2.57278e-37	2.22411e-37	2.29833e-36	2.1752e-37	4.83195e-36	9.08157e-36	5.7479e-36	1.68518e-36	6.17275e-35	1.50515e-36	1.28967e-36	1.6275e-36	4.71265e-35	
L_album	0	0	0	0	0	0	0	0	0	0	0	0	0	1	0	0	0	0	0	0	0	0	0	0	0	0	0	0	0	0	0	0	0	0	0	0	0	0	0	0	0	0	0	0	0	0	
L_mucronatum1	0	0	0	0	0	0	0	0	0	0	0	0	0	1	0	0	0	0	0	0	0	0	0	0	0	0	0	0	0	0	0	0	0	0	0	0	0	0	0	0	0	0	0	0	0	0	
N15	9.31311e-39	3.28527e-31	1.01626e-23	6.53323e-21	7.28418e-16	2.36015e-13	5.89365e-08	8.55947e-11	2.13108e-06	1.59266e-09	2.92999e-14	2.85395e-10	0.000117765	0.99964	0.000240249	6.90252e-10	2.00579e-15	4.59413e-19	5.76861e-25	1.77009e-27	5.27453e-29	9.55598e-33	2.03851e-35	8.60759e-38	2.93376e-40	6.03517e-41	1.16818e-44	1.26577e-45	6.23242e-50	1.81268e-52	8.20937e-56	1.44936e-58	1.07568e-62	3.19835e-66	3.17416e-69	5.8533e-71	2.34319e-75	3.77937e-77	5.16312e-36	5.79857e-36	8.105e-37	4.54473e-35	6.83917e-37	6.0749e-37	8.27054e-37	3.66641e-35	
N16	1.08554e-41	2.03561e-36	1.6339e-29	3.39697e-26	2.41164e-20	8.58635e-17	4.05006e-10	1.42221e-14	8.88388e-09	8.68553e-13	6.67556e-19	1.97256e-13	1.82862e-06	0.99998	1.86055e-05	4.0928e-12	4.99515e-19	3.11509e-23	1.22812e-27	3.60764e-33	1.80455e-34	4.18079e-36	3.68413e-36	5.13776e-38	1.14739e-38	4.11116e-36	5.15843e-37	1.75598e-34	5.19664e-37	7.35087e-36	1.6411e-37	1.70507e-37	6.76844e-39	3.02146e-39	2.94611e-39	4.64399e-40	1.22791e-41	3.24846e-39	6.46053e-39	4.11638e-39	1.40955e-39	5.73632e-37	1.40159e-39	6.74098e-39	1.23555e-38	3.15503e-37	
N17	4.71495e-36	1.01272e-31	6.13792e-28	1.69661e-25	5.9074e-21	9.333e-17	6.88297e-12	7.04976e-15	1.5541e-09	2.71276e-14	1.25421e-17	1.05081e-12	2.89521e-06	0.99999	6.80424e-06	4.20122e-12	6.63119e-19	9.5484e-24	9.87326e-27	1.74351e-31	3.60532e-33	8.53126e-38	8.42212e-41	2.65972e-45	1.36207e-48	3.26388e-37	3.14624e-37	6.41484e-35	3.11024e-37	4.26553e-37	5.35436e-37	5.35431e-37	7.74822e-39	1.36767e-39	1.32717e-39	4.61618e-41	8.15322e-42	1.83593e-39	3.65137e-39	6.99445e-39	8.59835e-39	2.09815e-36	8.4879e-39	7.76425e-39	8.81652e-39	1.0869e-36	
N18	1.59729e-36	2.35287e-32	1.08013e-28	1.56251e-27	2.00556e-22	3.28714e-19	1.67529e-13	2.29923e-16	1.9161e-11	6.0831e-15	4.21371e-17	1.96014e-12	3.94785e-06	0.999895	0.000101093	1.00123e-10	2.24783e-17	6.81413e-22	1.31131e-24	4.47794e-29	4.62009e-32	1.62249e-39	1.7155e-45	4.93166e-53	1.81096e-59	1.85307e-63	1.45337e-36	4.5085e-34	2.14103e-36	2.30131e-36	6.24268e-37	6.2424e-37	8.02109e-39	1.12012e-39	1.08687e-39	4.10545e-41	9.60191e-42	2.18051e-39	4.33659e-39	8.11052e-39	9.88477e-39	2.4591e-36	9.75163e-39	8.0419e-39	8.37899e-39	1.27047e-36	
L_arboreum	0	0	0	0	0	0	0	0	0	0	0	0	0	1	0	0	0	0	0	0	0	0	0	0	0	0	0	0	0	0	0	0	0	0	0	0	0	0	0	0	0	0	0	0	0	0	
L_elegans	0	0	0	0	0	0	0	0	0	0	0	0	0	0.990132	0.00986808	0	0	0	0	0	0	0	0	0	0	0	0	0	0	0	0	0	0	0	0	0	0	0	0	0	0	0	0	0	0	0	
L_campanulatum	0	0	0	0	0	0	0	0	1.52794e-09	0	0	0	0	1	0	0	0	0	0	0	0	0	0	0	0	0	0	0	0	0	0	0	0	0	0	0	0	0	0	0	0	0	0	0	0	0	
N19	4.10548e-36	9.06556e-32	2.7802e-28	1.13958e-25	8.48087e-21	4.43132e-17	5.81767e-12	1.05341e-14	2.32243e-10	1.63991e-13	1.35108e-14	4.67368e-11	1.39861e-06	0.999757	0.00024199	6.65146e-10	1.21392e-13	7.93506e-18	4.53126e-21	2.43174e-26	1.07039e-26	3.72621e-31	7.31224e-34	3.98836e-38	6.08808e-41	8.59947e-41	2.40984e-43	1.85424e-43	1.49517e-48	3.56463e-51	1.6951e-54	2.79105e-57	3.90276e-62	7.10704e-66	7.79424e-69	8.23642e-74	6.71654e-44	1.40702e-40	2.53082e-39	4.68258e-39	5.69438e-39	2.15143e-36	6.24168e-39	5.24388e-39	5.52819e-39	1.10208e-36	
L_capitatum	0	0	0	0	0	0	0	0	0	0	0	6.72439e-05	0	0.999932	0	0	1.19231e-06	0	0	0	0	0	0	0	0	0	0	0	0	0	0	0	0	0	0	0	0	0	0	0	0	0	0	0	0	0	
N20	2.13554e-32	1.32027e-28	1.36609e-25	2.97941e-24	3.97185e-20	1.27167e-17	3.11264e-13	2.40121e-14	1.7016e-10	1.54271e-12	6.81268e-14	1.53084e-12	1.98006e-06	0.994712	0.00528602	5.34949e-09	1.63149e-15	9.85325e-20	4.59865e-22	2.87091e-26	1.03272e-28	6.33038e-35	5.68787e-38	1.35243e-42	6.84952e-46	4.12308e-46	8.82573e-49	8.19778e-33	2.05506e-35	2.25389e-35	5.96137e-36	5.96222e-36	4.14966e-38	5.79662e-39	5.71731e-39	1.02233e-40	5.50681e-42	1.17128e-38	2.34014e-38	4.21755e-38	5.07833e-38	2.36462e-35	5.00933e-38	4.14921e-38	4.31861e-38	1.20337e-35	
L_gyaricum	0	0	0	0	0	0	0	0	0	0	0	0	0	0	1	0	0	0	0	0	0	0	0	0	0	0	0	0	0	0	0	0	0	0	0	0	0	0	0	0	0	0	0	0	0	0	
L_tauricum	0	0	0	0	0	0	0	0	2.10981e-10	0	0	0	0	1	0	0	0	0	0	0	0	0	0	0	0	0	0	0	0	0	0	0	0	0	0	0	0	0	0	0	0	0	0	0	0	0	
L_flavum	0	0	0	0	0	0	0	0	0	0	0	0	0	0.956936	0.0430642	0	0	0	0	0	0	0	0	0	0	0	0	0	0	0	0	0	0	0	0	0	0	0	0	0	0	0	0	0	0	0	
L_nodiflorum	0	0	0	0	0	0	0	0	0	0	0	0.010352	0.989648	0	0	0	0	0	0	0	0	0	0	0	0	0	0	0	0	0	0	0	0	0	0	0	0	0	0	0	0	0	0	0	0	0	
N21	2.78424e-20	3.99212e-16	1.42079e-12	3.78404e-10	2.10876e-06	2.53244e-06	0.000145978	0.000305997	0.292033	0.706881	0.000623919	5.76893e-06	5.91124e-08	9.2086e-11	5.3519e-15	2.85733e-19	2.94462e-23	1.0124e-25	2.6977e-30	5.15156e-34	1.68654e-37	1.85125e-42	7.77311e-47	7.37094e-51	2.81782e-55	3.2252e-58	7.63398e-63	9.49524e-65	3.76063e-68	3.79056e-70	5.35687e-73	4.19064e-75	2.85379e-78	2.71072e-80	6.02682e-82	7.61818e-83	1.51833e-86	2.22695e-88	1.34239e-90	6.47461e-93	8.33641e-96	5.16103e-97	8.79605e-101	3.29562e-103	1.85408e-105	1.05405e-106	
N22	1.58879e-23	1.28342e-18	2.03198e-14	4.72953e-12	6.47301e-08	4.57926e-08	3.08657e-06	1.45837e-05	0.10783	0.892007	0.000145896	1.39214e-08	1.89944e-09	6.2457e-11	7.217e-12	5.20042e-16	4.7393e-20	4.1857e-21	4.61071e-23	2.05986e-23	2.58075e-28	1.50984e-32	1.58307e-37	1.52543e-40	3.18925e-43	3.79347e-44	9.42628e-45	3.76589e-43	1.92712e-45	3.89005e-44	1.31799e-47	1.44802e-49	1.85357e-52	9.77554e-51	1.01536e-35	3.28295e-34	9.60738e-36	1.41872e-35	6.51697e-36	1.39186e-34	7.28243e-36	1.0889e-35	5.03422e-37	6.48238e-36	6.28158e-36	5.03216e-35	
N23	3.12225e-30	1.98117e-23	1.74993e-17	7.67115e-15	7.69055e-11	3.40188e-10	5.82007e-09	2.16798e-07	0.138076	0.861922	1.23931e-06	3.36995e-13	2.8193e-18	9.47694e-24	7.62065e-29	3.82095e-33	2.03986e-33	1.85563e-32	5.34885e-33	1.7534e-31	4.94245e-33	4.51404e-33	1.38324e-33	1.46407e-34	1.21964e-35	1.40769e-34	2.11843e-34	2.58005e-34	1.1719e-34	5.20691e-33	1.10205e-34	9.75337e-35	4.05922e-35	2.37765e-35	9.42056e-36	2.07118e-34	3.49394e-36	5.54663e-35	4.43115e-35	2.5787e-33	4.33143e-35	5.11775e-35	1.49354e-36	4.01051e-35	5.08291e-35	1.3172e-34	
L_corymbulosum	0	0	0	0	0	0	0	0	1	0	0	0	0	0	0	0	0	0	0	0	0	0	0	0	0	0	0	0	0	0	0	0	0	0	0	0	0	0	0	0	0	0	0	0	0	0	
L_trigynum	0	0	0	0	0	0	0	0	0	1	0	0	0	0	0	0	0	0	0	0	0	0	0	0	0	0	0	0	0	0	0	0	0	0	0	0	0	0	0	0	0	0	0	0	0	0	
L_tenue1	0	0	0	0	0	0	0	0	0	0.989693	0	0	0	0	0.00520631	0	0	0	0	0.00510071	0	0	0	0	0	0	0	0	0	0	0	0	0	0	0	0	0	0	0	0	0	0	0	0	0	0	
L_maritimum	0	0	0	0	0	0	0	0	0.214274	0.785726	0	0	0	0	0	0	0	0	0	0	0	0	0	0	0	0	0	0	0	0	0	0	0	0	0	0	0	0	0	0	0	0	0	0	0	0	
L_catharticum	0	0	0	0	0	0	0	1	0	0	0	0	0	0	0	0	0	0	0	0	0	0	0	0	0	0	0	0	0	0	0	0	0	0	0	0	0	0	0	0	0	0	0	0	0	0	
N24	4.04444e-15	6.5845e-12	3.17695e-09	9.1186e-08	2.1339e-06	0.00020118	0.000172233	0.0106907	0.975643	0.0132765	1.46628e-05	5.94155e-08	2.81218e-10	3.7496e-13	1.05159e-16	8.79673e-20	2.12277e-23	1.28678e-25	5.0626e-30	3.23533e-33	2.37216e-37	3.24296e-41	3.11267e-45	4.11167e-48	2.45515e-52	6.4684e-55	3.16465e-58	4.65566e-62	1.10771e-66	8.38652e-70	1.64235e-74	1.85243e-77	2.49161e-82	1.12764e-85	1.13123e-89	2.5386e-92	1.24307e-97	1.43112e-101	4.59048e-106	2.07299e-109	2.42875e-114	2.95635e-118	1.13429e-123	2.85394e-127	2.17599e-131	1.78036e-134	
N25	4.2912e-19	1.80342e-14	1.47418e-10	9.9924e-09	2.26383e-06	0.000274227	0.000508658	0.00932579	0.966895	0.0229931	1.25304e-06	1.10632e-09	5.4877e-10	6.67664e-11	6.44737e-13	3.65221e-16	1.89586e-18	2.02046e-18	3.47315e-21	1.69542e-22	5.84693e-25	3.89858e-27	1.56325e-29	8.06164e-31	1.72215e-33	2.78627e-34	5.32536e-36	2.84348e-38	1.76788e-41	7.10892e-43	3.99781e-46	2.42326e-47	1.18051e-50	3.47046e-52	1.88528e-54	3.56409e-55	6.11315e-59	3.98894e-61	6.94042e-64	2.58798e-65	1.4577e-68	1.16705e-70	1.92661e-74	4.46612e-76	2.00058e-78	1.46145e-79	
N26	1.25902e-21	2.52928e-16	1.26798e-11	2.45194e-09	2.98568e-07	0.000721814	9.69283e-05	0.00860407	0.98866	0.00191655	4.0853e-08	2.49829e-09	6.07777e-11	3.19157e-13	2.58853e-16	1.13372e-17	1.18571e-19	3.66636e-20	1.12115e-24	1.27835e-26	6.50264e-31	5.35915e-35	2.713e-39	4.56088e-44	3.70117e-48	6.25142e-40	3.14955e-38	1.11143e-34	7.96953e-36	1.74269e-33	7.83744e-34	1.11552e-32	2.72816e-34	4.57226e-34	9.78726e-35	6.68003e-34	4.24801e-36	1.36565e-35	1.64963e-35	5.79918e-34	5.95101e-36	3.85615e-34	3.96044e-36	1.92629e-34	3.69581e-34	9.33579e-34	
N27	8.12217e-25	3.33961e-19	3.61044e-14	9.33662e-12	1.18784e-09	3.56836e-05	3.11931e-07	0.00031167	0.99945	6.51528e-05	1.56165e-07	0.000122725	3.75385e-06	1.9192e-09	6.22333e-11	3.50112e-08	5.30423e-08	1.07521e-05	1.47621e-10	1.91567e-13	1.29857e-18	2.57421e-23	2.58564e-28	8.41842e-30	1.19607e-33	2.05208e-34	1.8499e-36	5.0336e-39	3.4411e-43	3.32249e-43	3.69076e-42	2.02152e-40	7.36533e-42	4.90643e-39	3.55327e-39	4.07235e-37	6.92664e-39	8.48122e-39	2.66302e-39	6.94615e-38	2.59215e-39	1.45811e-38	2.06622e-38	3.78062e-37	2.80736e-37	8.36446e-36	
N28	5.7682e-26	7.69952e-21	3.09405e-16	1.12036e-13	1.01941e-11	1.30112e-07	6.20613e-10	8.38622e-06	0.0596327	3.27798e-06	1.50187e-07	6.51229e-05	1.86712e-06	1.0032e-09	8.32676e-11	1.4511e-07	8.83244e-05	0.940098	0.000101456	1.32464e-07	1.61832e-11	4.17641e-16	2.06291e-20	1.34659e-23	3.12417e-28	1.01999e-30	1.67636e-34	6.92365e-39	1.32629e-44	1.87159e-47	1.28617e-48	1.59467e-48	1.1048e-50	4.0286e-50	4.08434e-51	1.53177e-50	1.46142e-55	6.2278e-59	1.28407e-62	2.29887e-64	1.93528e-67	3.98395e-69	6.43187e-71	6.66658e-73	4.23335e-75	8.455e-76	
C_selaginoides	0	0	0	0	0	0	0	0	0	0	0	0	0	0	0	0	0	1	0	0	0	0	0	0	0	0	0	0	0	0	0	0	0	0	0	0	0	0	0	0	0	0	0	0	0	0	
N29	1.2504e-29	3.02185e-24	2.12308e-19	7.76069e-17	7.31698e-15	1.99687e-10	3.57455e-12	1.36211e-07	0.00216902	5.54323e-08	2.69308e-09	4.06571e-06	3.57418e-08	9.57002e-12	1.4515e-12	5.19843e-09	8.64668e-05	0.997651	8.87988e-05	3.31796e-09	1.42366e-13	1.58788e-16	7.8334e-18	6.65847e-18	3.32268e-21	1.22619e-24	1.0898e-26	7.08571e-30	2.55657e-32	1.09362e-32	2.8603e-29	1.99487e-26	2.50875e-25	6.49767e-22	1.34635e-20	8.83311e-18	1.34995e-20	6.73638e-22	6.16887e-25	1.23359e-25	1.80065e-27	2.38265e-30	2.65207e-33	3.45688e-35	2.51732e-36	1.82933e-36	
L_littorale	0	0	0	0	0	0	0	0	0	0	0	0	0	0	0	0	0	0.909547	0	0	0	0	0	0	0	0	0	0	0	0	0	0	0	0	0	0.0904529	0	0	0	0	0	0	0	0	0	0	
N30	5.55407e-35	3.48429e-29	1.00948e-23	4.95588e-21	6.65773e-19	1.02226e-13	3.84439e-15	5.63261e-10	3.4998e-05	2.24856e-10	9.54471e-12	8.33018e-08	1.56194e-10	1.38653e-14	1.13715e-15	1.00259e-10	2.55934e-05	0.999913	2.60144e-05	9.20888e-11	2.34503e-16	6.5511e-22	1.58928e-25	1.03132e-26	8.64053e-30	1.28865e-33	6.14494e-35	7.28093e-39	1.27819e-41	1.82756e-45	1.39085e-49	1.55353e-50	4.4041e-53	1.14061e-53	1.23974e-55	1.095e-56	5.41117e-61	2.20306e-64	6.93902e-69	1.18368e-70	1.43943e-73	6.77594e-78	1.04268e-81	1.22689e-84	3.06002e-86	1.40501e-87	
N31	6.97589e-34	2.40539e-30	1.45708e-26	1.31652e-23	3.58229e-21	8.2131e-16	1.60791e-16	2.95903e-11	1.41006e-06	7.25124e-12	3.06541e-13	6.71792e-09	7.63495e-12	1.96778e-15	4.54027e-15	1.46397e-09	1.52178e-05	0.999968	1.52336e-05	3.78774e-11	8.51677e-17	4.73217e-19	1.61927e-19	6.18496e-18	7.42875e-20	1.52287e-23	7.18329e-26	2.84777e-32	2.98689e-37	1.5354e-41	4.28437e-44	1.19742e-42	2.39264e-43	6.45986e-42	4.03128e-43	2.02888e-42	7.76848e-49	2.34886e-53	2.8507e-60	5.15727e-64	2.02757e-69	6.92553e-77	3.17466e-35	1.71243e-37	6.85998e-39	6.32635e-39	
L_macraei	0	0	0	0	0	0	0	0	0	0	0	0	0	0	0	0	0	0	0	0	0	0	0	0	0	0	0	0	0	0	0	0	0	0	0	1	0	0	0	0	0	0	0	0	0	0	
L_prostratum	0	0	0	0	0	0	0	0	0	0	0	0	0	0	0	0	0	1	0	0	0	0	0	0	0	0	0	0	0	0	0	0	0	0	0	0	0	0	0	0	0	0	0	0	0	0	
L_oligophyllum	0	0	0	0	0	0	0	0	0	0	0	0	0	0	0	0	0	1	0	0	0	0	0	0	0	0	0	0	0	0	0	0	0	0	0	0	0	0	0	0	0	0	0	0	0	0	
N32	5.76866e-24	7.92549e-19	2.55008e-14	1.41725e-11	5.01302e-09	2.20623e-05	6.01696e-07	0.000211731	0.999325	0.00021521	2.69529e-07	0.000127535	8.59894e-05	6.39652e-07	1.21132e-08	9.59247e-08	1.30404e-06	9.66845e-06	3.13269e-10	4.64769e-15	1.34453e-19	2.18518e-24	1.87078e-28	1.90967e-28	2.47599e-30	3.84397e-31	3.31789e-31	9.49153e-35	3.36821e-37	3.00358e-40	1.36964e-43	5.02058e-44	6.22101e-47	7.61288e-47	5.87891e-49	4.79412e-49	3.39986e-53	2.57304e-55	2.6924e-59	3.20683e-60	1.79168e-62	4.02795e-66	2.16747e-69	1.38128e-71	6.29357e-73	4.85492e-73	
N33	2.50658e-24	2.96479e-19	6.57786e-15	8.12374e-12	6.38834e-09	5.4583e-06	9.5625e-07	0.000570435	0.986607	0.00114592	6.95768e-06	0.000166704	0.0100877	0.00136872	2.67696e-05	4.74986e-06	6.23311e-06	2.61262e-06	5.03313e-11	4.73864e-16	1.28723e-20	1.06393e-25	3.21838e-30	4.64682e-33	1.59791e-36	2.81258e-40	5.87475e-43	4.6931e-49	1.35762e-51	1.3759e-53	1.09132e-56	2.42357e-57	4.97489e-59	8.33902e-58	5.9813e-60	3.41124e-60	1.67261e-64	1.07592e-66	7.50971e-71	7.156e-72	4.96376e-74	1.19704e-77	5.98933e-81	2.40763e-83	6.87555e-85	3.84759e-85	
L_kingii	0	0	0	0	0	0	0	0	0	0	0	0	1	0	0	0	0	0	0	0	0	0	0	0	0	0	0	0	0	0	0	0	0	0	0	0	0	0	0	0	0	0	0	0	0	0	
N34	6.03682e-24	5.3927e-19	9.01911e-15	6.93329e-12	7.61864e-09	4.2599e-07	3.66232e-06	0.00203792	0.935511	0.030101	7.68897e-05	0.000512091	0.010148	0.00165461	0.0011652	0.00135536	0.00111893	0.0163123	2.58106e-06	1.66262e-09	1.68442e-13	1.89776e-18	1.04414e-22	1.4256e-25	7.44467e-30	2.23264e-32	1.37916e-37	1.09421e-41	1.73856e-47	9.79989e-52	2.69448e-57	1.4047e-61	1.2924e-67	2.48952e-71	3.76225e-76	3.38108e-79	7.03526e-86	4.09001e-90	6.19048e-95	3.3736e-100	1.86371e-106	7.97806e-111	9.61314e-118	5.95886e-123	8.96547e-128	1.82243e-131	
L_rupestre	0	0	0	0	0	0	0	0	0	0	0	0	0	0	0	0	0	1	0	0	0	0	0	0	0	0	0	0	0	0	0	0	0	0	0	0	0	0	0	0	0	0	0	0	0	0	
L_vernale	0	0	0	0	0	0	0	0	0	0	0	0	0	0	1	0	0	0	0	0	0	0	0	0	0	0	0	0	0	0	0	0	0	0	0	0	0	0	0	0	0	0	0	0	0	0	
L_striatum	0	0	0	0	0	0.000469856	0	0	0.926149	0	0	0	0	0	0	0	0	0.073381	0	0	0	0	0	0	0	0	0	0	0	0	0	0	0	0	0	0	0	0	0	0	0	0	0	0	0	0	
N35	1.15391e-18	1.62015e-14	8.49487e-11	1.18846e-08	1.35431e-06	0.00531966	0.00463854	0.115507	0.874333	0.000200333	2.82339e-07	2.5589e-08	5.64371e-10	4.61097e-13	1.13067e-15	1.39273e-16	2.17404e-17	6.77203e-17	2.95392e-21	4.28546e-24	2.34083e-28	1.55005e-32	8.35483e-37	2.35561e-40	1.06821e-44	3.4471e-47	6.28939e-51	2.74376e-55	7.73317e-61	2.78964e-64	6.54167e-70	1.57864e-73	4.9861e-79	1.97924e-82	6.72561e-87	1.22606e-89	6.26643e-96	2.01298e-100	1.53199e-105	3.36325e-109	6.76603e-115	2.38062e-119	8.85576e-126	8.39992e-130	1.59459e-134	6.30991e-138	
He_micranthum	0	0	0	0	0	0	0	0	0	0	0	0	0	0	0	0	0	1	0	0	0	0	0	0	0	0	0	0	0	0	0	0	0	0	0	0	0	0	0	0	0	0	0	0	0	0	
S_digynum	0	0	0	0	0	1	0	0	0	0	0	0	0	0	0	0	0	0	0	0	0	0	0	0	0	0	0	0	0	0	0	0	0	0	0	0	0	0	0	0	0	0	0	0	0	0	
N36	7.43233e-29	1.79229e-22	6.86434e-18	1.07441e-14	4.21027e-10	4.6746e-12	4.97086e-08	8.39281e-07	6.08779e-06	0.00271333	6.91149e-08	1.62225e-11	3.22748e-07	0.00264572	0.993989	0.000644718	8.53865e-08	8.57825e-11	1.83679e-16	1.2679e-21	1.85959e-26	3.79971e-29	1.12802e-31	3.29847e-33	8.86818e-36	7.19514e-37	8.113e-39	2.6959e-41	1.42108e-44	1.45006e-46	7.08604e-50	1.56836e-51	5.70203e-55	1.6339e-56	5.40661e-59	4.10144e-60	5.45579e-64	1.87179e-66	1.6993e-69	1.65818e-71	9.36293e-75	3.92477e-77	4.07681e-81	1.85636e-83	6.81135e-86	2.5698e-87	
N37	1.47742e-32	3.04035e-26	1.5491e-21	2.90602e-17	1.38243e-12	4.31794e-15	4.26724e-10	2.04459e-08	5.47717e-08	0.000202521	3.41387e-09	6.80557e-14	3.33692e-09	0.000352597	0.999144	0.000301255	4.01972e-09	5.12806e-13	1.03434e-16	1.2232e-18	2.82282e-23	6.89935e-26	9.88358e-28	1.11481e-28	1.50634e-28	1.14176e-25	6.85633e-25	3.0585e-21	4.15097e-22	7.47556e-21	8.95763e-25	4.42683e-25	1.18364e-28	4.4647e-30	8.41191e-33	3.13459e-34	8.57567e-39	3.2019e-40	3.31904e-42	8.75074e-43	2.66033e-47	2.90876e-47	6.75504e-52	4.06748e-52	3.42639e-54	2.9668e-56	
N38	1.91906e-33	3.12881e-28	2.33843e-23	1.34053e-19	1.01187e-14	9.91466e-17	9.77867e-12	2.42332e-10	1.28514e-09	2.39019e-05	3.67423e-10	8.25873e-15	5.00541e-10	8.9021e-05	0.999807	8.02689e-05	4.66834e-10	3.55447e-15	8.56418e-20	8.63394e-22	6.31433e-26	3.97762e-29	1.38678e-33	2.38495e-39	3.81288e-46	8.29274e-51	7.13861e-56	2.87597e-58	3.51881e-60	8.48642e-57	1.58815e-61	1.89459e-62	4.83327e-66	1.46686e-68	3.75638e-68	1.27304e-71	1.76718e-76	7.21638e-79	6.56118e-81	1.54962e-78	3.76669e-83	1.20739e-83	1.1328e-87	2.32603e-88	7.01954e-91	1.62772e-93	
N39	3.45838e-38	3.47764e-32	2.7505e-27	6.32052e-24	7.26015e-19	2.22367e-20	2.9411e-15	5.20033e-14	3.37689e-12	2.3945e-07	3.27092e-12	2.77187e-16	7.76264e-11	2.49394e-05	0.99995	2.51297e-05	7.88557e-11	7.78477e-17	1.07808e-21	2.56959e-25	7.07063e-29	1.15394e-32	7.0616e-38	1.52963e-44	5.48181e-52	4.42678e-58	8.94777e-65	2.54144e-35	2.25491e-35	1.20853e-33	2.23753e-35	2.49934e-35	6.7596e-36	3.63247e-36	3.2447e-36	2.9949e-37	4.45747e-39	2.83326e-39	2.9386e-39	1.87097e-38	5.46483e-39	4.52468e-37	1.63122e-37	6.63767e-36	1.29759e-35	2.14921e-35	
L_acuticarpum	0	0	0	0	0	0	0	0	0	0	0	0	0	0	1	0	0	0	0	0	0	0	0	0	0	0	0	0	0	0	0	0	0	0	0	0	0	0	0	0	0	0	0	0	0	0	
L_gracile	0	0	0	0	0	0	0	0	0	0	0	0	0	0	1	0	0	0	0	0	0	0	0	0	0	0	0	0	0	0	0	0	0	0	0	0	0	0	0	0	0	0	0	0	0	0	
L_heterostylum	0	0	0	0	0	0	0	0	0	0	0	0	0	0	1	0	0	0	0	0	0	0	0	0	0	0	0	0	0	0	0	0	0	0	0	0	0	0	0	0	0	0	0	0	0	0	
L_africanum	0	0	0	0	0	0	0	0	0	0	0	0	0	0	0.979659	0.0201276	0	0	0	0	0	0	0	0	0	0	0	0	0.000212938	0	0	0	0	0	0	0	0	0	0	0	0	0	0	0	0	0	
L_comptonii	0	0	0	0	0	0	0	0	0	0	0	0	0	0	1	0	0	0	0	0	0	0	0	0	0	0	0	0	0	0	0	0	0	0	0	0	0	0	0	0	0	0	0	0	0	0	
Ra_linoides	0	0	0	0	0	0	0	0	1	0	0	0	0	0	0	0	0	0	0	0	0	0	0	0	0	0	0	0	0	0	0	0	0	0	0	0	0	0	0	0	0	0	0	0	0	0	
N40	1.38388e-11	6.70381e-09	6.94241e-07	2.99055e-05	0.000186348	0.00122205	0.00198685	0.0991187	0.872388	0.0249943	7.27983e-05	2.88677e-07	1.68794e-09	4.14571e-12	3.98976e-15	3.27573e-18	1.22857e-21	6.27135e-24	3.98738e-28	4.22615e-31	2.49857e-35	5.79759e-39	3.74839e-43	1.75348e-46	6.09244e-51	5.73403e-54	1.30158e-57	1.00287e-61	1.82462e-66	9.69019e-70	8.89108e-75	2.70224e-78	3.73791e-83	4.50534e-87	1.92301e-91	1.54027e-94	4.75429e-100	2.94255e-104	5.61438e-109	1.57637e-112	6.50162e-118	3.30171e-122	9.02759e-128	1.53926e-131	3.62782e-136	7.5017e-140	
N41	3.83651e-12	2.12424e-09	3.28448e-07	1.27936e-05	9.98545e-05	0.000882625	0.00183268	0.0692473	0.895664	0.0321257	0.000129756	4.48293e-06	3.3276e-08	2.11121e-10	2.36494e-13	2.38574e-15	4.48082e-19	1.19226e-20	6.44812e-25	2.14983e-27	2.09443e-31	9.62543e-35	1.38513e-38	8.45277e-41	1.90555e-45	7.35259e-48	4.9774e-51	1.00891e-54	1.67304e-59	3.76563e-62	8.63058e-67	4.92974e-69	3.57282e-74	1.26661e-77	1.30601e-81	8.77489e-84	3.04409e-89	5.27078e-93	2.42434e-97	3.67222e-100	2.99575e-105	5.86115e-109	1.90846e-114	2.16844e-117	1.29038e-121	2.17819e-124	
N42	6.28765e-14	7.79697e-11	2.07447e-08	1.08416e-06	1.28739e-05	0.00032772	0.0014677	0.0357469	0.940838	0.0215587	4.65691e-05	3.17201e-07	2.13075e-09	3.52499e-11	1.17579e-13	5.87175e-16	3.63557e-19	9.02178e-21	2.30738e-24	1.0619e-26	2.17321e-30	1.37327e-33	2.40655e-37	5.19539e-40	2.30452e-44	4.0076e-47	1.61999e-50	2.11017e-54	4.59424e-59	3.8929e-62	5.68143e-67	5.12163e-70	5.2382e-75	8.80591e-79	4.71569e-83	6.36263e-86	2.06354e-91	1.58312e-95	3.61192e-100	1.35953e-103	6.72089e-109	4.65554e-113	1.25377e-118	2.99389e-122	8.80863e-127	3.00353e-130	
N43	2.0431e-14	1.6845e-11	4.2278e-09	1.95385e-07	3.40876e-06	0.000250567	0.000257837	0.019881	0.964207	0.0153272	6.22298e-05	1.01611e-05	2.24867e-07	1.45538e-09	3.91876e-11	1.0974e-11	8.98874e-13	8.9935e-13	6.28893e-16	3.7127e-18	1.45478e-21	1.07816e-24	3.20254e-28	8.69313e-31	9.54387e-35	3.28219e-37	2.3597e-40	5.41333e-44	2.20759e-48	2.65079e-51	7.99273e-56	1.17463e-58	3.40404e-63	2.21038e-66	4.3304e-70	1.77541e-72	2.24071e-77	5.76688e-81	4.28138e-85	4.30872e-88	9.24443e-93	2.18269e-96	1.95393e-101	1.03977e-104	1.29999e-108	1.5326e-111	
N44	9.73902e-22	4.48241e-17	4.75631e-13	3.5503e-11	8.0334e-10	3.14666e-06	7.18311e-08	0.000391302	0.999226	0.000379191	2.1017e-08	2.51892e-12	3.0441e-16	1.18639e-20	1.23765e-25	3.01521e-30	1.06486e-33	2.93818e-32	4.85988e-35	2.85191e-37	5.26209e-40	1.75371e-42	3.68922e-45	5.92213e-47	1.38903e-49	2.44168e-51	2.46961e-53	4.23257e-56	4.05181e-59	2.50702e-61	1.34692e-64	1.55364e-66	1.13768e-69	1.54301e-71	3.38148e-74	7.1697e-76	1.91177e-79	5.02217e-82	2.91031e-85	1.71146e-87	1.02759e-90	1.72827e-93	3.51427e-97	1.25788e-99	4.08467e-102	5.70672e-104	
N45	8.90826e-29	6.60511e-22	9.29779e-17	1.65448e-14	9.98273e-13	5.05225e-08	1.3779e-10	1.66775e-05	0.999963	1.98479e-05	3.74331e-11	1.09636e-15	4.07128e-17	1.20841e-19	2.25524e-20	1.485e-21	1.16049e-23	3.50333e-23	5.15136e-27	2.85474e-28	2.27316e-31	4.69387e-34	5.9752e-37	1.81083e-38	9.32093e-42	5.89762e-42	6.60049e-44	1.74369e-46	8.49047e-51	4.5557e-52	3.35007e-56	3.70241e-57	2.09936e-61	6.73775e-63	1.98854e-65	1.27681e-65	1.5925e-70	4.85585e-73	3.27814e-76	1.63518e-77	1.60302e-81	6.21188e-84	6.15938e-89	2.80694e-90	2.44674e-93	2.31377e-94	
N46	2.26663e-32	7.02044e-26	4.38281e-20	2.23759e-17	6.04143e-15	1.27611e-09	2.51933e-12	2.29349e-06	0.999994	3.40134e-06	1.19264e-12	2.76194e-17	3.64827e-20	3.98847e-25	1.68251e-31	4.46276e-36	4.88602e-39	3.08537e-38	3.297e-40	6.6339e-40	3.73728e-40	1.30611e-38	9.82253e-39	4.28315e-39	5.70147e-40	1.45541e-37	2.88214e-37	1.61927e-37	6.88916e-40	2.11396e-38	1.51835e-40	2.68708e-39	2.23329e-41	5.77001e-40	5.61751e-40	2.87617e-37	5.46726e-40	6.27839e-40	1.60417e-40	1.72533e-39	1.59544e-40	3.71845e-40	1.86545e-43	1.74462e-41	3.09688e-41	1.34761e-39	
N47	4.00964e-30	1.98813e-26	2.1313e-21	4.03549e-18	7.42628e-15	1.53554e-10	1.44691e-10	1.21891e-05	0.999929	5.92035e-05	1.65178e-10	2.69918e-14	1.59407e-16	8.87872e-21	5.00028e-27	8.12463e-32	1.25327e-36	2.6841e-39	2.12115e-42	1.08338e-44	4.9001e-47	6.82214e-48	5.94049e-51	6.06121e-53	6.29126e-56	2.13905e-56	8.81561e-59	8.04124e-62	9.15754e-67	3.01728e-69	1.75373e-73	1.09917e-75	4.58642e-81	3.84202e-39	4.61178e-39	1.31315e-36	4.55143e-39	5.22114e-39	1.34771e-39	6.8012e-39	1.33267e-39	2.64683e-39	9.22646e-42	2.23105e-41	4.13046e-41	1.06941e-38	
N48	4.37122e-34	1.37519e-27	8.90942e-22	1.86785e-18	9.93513e-16	2.54822e-10	4.12065e-11	9.96774e-06	0.99998	1.0412e-05	1.35123e-11	4.77576e-16	3.44738e-19	4.44724e-24	1.12865e-30	2.1853e-34	7.93958e-37	3.54829e-37	8.83056e-42	2.76439e-44	1.36483e-47	1.47606e-51	6.77296e-55	3.04661e-57	1.64712e-60	1.42022e-61	2.99148e-64	1.40423e-67	1.64349e-72	3.14706e-75	7.61362e-80	1.77491e-82	5.91408e-88	3.1257e-38	3.09521e-38	4.27311e-36	3.05577e-38	3.52404e-38	9.42866e-39	5.5331e-38	9.19498e-39	1.80368e-38	1.4647e-40	4.3887e-40	7.28053e-40	7.37497e-38	
N49	1.40194e-32	2.89044e-28	2.12574e-23	3.06962e-19	9.94774e-17	2.98523e-11	1.76154e-11	1.49601e-05	0.999982	2.64174e-06	1.13181e-12	5.35791e-14	8.73334e-17	1.66005e-18	1.76053e-21	1.18474e-23	8.19595e-23	8.36838e-19	9.34889e-23	9.56293e-25	1.38844e-27	1.87607e-31	1.68885e-34	1.62102e-36	9.01588e-39	8.61502e-37	1.6996e-36	8.975e-37	8.4939e-39	2.3418e-38	1.66299e-39	1.38103e-38	1.36602e-40	1.06318e-38	1.05741e-38	2.35009e-36	1.04365e-38	1.1986e-38	3.11836e-39	1.67642e-38	3.07415e-39	6.08887e-39	2.72009e-41	7.25984e-41	1.27568e-40	2.46734e-38	
N50	5.34733e-35	3.18583e-30	3.61134e-25	1.59408e-21	2.00122e-18	6.06951e-12	3.2878e-13	8.63694e-07	0.999998	7.95466e-07	9.63055e-14	8.06659e-15	6.75238e-18	2.75704e-19	3.86563e-22	2.99348e-24	3.08711e-23	5.32575e-19	3.30266e-23	8.0663e-26	5.79636e-29	2.43209e-33	9.26233e-37	1.21357e-38	6.36124e-39	5.50053e-37	2.16972e-36	5.51241e-37	6.53671e-39	1.12261e-38	5.50287e-40	5.73227e-39	5.61437e-41	9.08778e-39	8.93471e-39	2.1662e-36	8.81692e-39	9.48321e-39	1.06782e-39	6.83049e-39	2.55597e-39	2.05007e-39	9.32312e-42	2.10494e-41	6.46576e-41	1.75852e-38	
L_alpinum	0	0	0	0	0	0	0	0	0.998611	0	0	0	0	0	1.31777e-06	0	0	0.00138752	0	0	0	0	0	0	0	0	0	0	0	0	0	0	0	0	0	0	0	0	0	0	0	0	0	0	0	0	
L_punctatum1	0	0	0	0	0	0	0	0	1	0	0	0	0	0	0	0	0	0	0	0	0	0	0	0	0	0	0	0	0	0	0	0	0	0	0	0	0	0	0	0	0	0	0	0	0	0	
L_perenne	0	0	0	0	0	0	0	0.0016997	0.994294	0	0	0	0	0	6.73591e-06	0	0	0.00399909	0	0	0	0	0	0	0	0	0	0	0	0	0	0	0	0	0	0	0	0	0	0	0	0	0	0	0	0	
L_lewisii	0	0	0	0	0	0	0	0	1	0	0	0	0	0	0	0	0	0	0	0	0	0	0	0	0	0	0	0	0	0	0	0	0	0	0	0	0	0	0	0	0	0	0	0	0	0	
L_leonii	0	0	0	0	0	0	0	0	0.989251	0.0107485	0	0	0	0	0	0	0	0	0	0	0	0	0	0	0	0	0	0	0	0	0	0	0	0	0	0	0	0	0	0	0	0	0	0	0	0	
N51	4.3347e-31	2.30145e-25	2.98915e-20	4.24946e-17	1.92161e-14	1.09387e-09	6.38858e-10	3.79968e-05	0.999923	3.85752e-05	1.92795e-10	1.95612e-12	1.92742e-14	2.28777e-18	5.74073e-22	1.65149e-22	3.94379e-23	3.75348e-22	7.64397e-28	5.55181e-32	6.02245e-37	7.28245e-43	3.76672e-48	1.79805e-52	7.86021e-58	4.39025e-61	5.33494e-66	1.27137e-71	6.79278e-79	4.11028e-84	4.28778e-91	3.07209e-96	2.60118e-104	3.75895e-38	3.72816e-38	5.02909e-36	3.6821e-38	4.23747e-38	1.12816e-38	5.3533e-38	1.09949e-38	2.16486e-38	1.84751e-40	4.25955e-40	8.10339e-40	9.14008e-38	
L_austr_mauritanicum	0	0	0	0	0	0	0	0	1	0	0	0	0	0	0	0	0	0	0	0	0	0	0	0	0	0	0	0	0	0	0	0	0	0	0	0	0	0	0	0	0	0	0	0	0	0	
L_austriacum	0	0	0	0	0	0	0	0	0.999262	0	0	0	0	0	0	0	0	0.000738124	0	0	0	0	0	0	0	0	0	0	0	0	0	0	0	0	0	0	0	0	0	0	0	0	0	0	0	0	
L_pallescens	0	0	0	0	0	0	0	0	0.9993	0	0	0	0	0	0.000699768	0	0	0	0	0	0	0	0	0	0	0	0	0	0	0	0	0	0	0	0	0	0	0	0	0	0	0	0	0	0	0	
L_pycnophyllum	0	0	0	0	0	0	0	0	1	0	0	0	0	0	0	0	0	0	0	0	0	0	0	0	0	0	0	0	0	0	0	0	0	0	0	0	0	0	0	0	0	0	0	0	0	0	
N52	9.24135e-20	1.17954e-15	4.42123e-12	2.77783e-10	6.61731e-09	1.09924e-05	8.21479e-07	0.00106626	0.867121	0.00106444	1.10989e-05	3.86458e-05	1.45484e-05	6.71745e-06	5.05579e-05	0.000135746	0.000163145	0.130238	7.81685e-05	8.16631e-08	9.39959e-12	2.45421e-15	4.6242e-16	8.14773e-16	1.13259e-16	1.40412e-16	2.4595e-17	7.41032e-21	3.0592e-25	1.0698e-28	1.5438e-33	3.3853e-37	3.35461e-42	3.66809e-46	9.81104e-51	2.66426e-54	5.71769e-60	1.3623e-64	9.74783e-70	4.96972e-74	1.36512e-79	2.39558e-84	2.48336e-90	5.7401e-95	6.76844e-100	4.17207e-104	
L_aroanium1	0	0	0	0	0	0	0	0	0	0	0	0	0	0	0	0	0	1	0	0	0	0	0	0	0	0	0	0	0	0	0	0	0	0	0	0	0	0	0	0	0	0	0	0	0	0	
L_nervosum	0	0	0	0	0	0	0	0	0.866384	0	0	0	0	0	0.00269974	0	0	0	0	0	0	0	0	0	0	0	0.130916	0	0	0	0	0	0	0	0	0	0	0	0	0	0	0	0	0	0	0	
N53	2.28877e-16	8.74846e-13	4.54114e-10	6.43147e-08	3.51807e-06	5.23893e-05	0.0102172	0.041487	0.905243	0.0429546	3.30541e-05	1.49548e-06	4.81834e-06	2.83359e-06	1.46213e-08	2.51776e-11	9.74448e-15	5.13713e-17	2.3809e-21	3.34114e-24	1.0476e-27	3.81345e-31	5.36553e-35	5.2201e-38	2.34502e-42	2.61186e-45	5.22007e-49	7.30987e-51	8.49507e-53	7.46035e-53	2.70698e-55	3.04752e-55	4.24766e-58	2.43038e-59	3.1667e-61	5.0663e-62	2.56058e-65	3.63446e-67	1.03206e-68	5.58432e-70	6.88413e-73	8.29372e-75	3.90218e-78	9.67097e-80	8.35943e-82	6.59682e-83	
N54	2.21312e-17	9.83126e-14	1.11997e-10	1.25548e-08	1.67198e-06	3.03456e-05	0.0146178	0.0207995	0.586167	0.0641194	9.54803e-05	7.83335e-05	0.00927322	0.286804	0.0161959	0.0018154	1.13817e-06	2.37289e-07	1.59879e-10	1.02995e-10	3.99163e-13	5.58077e-16	2.88086e-19	6.21967e-21	1.9994e-25	3.20744e-27	5.20992e-30	1.35486e-32	2.41106e-36	6.41555e-38	6.41922e-42	2.55652e-43	2.5802e-48	3.66915e-51	9.34721e-55	2.02617e-56	5.59077e-62	1.24434e-65	5.94604e-70	1.0292e-72	9.23802e-78	1.81103e-81	2.6018e-87	2.31819e-90	1.41013e-94	3.53235e-97	
N55	2.02993e-19	1.10797e-15	1.29454e-12	3.32578e-10	3.63367e-07	1.6609e-06	0.00178139	0.00159184	0.0327548	0.110947	0.00145001	3.13314e-05	0.00597193	0.708133	0.135015	0.00215812	6.71409e-06	7.05787e-05	4.74196e-06	6.36624e-05	1.72064e-05	4.32577e-08	6.24401e-11	4.95138e-13	3.81994e-15	4.29432e-14	4.22105e-14	2.33209e-14	4.80492e-16	1.77924e-16	7.34231e-20	6.59691e-22	4.12739e-26	7.05811e-29	2.45884e-32	2.04429e-34	2.24907e-39	6.61192e-43	5.76454e-47	4.08213e-50	9.43037e-55	4.6381e-58	2.42841e-63	5.24957e-67	6.25077e-71	7.57789e-74	
N56	3.05343e-28	2.32926e-22	1.14147e-18	1.34834e-14	3.47689e-12	9.42185e-12	1.47886e-09	2.67055e-06	1.27113e-05	0.000101919	3.12959e-07	1.03648e-11	1.02838e-08	0.000802316	0.990575	0.0083839	5.00327e-07	1.46784e-10	1.46987e-12	5.9716e-08	1.08857e-11	4.43353e-17	5.91324e-23	6.30821e-29	2.7396e-29	7.78628e-23	6.13048e-18	2.25536e-12	6.65577e-09	0.000120938	1.64561e-08	7.26919e-13	4.39617e-18	5.81981e-24	1.12681e-29	2.56814e-33	2.03648e-34	1.57424e-33	1.20967e-33	1.06098e-32	2.61811e-33	2.20871e-32	1.95621e-33	2.77004e-33	1.3726e-33	1.07398e-32	
L_bienne	0	0	0	0	0	0	0	0	2.19666e-05	0	0	0	0	0	0.989302	0.0101652	0	0	0	0	0	0	0	0	0	0	0	0	0	0.000511012	0	0	0	0	0	0	0	0	0	0	0	0	0	0	0	0	
L_usitatissimum	0	0	0	0	0	0	0	0	0	0	0	0	0	0	0.988007	0.0117732	0	0	0	0	0	0	0	0	0	0	0	0	0	0.000219666	0	0	0	0	0	0	0	0	0	0	0	0	0	0	0	0	
L_hologynum	0	0	0	0	0	0	0	0	0	0	0	0	0	0	0	0	0	0	0	0	1	0	0	0	0	0	0	0	0	0	0	0	0	0	0	0	0	0	0	0	0	0	0	0	0	0	
L_narbonense	0	0	0	0	0	0	0.0231161	0	0.443462	0.0718579	0	0	0	0.419501	0.0420636	0	0	0	0	0	0	0	0	0	0	0	0	0	0	0	0	0	0	0	0	0	0	0	0	0	0	0	0	0	0	0	
N57	8.39417e-16	2.53233e-12	8.63359e-10	3.84494e-07	4.74661e-06	9.75727e-05	0.00128341	0.218343	0.776416	0.00384737	7.03871e-06	1.76825e-08	5.16821e-10	6.84797e-10	6.74572e-11	1.57694e-12	8.19846e-16	4.88306e-18	8.65929e-22	9.59881e-25	8.25451e-28	5.30334e-32	6.61708e-36	4.98493e-40	2.22862e-44	2.64795e-47	2.13959e-51	1.43965e-54	1.3213e-59	2.2822e-63	2.68813e-68	1.85695e-72	2.15783e-77	6.19344e-82	1.69527e-86	4.15028e-90	1.09737e-95	9.17897e-100	3.18284e-104	2.0531e-108	2.35921e-113	5.74977e-117	1.03211e-122	3.01452e-127	8.14171e-132	9.27256e-136	
L_decumbens1	0	0	0	0	0	0	0	0	0.948489	0	0	0	0	0	0	0.0515113	0	0	0	0	0	0	0	0	0	0	0	0	0	0	0	0	0	0	0	0	0	0	0	0	0	0	0	0	0	0	
L_grandiflorum	0	0	0	0	0	0	0	1	0	0	0	0	0	0	0	0	0	0	0	0	0	0	0	0	0	0	0	0	0	0	0	0	0	0	0	0	0	0	0	0	0	0	0	0	0	0	
L_stelleroides	0	0	0	0	0	0	0	0	0.639472	0.360528	0	0	0	0	0	0	0	0	0	0	0	0	0	0	0	0	0	0	0	0	0	0	0	0	0	0	0	0	0	0	0	0	0	0	0	0	
N58	4.81511e-13	4.38302e-10	1.84478e-08	8.85623e-06	2.05694e-05	3.85851e-05	0.00390032	0.84902	0.146388	0.000622159	5.74627e-07	6.92235e-10	8.1396e-13	5.16354e-16	1.5468e-19	4.05463e-23	7.54944e-27	4.79277e-30	2.36909e-34	3.8597e-38	1.6546e-42	1.07384e-46	3.643e-51	4.75077e-55	1.2239e-59	1.88995e-63	1.19261e-67	3.6988e-72	4.59687e-77	3.34989e-81	2.42487e-86	1.29235e-90	1.1049e-95	4.49017e-100	6.86708e-105	6.48007e-109	1.86427e-114	3.65284e-119	3.33289e-124	2.40745e-128	3.56079e-133	3.01561e-137	3.11226e-142	3.37915e-146	2.62439e-150	6.67485e-154	
N59	1.28879e-15	5.51718e-12	4.80414e-10	9.89184e-07	1.67979e-06	1.2809e-06	0.00118569	0.976487	0.0223128	1.1061e-05	1.18853e-09	1.21389e-12	5.39062e-16	1.89397e-19	3.32709e-23	6.73894e-26	3.3821e-30	1.81501e-32	1.61592e-37	8.07327e-41	1.0069e-45	6.17182e-50	9.61707e-55	5.27363e-58	1.40421e-63	4.86658e-57	1.35186e-56	4.00424e-58	2.2776e-59	1.8343e-60	1.02785e-63	4.61452e-64	7.10817e-66	8.63245e-68	3.1596e-70	7.2559e-71	9.0357e-75	5.82787e-77	1.03184e-79	6.35321e-81	2.09806e-84	1.66586e-86	2.47377e-90	1.34234e-91	3.48182e-94	2.51383e-95	
N60	4.5701e-17	3.1767e-13	4.96966e-11	1.31012e-07	2.07651e-07	4.33419e-07	0.000803244	0.992661	0.00653307	2.19063e-06	4.28898e-10	7.41058e-12	2.66301e-13	9.82475e-14	3.05372e-15	9.20829e-17	2.14461e-21	7.55657e-24	6.0384e-29	1.54232e-32	5.10941e-37	1.96157e-41	1.25579e-45	3.42757e-48	5.57161e-54	1.12997e-57	8.49957e-62	2.02198e-66	2.49874e-72	4.01059e-76	4.65619e-81	5.05132e-84	1.88816e-90	4.19486e-95	1.73632e-100	1.17749e-103	2.54827e-110	2.9509e-115	8.30513e-121	3.75309e-125	4.03869e-131	5.39233e-136	6.35664e-143	2.14654e-147	1.48161e-152	2.60257e-156	
L_hirsutum	0	0	0	0	0	0	0	0.990142	0.00960472	0	0	0	0	0	0.000253341	0	0	0	0	0	0	0	0	0	0	0	0	0	0	0	0	0	0	0	0	0	0	0	0	0	0	0	0	0	0	0	
L_seljukorum	0	0	0	0	0	0	0	1	0	0	0	0	0	0	0	0	0	0	0	0	0	0	0	0	0	0	0	0	0	0	0	0	0	0	0	0	0	0	0	0	0	0	0	0	0	0	
L_viscosum	0	0	0	0	0	0	0	1	0	0	0	0	0	0	0	0	0	0	0	0	0	0	0	0	0	0	0	0	0	0	0	0	0	0	0	0	0	0	0	0	0	0	0	0	0	0	
L_pubescens	0	0	0	0	0	0	0	0.723572	0.276428	0	0	0	0	0	0	0	0	0	0	0	0	0	0	0	0	0	0	0	0	0	0	0	0	0	0	0	0	0	0	0	0	0	0	0	0	0	
Re_indica	0	0	0	0	0	0	0	0	0	0.411201	0.588799	0	0	0	0	0	0	0	0	0	0	0	0	0	0	0	0	0	0	0	0	0	0	0	0	0	0	0	0	0	0	0	0	0	0	0	
