NODE	1	2	3	4	5	6	7	8	9	10	11	12	13	14	15	16	17	18	19	20	21	22	23	24	25	26	27	28	29	30	31	32	33	34	35	36	37	38	39	40	41	42	43	44	45	46	
N1	1.3339e-11	5.52577e-09	5.54458e-07	1.2806e-05	0.00103809	0.00131185	0.000334203	0.00160915	0.0266916	0.215578	0.470904	0.245646	0.0351644	0.00167795	3.1623e-05	2.69273e-07	1.15108e-09	2.6849e-12	1.31493e-17	3.80741e-19	8.85113e-21	1.68359e-22	2.66272e-24	3.55025e-26	4.03851e-28	3.96042e-30	3.37911e-32	2.52889e-34	1.67213e-36	9.83182e-39	5.17078e-41	2.44527e-43	1.04479e-45	4.05091e-48	1.43098e-50	4.62235e-53	1.36994e-55	3.73681e-58	9.40819e-61	2.19218e-63	4.73897e-66	9.52647e-69	1.7847e-71	3.12291e-74	5.12567e-77	8.40618e-80	
N2	5.70897e-11	9.49017e-09	5.25998e-07	1.91022e-05	0.000539893	0.000511317	0.000241649	0.00242876	0.0505057	0.321245	0.455912	0.153928	0.014212	0.000450066	5.84251e-06	1.2824e-07	2.13732e-09	4.05588e-10	4.65726e-12	5.35428e-13	2.8883e-15	2.00366e-16	4.62805e-19	1.93655e-20	2.10198e-23	5.0604e-25	3.08091e-28	4.2202e-30	1.6261e-33	1.3142e-35	4.3708e-39	5.16935e-41	1.14899e-44	1.62345e-46	3.72398e-49	8.88153e-51	1.47441e-54	1.77649e-56	3.122e-59	5.27809e-61	5.77402e-65	4.04901e-67	5.11568e-70	6.42894e-72	1.97385e-75	2.04572e-77	
N3	5.37051e-12	1.61445e-09	2.45236e-08	5.9868e-06	0.000119751	3.45726e-05	0.000263105	0.025097	0.535185	0.383433	0.053446	0.00237543	3.93179e-05	4.32675e-07	3.56013e-09	6.28296e-11	4.0049e-13	3.85905e-15	1.24708e-17	5.95138e-20	9.7713e-23	2.51493e-25	2.11679e-28	3.19071e-31	1.46896e-34	1.43098e-37	4.19259e-41	3.62944e-44	8.08547e-48	9.25328e-51	4.01927e-54	6.32519e-57	1.60998e-60	1.99943e-63	7.80819e-67	8.22088e-70	1.53995e-73	1.21366e-76	3.26918e-80	2.16658e-83	2.64221e-87	1.30087e-90	2.57165e-94	1.23766e-97	2.30242e-101	1.09246e-104	
N4	2.4094e-13	1.81076e-10	1.16088e-08	1.80365e-06	2.81093e-05	4.01179e-05	0.000539876	0.0421943	0.627303	0.297625	0.0309953	0.00125845	1.41679e-05	2.63821e-07	3.32043e-09	2.86637e-10	1.16384e-12	4.04799e-14	3.14455e-17	4.8587e-19	1.37346e-22	9.79321e-25	1.39263e-28	4.87062e-31	4.09407e-35	7.78953e-38	5.70023e-42	1.99086e-44	1.11688e-48	5.45292e-51	2.90056e-54	1.62023e-56	5.30204e-61	1.50037e-63	5.27747e-67	1.81724e-69	2.86875e-74	2.43923e-77	4.66989e-81	1.10971e-83	1.12909e-88	4.267e-92	4.11873e-96	7.01046e-99	9.33056e-104	9.4672e-107	
N5	4.89345e-15	1.14886e-11	2.19998e-09	3.0982e-07	1.25175e-05	6.33826e-05	0.000865168	0.0399107	0.649959	0.274913	0.0323085	0.00192712	3.25865e-05	7.78642e-06	1.00753e-07	1.77077e-08	2.71194e-11	1.66142e-12	4.23873e-16	9.55552e-18	8.62284e-22	6.88555e-24	3.2344e-28	1.04469e-30	2.98467e-35	5.12409e-38	4.74189e-42	5.50778e-44	1.00313e-48	6.28424e-51	2.6513e-54	2.1495e-56	1.83843e-61	3.63271e-64	9.29324e-68	4.95101e-70	2.51328e-75	1.31913e-78	1.63658e-82	6.17777e-85	2.17589e-90	5.18865e-94	2.64972e-98	7.41024e-101	3.35643e-106	5.00621e-109	
N6	6.15041e-15	8.062e-12	4.02247e-10	3.26962e-07	2.16937e-05	8.55587e-06	9.01169e-05	0.0184687	0.775184	0.198069	0.0080448	0.00011213	7.03532e-07	1.54899e-08	8.63226e-11	2.80283e-12	8.02574e-15	3.09851e-16	7.99718e-19	2.95828e-20	3.46626e-23	5.44592e-25	3.11752e-28	2.67099e-30	8.05714e-34	4.00109e-36	2.49035e-39	2.23442e-41	4.03619e-45	2.0242e-47	1.67516e-50	1.35222e-52	1.22485e-56	4.79042e-59	3.50154e-62	4.82985e-64	4.62282e-67	2.13725e-68	2.81167e-70	4.72966e-71	6.01629e-74	1.91557e-75	1.63271e-77	1.88385e-78	4.83138e-81	4.71178e-82	
N7	7.32692e-22	6.36815e-17	2.94522e-15	1.5388e-10	2.67497e-07	1.10362e-09	1.95708e-08	0.000293723	0.88884	0.110817	4.91927e-05	5.82068e-09	4.83881e-11	1.03016e-10	3.55752e-10	6.67581e-12	5.83982e-15	8.10538e-18	5.02521e-22	1.39663e-25	3.3567e-30	2.85916e-29	1.56635e-31	1.79775e-33	1.73758e-36	2.56685e-38	1.04622e-40	4.15747e-42	5.00977e-45	1.32762e-46	5.36652e-49	1.11686e-50	7.58073e-54	5.18693e-34	4.35799e-34	1.83161e-33	2.00385e-34	3.19241e-34	1.58715e-34	1.09657e-33	1.05261e-34	1.27199e-34	4.0631e-35	1.75827e-34	8.11058e-35	4.58036e-34	
L_corymbiferum	0	0	0	0	0	0	0	0	0.99997	0	0	0	0	0	3.0314e-05	0	0	0	0	0	0	0	0	0	0	0	0	0	0	0	0	0	0	0	0	0	0	0	0	0	0	0	0	0	0	0	
N8	4.18495e-26	2.65155e-20	9.97757e-18	1.791e-12	3.82904e-09	8.67463e-12	2.83717e-10	1.6861e-05	0.860387	0.13959	6.66813e-06	6.38077e-11	9.74525e-13	4.34318e-11	3.25369e-10	2.16705e-12	1.00532e-16	5.76041e-19	6.73038e-25	5.11183e-28	2.42561e-34	3.43733e-38	8.03383e-45	4.31793e-49	2.30917e-55	2.74533e-58	3.18051e-63	2.24464e-66	5.94522e-72	2.08381e-75	1.2683e-82	1.17432e-86	1.50234e-94	1.95083e-76	7.19983e-37	5.95767e-35	2.57571e-37	2.92102e-37	3.53894e-38	3.22058e-36	1.47553e-38	1.52495e-38	6.21672e-40	5.3108e-38	1.49588e-38	1.32285e-36	
L_gallicum	0	0	0	0	0	0	0	0	0	1	0	0	0	0	0	0	0	0	0	0	0	0	0	0	0	0	0	0	0	0	0	0	0	0	0	0	0	0	0	0	0	0	0	0	0	0	
L_strictum	0	0	0	0	0	0	0	0	0.999956	0	0	0	0	0	7.3109e-07	4.31701e-05	0	0	0	0	0	0	0	0	0	0	0	0	0	0	0	0	0	0	0	0	0	0	0	0	0	0	0	0	0	0	
N9	3.78071e-17	1.3668e-13	3.87569e-12	1.17424e-08	4.29402e-07	4.30831e-08	4.44729e-06	0.00501347	0.951051	0.0436738	0.000256625	4.45851e-07	3.9332e-10	1.59303e-11	2.52625e-11	2.17241e-10	1.1988e-10	2.09157e-10	4.09506e-13	5.90156e-15	1.99565e-18	7.75805e-21	1.05807e-24	1.78763e-27	1.27071e-31	1.3466e-34	1.87446e-38	7.40144e-41	4.31961e-45	1.26601e-47	4.20519e-51	1.17329e-53	4.97881e-56	8.80103e-56	1.56882e-56	1.0659e-56	3.18168e-60	1.46273e-62	1.22968e-65	8.53635e-68	4.05408e-72	3.58004e-75	6.83287e-79	2.06479e-81	1.17508e-85	2.65272e-88	
L_setaceum	0	0	0	0	0	0	0	0	1	0	0	0	0	0	0	0	0	0	0	0	0	0	0	0	0	0	0	0	0	0	0	0	0	0	0	0	0	0	0	0	0	0	0	0	0	0	
N10	2.47792e-23	2.00551e-18	6.72045e-17	5.76288e-12	6.62592e-11	1.52143e-12	1.50924e-08	0.000333565	0.534839	0.000539393	7.02531e-08	2.84318e-12	9.5797e-17	6.2539e-17	2.2499e-13	2.01686e-08	6.13396e-05	0.463965	0.000260839	1.31601e-06	5.75507e-11	3.63644e-14	4.49502e-19	9.33971e-23	4.6654e-28	7.78488e-32	2.58265e-36	2.98079e-38	4.32593e-39	7.01111e-38	7.03517e-38	6.73584e-37	1.8778e-25	1.87209e-21	1.13609e-19	3.87723e-17	1.23547e-19	7.7308e-21	8.39785e-23	1.77505e-23	1.05511e-26	1.6148e-28	4.02489e-31	4.14327e-32	7.49106e-35	1.69425e-34	
L_suffruticosum1	0	0	0	0	0	0	0	0	0	0	0	0	0	0	0	0	0	0.966389	0	0	0	0	0	0	0	0	0	0	0	0	0	0	0	0	0	0.0336106	0	0	0	0	0	0	0	0	0	0	
L_tenuifolium1	0	0	0	0	0	0	0	0.00438428	0.528933	0	0	0	0	0	0	0	0	0.466683	0	0	0	0	0	0	0	0	0	0	0	0	0	0	0	0	0	0	0	0	0	0	0	0	0	0	0	0	
N11	3.56544e-15	9.28302e-12	3.36409e-09	5.02476e-07	3.59076e-05	0.00118746	0.0172269	0.113919	0.574326	0.219991	0.054003	0.0144966	0.00158326	0.00304514	0.000153659	3.14309e-05	2.68166e-07	1.57141e-08	1.11003e-11	2.03744e-13	4.72009e-17	2.42164e-19	2.84021e-23	6.46793e-26	4.25386e-30	7.74607e-33	2.48486e-36	3.42154e-38	2.71012e-42	2.43324e-44	1.67011e-47	1.29177e-49	5.40679e-54	2.34276e-56	1.03705e-59	4.6976e-62	7.75863e-67	5.74845e-70	1.07761e-73	3.4621e-76	3.8458e-81	1.25685e-84	7.20043e-89	1.72795e-91	3.9434e-96	8.36573e-99	
N12	5.61471e-19	7.15594e-15	4.76708e-11	2.70588e-10	6.70577e-09	5.63399e-05	0.018825	0.000528547	5.43838e-06	9.17117e-07	3.339e-05	0.00352675	0.0715001	0.883881	0.0207138	0.000925586	3.07072e-06	2.8335e-08	1.84041e-11	5.92589e-14	5.6793e-18	4.2949e-21	1.74107e-25	6.01133e-29	1.20039e-33	2.83194e-37	8.04145e-42	1.19266e-44	1.30305e-46	2.80771e-47	2.59316e-46	3.51851e-44	1.14301e-46	1.23911e-47	1.96661e-49	1.97868e-50	3.53805e-53	7.71803e-54	1.57334e-53	1.26594e-54	1.31388e-57	2.11915e-59	7.93664e-62	5.25578e-63	9.72997e-66	5.91064e-67	
N13	2.80686e-23	1.55897e-18	1.56924e-14	2.16697e-12	1.87074e-11	4.38685e-07	0.00153579	8.87597e-06	1.7121e-08	2.07444e-10	1.30928e-08	3.00864e-05	0.0101246	0.979414	0.00882215	6.39434e-05	3.11809e-08	4.34804e-11	1.03642e-14	2.1762e-16	2.50734e-20	3.20444e-22	8.86179e-27	5.86696e-29	4.95312e-34	1.43717e-36	9.10137e-42	2.03647e-44	6.63774e-50	7.20209e-53	3.38402e-58	5.26372e-61	8.03581e-67	3.34535e-70	5.42916e-75	4.41617e-76	4.01481e-80	2.78901e-81	6.84821e-83	1.43399e-83	7.83304e-88	2.9764e-89	1.06267e-91	1.44937e-92	3.17147e-96	3.29047e-97	
N14	1.71908e-27	3.84153e-22	1.78792e-17	2.30658e-15	1.16952e-14	7.66943e-10	1.18387e-05	3.30257e-09	2.24621e-13	2.73904e-16	2.59324e-13	1.83241e-08	0.000375732	0.998633	0.00097897	1.50077e-07	6.64811e-12	1.73766e-16	2.86325e-21	5.3593e-24	7.97778e-28	1.44818e-30	1.23598e-34	1.05028e-37	4.17412e-42	1.81695e-45	3.05267e-50	6.64979e-54	6.76755e-60	1.80431e-64	8.8965e-71	1.33492e-75	3.1461e-82	1.52613e-87	1.31429e-94	3.44875e-100	6.87301e-108	2.47628e-114	3.42907e-40	7.17012e-39	4.27181e-40	7.37223e-39	2.61989e-38	5.67577e-37	8.12472e-36	1.13285e-34	
L_album	0	0	0	0	0	0	0	0	0	0	0	0	0	1	0	0	0	0	0	0	0	0	0	0	0	0	0	0	0	0	0	0	0	0	0	0	0	0	0	0	0	0	0	0	0	0	
L_mucronatum1	0	0	0	0	0	0	0	0	0	0	0	0	0	1	0	0	0	0	0	0	0	0	0	0	0	0	0	0	0	0	0	0	0	0	0	0	0	0	0	0	0	0	0	0	0	0	
N15	6.33933e-30	5.87622e-24	6.18476e-19	2.31019e-16	9.9658e-16	1.90662e-10	9.24076e-06	2.42806e-09	7.72474e-14	2.08481e-17	2.6823e-14	4.25968e-09	0.000176529	0.995389	0.00442378	9.56871e-07	3.47341e-11	7.92626e-16	6.32211e-21	6.61196e-24	3.26997e-28	2.30712e-29	4.09838e-31	1.34051e-31	1.05577e-33	2.51064e-34	1.02553e-36	1.78858e-37	6.63145e-41	1.86022e-42	5.38205e-46	1.48971e-47	3.29407e-51	3.39983e-53	5.49519e-57	9.63927e-59	1.1799e-62	1.23717e-64	2.76425e-67	4.29579e-68	7.49377e-72	7.61474e-73	6.42775e-75	9.16494e-76	6.05494e-77	5.42016e-78	
N16	1.0322e-37	1.0003e-30	1.20253e-24	1.05846e-21	2.20368e-20	9.57105e-14	9.44076e-08	1.16604e-12	2.06162e-18	5.56255e-23	1.23543e-18	5.29304e-12	6.63383e-06	0.997883	0.00210989	2.86201e-08	9.5924e-14	1.08679e-19	4.62428e-26	9.7054e-31	2.1785e-35	6.94835e-38	7.47451e-42	3.61067e-41	2.44817e-41	9.61456e-39	4.03412e-36	3.5695e-34	1.92337e-36	4.05082e-35	1.71998e-37	6.73808e-37	2.5875e-39	4.38211e-39	1.43086e-41	2.03998e-41	5.79841e-44	6.76284e-44	3.00707e-46	1.97658e-44	9.05237e-47	8.49938e-45	1.28002e-43	3.88265e-41	7.48597e-39	9.97848e-37	
N17	3.70423e-35	1.32039e-29	1.10041e-24	6.66174e-21	7.57298e-19	1.44886e-14	2.36131e-09	2.92971e-13	8.83668e-16	5.41567e-17	7.24085e-15	7.8415e-11	2.4298e-05	0.999415	0.000561138	1.29567e-08	6.39528e-14	1.12405e-19	8.94938e-26	2.22855e-29	2.19165e-33	2.02939e-35	1.0124e-39	1.76922e-41	1.32541e-43	3.35072e-43	2.16132e-42	7.91329e-43	3.837e-47	1.35283e-48	4.56221e-53	2.17621e-55	4.19983e-60	1.51721e-62	1.76488e-67	5.09477e-70	3.6643e-75	8.32833e-78	1.41921e-82	3.78323e-83	6.0042e-88	5.05783e-45	4.3174e-43	5.9148e-41	6.23572e-39	4.91353e-37	
N18	1.97758e-35	2.17221e-31	5.92681e-26	6.56798e-23	1.35268e-21	6.80808e-16	8.1693e-11	4.0083e-15	6.45807e-19	2.30523e-20	1.72211e-16	1.38337e-10	3.31575e-05	0.999042	0.000924738	2.58e-08	1.5928e-13	3.58932e-19	4.02926e-25	8.56457e-28	1.12431e-31	1.57035e-33	1.25337e-37	7.91437e-40	3.77061e-44	1.07584e-46	2.89077e-51	3.53613e-54	4.57422e-61	1.25605e-65	7.99267e-73	7.01854e-78	1.86472e-85	8.14966e-91	8.0059e-99	1.45298e-104	3.66392e-113	1.34515e-119	1.26601e-46	2.64513e-44	2.33328e-46	3.46488e-44	2.62793e-42	3.66968e-40	3.93773e-38	3.16247e-36	
L_arboreum	0	0	0	0	0	0	0	0	0	0	0	0	0	1	0	0	0	0	0	0	0	0	0	0	0	0	0	0	0	0	0	0	0	0	0	0	0	0	0	0	0	0	0	0	0	0	
L_elegans	0	0	0	0	0	0	0	0	0	0	0	0	0	0.98507	0.0149297	0	0	0	0	0	0	0	0	0	0	0	0	0	0	0	0	0	0	0	0	0	0	0	0	0	0	0	0	0	0	0	
L_campanulatum	0	0	0	0	0	0	0	0	3.80852e-08	0	0	0	0	1	0	0	0	0	0	0	0	0	0	0	0	0	0	0	0	0	0	0	0	0	0	0	0	0	0	0	0	0	0	0	0	0	
N19	7.49338e-35	7.19749e-30	6.12505e-25	2.75868e-21	5.14055e-20	3.10627e-14	1.98106e-09	2.24905e-13	1.19764e-16	3.02566e-17	4.07547e-15	1.54972e-09	1.38898e-05	0.994598	0.00538766	1.05646e-07	5.15514e-11	1.67403e-16	1.36353e-22	1.61755e-25	1.59841e-29	3.54314e-31	3.18024e-33	9.41382e-33	1.50955e-34	2.30494e-34	2.78652e-36	2.35359e-36	1.25369e-40	2.52361e-42	9.45408e-47	8.16262e-49	1.88457e-53	1.33267e-55	1.86412e-60	1.1516e-62	9.71385e-68	5.28533e-70	2.55067e-73	5.46451e-74	5.55598e-78	1.86438e-78	1.42649e-78	1.37705e-78	8.13884e-79	2.99765e-79	
L_capitatum	0	0	0	0	0	0	0	0	0	0	0	0.00103375	0	0.998958	0	0	7.96139e-06	0	0	0	0	0	0	0	0	0	0	0	0	0	0	0	0	0	0	0	0	0	0	0	0	0	0	0	0	0	
N20	8.85214e-32	4.80577e-28	1.06247e-25	3.95034e-20	4.46969e-19	8.07249e-16	1.22238e-10	1.6255e-12	4.3027e-14	2.09522e-14	1.713e-14	6.24972e-11	1.66955e-05	0.975178	0.0248043	6.74316e-07	5.86488e-12	2.23589e-17	4.04233e-23	1.45694e-25	3.96755e-29	1.50414e-30	2.1928e-34	3.7279e-36	2.11134e-40	2.05223e-42	9.57353e-47	4.14586e-49	5.20394e-56	2.12253e-60	1.25517e-67	2.12854e-72	5.30542e-80	1.79461e-61	1.33066e-66	3.03946e-69	1.11725e-74	1.26032e-77	2.82672e-81	3.8187e-44	6.57743e-46	4.11445e-44	1.77575e-42	6.17791e-40	1.39269e-37	2.10155e-35	
L_gyaricum	0	0	0	0	0	0	0	0	0	0	0	0	0	0	1	0	0	0	0	0	0	0	0	0	0	0	0	0	0	0	0	0	0	0	0	0	0	0	0	0	0	0	0	0	0	0	
L_tauricum	0	0	0	0	0	0	0	0	4.22511e-08	0	0	0	0	1	0	0	0	0	0	0	0	0	0	0	0	0	0	0	0	0	0	0	0	0	0	0	0	0	0	0	0	0	0	0	0	0	
L_flavum	0	0	0	0	0	0	0	0	0	0	0	0	0	0.93562	0.0643803	0	0	0	0	0	0	0	0	0	0	0	0	0	0	0	0	0	0	0	0	0	0	0	0	0	0	0	0	0	0	0	
L_nodiflorum	0	0	0	0	0	0	0	0	0	0	0	0.0373086	0.962691	0	0	0	0	0	0	0	0	0	0	0	0	0	0	0	0	0	0	0	0	0	0	0	0	0	0	0	0	0	0	0	0	0	
N21	9.14804e-15	2.93941e-11	5.02989e-09	2.81257e-06	0.00260078	0.000789242	0.000118874	0.00445571	0.212421	0.739741	0.037522	0.00226154	8.48224e-05	2.8591e-06	1.55484e-08	1.31988e-10	1.28539e-13	4.51378e-16	1.32411e-19	2.9842e-22	6.71426e-26	3.17007e-28	1.15068e-31	6.97398e-34	2.41936e-37	1.38889e-39	9.11163e-43	3.66232e-45	4.50706e-49	1.06042e-51	2.35302e-55	5.7008e-58	2.70339e-62	2.36497e-65	2.20926e-69	3.90909e-72	9.3206e-77	3.39329e-80	1.62146e-84	2.69175e-87	3.69434e-92	1.50558e-95	1.94443e-99	3.39727e-102	1.97072e-105	2.99278e-108	
N22	6.07117e-18	9.83302e-14	1.33741e-11	3.1226e-08	8.18677e-05	1.27833e-06	1.31632e-07	6.46261e-05	0.0478836	0.945575	0.00637913	1.40038e-05	2.03434e-08	6.22662e-09	1.37631e-09	4.11252e-11	3.81083e-14	8.16032e-16	3.99182e-17	3.37066e-17	7.92568e-21	2.20458e-23	1.65021e-27	2.65588e-30	1.04465e-34	9.63251e-38	3.25649e-42	1.46699e-44	1.8919e-47	1.5743e-48	1.99955e-50	2.91395e-51	2.74593e-54	1.91189e-55	1.98822e-57	1.98653e-58	1.01906e-61	2.14112e-63	1.15588e-65	8.70125e-67	3.16123e-70	3.26677e-72	7.74149e-75	4.57876e-76	4.24406e-79	2.13538e-80	
N23	4.52224e-25	4.91934e-19	6.61651e-17	1.96934e-11	5.54834e-08	3.54297e-12	8.0297e-12	7.92128e-07	0.093579	0.906374	4.5928e-05	4.13177e-10	1.72422e-15	1.76941e-19	1.79927e-23	4.26935e-28	1.3754e-33	1.03895e-37	3.04271e-43	6.12724e-48	2.26887e-55	8.58842e-46	1.11622e-34	1.6117e-34	3.96892e-36	6.86323e-36	1.62358e-36	2.17752e-35	8.19479e-36	9.90608e-35	1.14347e-35	1.14458e-34	3.98435e-36	1.61229e-35	8.83932e-36	1.71344e-34	9.02096e-36	1.18959e-34	1.01298e-34	1.5403e-33	3.88622e-35	5.03691e-35	3.96277e-36	5.94443e-35	2.7067e-36	3.56923e-35	
L_corymbulosum	0	0	0	0	0	0	0	0	1	0	0	0	0	0	0	0	0	0	0	0	0	0	0	0	0	0	0	0	0	0	0	0	0	0	0	0	0	0	0	0	0	0	0	0	0	0	
L_trigynum	0	0	0	0	0	0	0	0	0	1	0	0	0	0	0	0	0	0	0	0	0	0	0	0	0	0	0	0	0	0	0	0	0	0	0	0	0	0	0	0	0	0	0	0	0	0	
L_tenue1	0	0	0	0	0	0	0	0	0	0.992278	0	0	0	0	5.33631e-05	0	0	0	0	0.00766838	0	0	0	0	0	0	0	0	0	0	0	0	0	0	0	0	0	0	0	0	0	0	0	0	0	0	
L_maritimum	0	0	0	0	0	0	0	0	0.211002	0.788998	0	0	0	0	0	0	0	0	0	0	0	0	0	0	0	0	0	0	0	0	0	0	0	0	0	0	0	0	0	0	0	0	0	0	0	0	
L_catharticum	0	0	0	0	0	0	0	1	0	0	0	0	0	0	0	0	0	0	0	0	0	0	0	0	0	0	0	0	0	0	0	0	0	0	0	0	0	0	0	0	0	0	0	0	0	0	
N24	7.38559e-13	3.31436e-10	7.01866e-09	2.12801e-06	1.48554e-05	8.34471e-06	0.000370384	0.0446151	0.746663	0.200124	0.00810844	9.28754e-05	4.2933e-07	4.99878e-09	5.16492e-11	5.82026e-12	3.93274e-13	1.04109e-13	9.39719e-16	4.46201e-17	8.96213e-20	1.46827e-21	1.17132e-24	8.60245e-27	3.46825e-30	1.36814e-32	4.57913e-36	3.20788e-38	8.38655e-42	7.25982e-44	9.17118e-47	7.4845e-49	1.17899e-52	5.69598e-55	4.54549e-58	2.13782e-60	1.54871e-64	2.79901e-67	1.25618e-70	4.05875e-73	1.8421e-77	1.6369e-80	4.09744e-84	1.01685e-86	7.7694e-91	1.73358e-93	
N25	1.83219e-17	2.13596e-13	6.17032e-12	5.30948e-08	6.97975e-08	6.73839e-08	0.00016333	0.089245	0.904393	0.00618738	1.10112e-05	3.7353e-07	1.24728e-08	2.13658e-09	7.06006e-10	4.83341e-09	3.13003e-09	6.8562e-09	1.26263e-11	1.98154e-13	4.34108e-17	1.47203e-19	1.02117e-23	1.12896e-26	3.02876e-29	9.70438e-29	4.98773e-31	1.24739e-31	4.1255e-34	1.04669e-34	2.96791e-36	8.25313e-37	1.79763e-39	2.87528e-40	6.35668e-42	1.29432e-42	1.58963e-45	9.01751e-47	1.26146e-48	2.11208e-49	1.97095e-52	5.63754e-54	4.20507e-56	6.03234e-57	9.15686e-60	9.43069e-61	
N26	5.58288e-20	1.88314e-15	3.8608e-13	2.37044e-09	4.10088e-08	5.99903e-08	4.54941e-05	0.0440561	0.954332	0.0015662	4.91551e-07	1.35886e-09	7.81705e-12	6.04206e-11	6.793e-10	4.36577e-09	3.57482e-09	7.19328e-09	6.15623e-12	1.22577e-14	8.13407e-19	1.06029e-21	4.68947e-26	8.78479e-28	3.45066e-32	4.42494e-34	3.91919e-38	3.24656e-40	8.01736e-45	4.08857e-47	6.82037e-52	1.58583e-51	3.84445e-53	1.25182e-52	5.65057e-56	1.6177e-56	2.051e-60	6.29529e-62	1.17868e-65	2.01324e-66	2.06552e-70	3.86075e-71	8.10403e-74	2.0987e-74	1.47809e-75	5.17132e-76	
N27	1.28232e-22	1.17178e-17	2.49735e-15	7.72731e-11	9.71381e-10	8.42089e-09	1.4845e-05	0.0124716	0.20631	0.000173098	5.13046e-08	6.47087e-11	2.61135e-12	2.62801e-10	9.25642e-08	0.000932382	0.0050241	0.774683	0.000386241	4.86364e-06	1.99311e-10	3.26743e-13	4.24105e-18	1.43996e-20	1.33325e-25	7.93538e-28	1.58407e-31	9.15792e-34	4.63634e-39	7.97647e-40	7.95175e-41	5.46821e-40	2.92568e-43	1.361e-44	9.72932e-47	2.84335e-47	3.30839e-51	3.09168e-53	2.35157e-56	5.58386e-57	8.42385e-61	1.52692e-62	6.58528e-66	1.23722e-66	5.7961e-69	1.26997e-69	
N28	1.7939e-23	6.17739e-19	6.86614e-17	2.34835e-12	3.77913e-10	4.01403e-11	1.89672e-08	8.86033e-05	0.0194056	2.66675e-05	6.76135e-09	8.38233e-12	2.45597e-14	9.22577e-13	2.42692e-09	1.82358e-05	0.00232139	0.973775	0.00434868	1.54327e-05	3.20555e-09	1.35359e-11	1.07815e-15	2.132e-17	1.71372e-21	4.17761e-23	3.84394e-26	6.3062e-28	4.94127e-32	4.42412e-34	1.80588e-37	9.61774e-40	1.49973e-42	7.18598e-42	1.0124e-42	1.9376e-42	6.48727e-46	3.68963e-48	3.26921e-52	4.1417e-54	1.35997e-58	3.9991e-61	2.91169e-63	2.27403e-64	5.1363e-66	1.16313e-67	
C_selaginoides	0	0	0	0	0	0	0	0	0	0	0	0	0	0	0	0	0	1	0	0	0	0	0	0	0	0	0	0	0	0	0	0	0	0	0	0	0	0	0	0	0	0	0	0	0	0	
N29	1.13503e-26	5.81535e-22	4.5937e-20	2.30008e-15	3.0403e-13	1.9198e-14	2.60784e-11	4.03888e-07	0.00101208	7.50743e-07	1.0315e-10	8.42808e-15	6.61199e-18	5.88414e-16	1.00938e-11	1.93405e-07	0.000868741	0.995146	0.00297003	1.76533e-06	2.37626e-10	1.03432e-13	2.99556e-18	4.56757e-21	9.90666e-26	9.73507e-28	4.44719e-31	7.13312e-33	5.50607e-34	6.16246e-33	2.22263e-33	1.15753e-32	7.42212e-30	6.93736e-24	7.05632e-23	8.04273e-21	7.61548e-23	2.28648e-23	6.12061e-26	1.03595e-26	1.43822e-29	3.41955e-30	2.53515e-30	2.13261e-30	1.90282e-30	1.45876e-30	
L_littorale	0	0	0	0	0	0	0	0	0	0	0	0	0	0	0	0	0	0.873288	0	0	0	0	0	0	0	0	0	0	0	0	0	0	0	0	0	0.126712	0	0	0	0	0	0	0	0	0	0	
N30	4.19965e-32	9.14916e-27	1.0086e-24	2.75904e-19	6.92636e-17	2.53484e-18	1.70461e-14	1.3949e-09	2.42932e-05	4.60615e-09	1.69726e-13	2.57768e-18	5.68068e-22	2.74104e-19	5.95346e-14	6.86847e-09	0.000232405	0.998743	0.000999698	1.22449e-07	4.16044e-12	1.11452e-16	7.96012e-22	1.70268e-25	6.96967e-31	2.5174e-33	3.52052e-37	3.18711e-39	2.39172e-41	6.55403e-41	3.97838e-40	1.90526e-40	3.14571e-42	9.63263e-43	3.98156e-44	4.58298e-45	2.05773e-48	8.29043e-51	1.64989e-54	1.34687e-56	1.66495e-60	1.35148e-62	2.53637e-65	6.44981e-66	1.24008e-66	1.59048e-67	
N31	4.42743e-34	1.32362e-29	2.87192e-27	8.71203e-22	4.7307e-19	7.37581e-20	5.8008e-16	5.84267e-11	1.41145e-06	2.06143e-10	6.51591e-15	8.55793e-20	1.27203e-22	6.56399e-20	2.00561e-14	2.83603e-09	0.000132638	0.99932	0.000546183	4.24666e-08	1.04093e-12	1.20411e-17	6.6412e-23	4.87851e-27	2.87346e-32	8.82307e-34	3.07578e-37	2.30741e-36	4.40728e-36	5.77733e-34	7.10258e-34	4.37784e-32	2.93702e-32	7.03762e-31	1.50599e-31	7.95827e-31	1.19972e-35	1.96549e-38	7.30867e-44	2.75624e-47	4.30348e-53	7.99029e-57	1.51963e-62	1.06968e-64	8.10265e-67	3.91781e-69	
L_macraei	0	0	0	0	0	0	0	0	0	0	0	0	0	0	0	0	0	0	0	0	0	0	0	0	0	0	0	0	0	0	0	0	0	0	0	1	0	0	0	0	0	0	0	0	0	0	
L_prostratum	0	0	0	0	0	0	0	0	0	0	0	0	0	0	0	0	0	1	0	0	0	0	0	0	0	0	0	0	0	0	0	0	0	0	0	0	0	0	0	0	0	0	0	0	0	0	
L_oligophyllum	0	0	0	0	0	0	0	0	0	0	0	0	0	0	0	0	0	1	0	0	0	0	0	0	0	0	0	0	0	0	0	0	0	0	0	0	0	0	0	0	0	0	0	0	0	0	
N32	4.40141e-21	1.27163e-16	1.12147e-13	1.12504e-10	1.39094e-09	1.13721e-06	0.000655441	0.030326	0.16582	0.000506516	1.9111e-06	5.98911e-09	2.65797e-09	1.55167e-07	7.29071e-06	0.00234986	0.0776503	0.721885	0.000796489	5.9328e-07	6.18874e-11	2.84021e-14	4.73533e-19	6.52131e-22	5.66989e-27	7.53213e-29	4.20578e-32	1.07185e-33	1.86917e-37	4.45855e-37	5.99451e-38	3.64206e-36	1.44929e-37	2.24142e-37	6.69922e-39	5.72592e-39	2.49106e-42	1.51309e-43	3.47948e-46	2.68718e-46	1.4797e-49	4.15967e-51	1.30545e-54	6.07742e-55	4.49431e-55	3.69162e-55	
N33	9.4539e-21	2.80019e-16	4.37684e-13	3.21387e-10	8.11985e-09	8.72005e-07	0.000862001	0.0411845	0.104309	0.000865024	2.08341e-05	3.17439e-07	1.186e-06	0.000511455	0.00259219	0.0841026	0.366366	0.398928	0.000255382	8.24648e-08	4.84647e-12	5.83453e-15	1.07667e-19	2.42345e-22	2.79219e-27	3.50526e-29	2.47492e-32	6.95633e-34	8.85849e-39	1.49731e-40	5.87788e-44	9.08007e-46	1.6012e-49	1.51909e-51	2.60701e-55	1.50028e-57	4.25123e-63	1.56798e-66	3.12441e-72	1.27493e-75	1.68793e-81	2.21293e-85	4.9793e-91	1.74093e-93	3.95517e-96	1.37308e-98	
L_kingii	0	0	0	0	0	0	0	0	0	0	0	0	1	0	0	0	0	0	0	0	0	0	0	0	0	0	0	0	0	0	0	0	0	0	0	0	0	0	0	0	0	0	0	0	0	0	
N34	1.08054e-19	2.32779e-15	2.63519e-13	4.17452e-09	1.8032e-08	1.25028e-07	0.000117363	0.0156063	0.0291909	5.07407e-05	1.56901e-07	8.05261e-08	2.46997e-07	2.65176e-05	0.00411071	0.119231	0.409959	0.421083	0.000621826	1.81785e-06	4.61915e-10	7.80229e-12	9.88652e-16	9.58805e-18	1.90043e-21	2.44566e-23	1.27892e-26	1.09239e-28	4.21959e-33	1.52597e-35	2.51921e-39	1.1761e-41	6.25283e-46	1.87446e-48	6.51954e-53	1.4531e-55	1.08131e-60	2.34914e-64	1.55359e-69	1.87223e-72	6.14154e-78	1.42013e-81	8.05845e-86	1.65764e-88	2.71665e-92	4.97338e-95	
L_rupestre	0	0	0	0	0	0	0	0	0	0	0	0	0	0	0	0	0	1	0	0	0	0	0	0	0	0	0	0	0	0	0	0	0	0	0	0	0	0	0	0	0	0	0	0	0	0	
L_vernale	0	0	0	0	0	0	0	0	0	0	0	0	0	0	1	0	0	0	0	0	0	0	0	0	0	0	0	0	0	0	0	0	0	0	0	0	0	0	0	0	0	0	0	0	0	0	
L_striatum	0	0	0	0	0	0.0169431	0	0	0.162833	0	0	0	0	0	0	0	0	0.820224	0	0	0	0	0	0	0	0	0	0	0	0	0	0	0	0	0	0	0	0	0	0	0	0	0	0	0	0	
N35	1.91309e-16	7.6627e-13	3.78493e-10	7.18287e-08	1.48741e-05	0.000214072	0.00439244	0.13595	0.856586	0.0028404	2.13225e-06	1.24351e-09	4.55775e-11	3.65173e-11	4.1905e-10	2.51594e-09	5.18354e-09	3.56484e-09	5.91402e-12	2.59241e-15	4.60827e-19	1.54477e-22	1.06666e-26	3.49628e-29	1.47984e-32	6.04069e-34	9.25256e-37	2.39746e-38	2.60276e-41	3.99896e-43	3.27741e-46	2.93483e-48	8.50538e-52	5.77364e-54	1.42643e-57	6.88081e-60	1.33434e-64	6.41158e-68	7.33996e-73	3.03173e-76	2.35778e-81	7.48493e-85	3.73818e-89	2.3898e-91	1.2694e-93	5.02765e-96	
He_micranthum	0	0	0	0	0	0	0	0	0	0	0	0	0	0	0	0	0	1	0	0	0	0	0	0	0	0	0	0	0	0	0	0	0	0	0	0	0	0	0	0	0	0	0	0	0	0	
S_digynum	0	0	0	0	0	1	0	0	0	0	0	0	0	0	0	0	0	0	0	0	0	0	0	0	0	0	0	0	0	0	0	0	0	0	0	0	0	0	0	0	0	0	0	0	0	0	
N36	8.91018e-24	1.13372e-18	6.41309e-17	6.4081e-12	4.90381e-14	5.18729e-11	2.54171e-06	0.000230731	5.78556e-07	7.36658e-11	2.42167e-14	1.57648e-11	3.94695e-08	0.000976967	0.895931	0.102545	0.000310841	1.6485e-06	1.31451e-10	6.75635e-14	1.3342e-18	1.9712e-22	6.44949e-27	1.97933e-28	3.62499e-31	3.94987e-32	8.04254e-34	1.85432e-34	6.51683e-37	9.23236e-38	1.55595e-39	2.16071e-40	5.68072e-43	5.43945e-44	7.29674e-46	6.16664e-47	5.72297e-50	8.65142e-52	2.65388e-54	1.85602e-55	1.21553e-58	1.38868e-60	2.27408e-63	1.53144e-64	1.4972e-66	1.2238e-67	
N37	8.85717e-28	3.05551e-22	6.81103e-20	1.36697e-14	7.98365e-17	2.37421e-13	4.5042e-08	1.07609e-05	6.21699e-09	1.67359e-13	1.18835e-17	2.76642e-14	2.86917e-09	0.000225578	0.932168	0.0675288	6.67215e-05	6.69499e-08	1.44672e-12	6.65839e-17	3.1407e-22	4.3771e-26	2.3551e-31	1.43885e-31	4.65992e-33	1.45686e-30	4.60664e-27	1.71975e-21	1.71277e-21	4.15528e-20	1.3885e-22	9.76138e-22	3.85023e-25	5.3262e-25	2.1094e-28	4.00005e-28	5.92865e-32	5.67698e-33	6.94359e-37	2.69694e-37	2.45539e-41	9.89821e-43	1.4265e-46	3.06525e-46	6.87327e-46	1.54793e-45	
N38	1.56278e-29	2.25851e-24	6.57389e-22	4.44814e-17	6.58138e-18	4.13688e-14	2.9116e-09	3.72062e-07	7.68696e-11	2.3664e-15	7.02136e-19	5.85049e-14	6.84211e-09	0.000232697	0.966035	0.0337187	1.37007e-05	2.56199e-09	7.96297e-14	1.22375e-18	6.82405e-24	3.09349e-27	1.02759e-30	5.26345e-32	1.93309e-35	5.10477e-37	1.33953e-40	1.77938e-42	2.08907e-46	1.59375e-48	5.49303e-54	2.43135e-56	2.00858e-62	2.18473e-65	1.17895e-69	8.23996e-71	6.11597e-75	7.71917e-77	9.0487e-81	1.49191e-81	6.23146e-86	6.21669e-88	9.86969e-89	1.06415e-88	8.57957e-89	4.96655e-89	
N39	2.03922e-32	6.47192e-27	1.32788e-24	2.59846e-19	6.38943e-21	4.90821e-17	3.97848e-12	1.72214e-10	1.14459e-14	7.19123e-19	1.76492e-19	3.63349e-14	4.89237e-09	0.000196031	0.997083	0.00272015	3.57258e-07	1.12627e-11	1.35661e-16	8.26374e-22	8.97153e-27	5.07226e-29	7.47331e-33	2.78175e-35	2.41251e-39	4.34048e-42	2.30557e-46	1.93585e-49	5.83096e-54	2.04693e-57	1.77951e-63	1.55824e-67	4.83133e-74	4.58647e-79	5.19526e-86	1.9704e-91	6.49847e-99	6.61799e-105	2.25153e-113	5.21179e-41	1.54168e-42	5.08983e-41	2.07654e-39	7.29555e-38	2.06402e-36	4.45015e-35	
L_acuticarpum	0	0	0	0	0	0	0	0	0	0	0	0	0	0	1	0	0	0	0	0	0	0	0	0	0	0	0	0	0	0	0	0	0	0	0	0	0	0	0	0	0	0	0	0	0	0	
L_gracile	0	0	0	0	0	0	0	0	0	0	0	0	0	0	1	0	0	0	0	0	0	0	0	0	0	0	0	0	0	0	0	0	0	0	0	0	0	0	0	0	0	0	0	0	0	0	
L_heterostylum	0	0	0	0	0	0	0	0	0	0	0	0	0	0	1	0	0	0	0	0	0	0	0	0	0	0	0	0	0	0	0	0	0	0	0	0	0	0	0	0	0	0	0	0	0	0	
L_africanum	0	0	0	0	0	0	0	0	0	0	0	0	0	0	0.938283	0.0605677	0	0	0	0	0	0	0	0	0	0	0	0	0.00114878	0	0	0	0	0	0	0	0	0	0	0	0	0	0	0	0	0	
L_comptonii	0	0	0	0	0	0	0	0	0	0	0	0	0	0	1	0	0	0	0	0	0	0	0	0	0	0	0	0	0	0	0	0	0	0	0	0	0	0	0	0	0	0	0	0	0	0	
Ra_linoides	0	0	0	0	0	0	0	0	1	0	0	0	0	0	0	0	0	0	0	0	0	0	0	0	0	0	0	0	0	0	0	0	0	0	0	0	0	0	0	0	0	0	0	0	0	0	
N40	8.0888e-11	1.06951e-08	3.63257e-07	1.08381e-05	0.000204727	0.000222761	0.000405495	0.00819712	0.134435	0.482158	0.322379	0.0497376	0.0022087	3.99548e-05	4.35043e-07	2.59958e-08	4.8671e-10	3.11311e-11	2.7754e-13	9.16933e-15	3.61304e-17	6.64346e-19	1.15911e-21	1.2036e-23	1.04271e-26	6.04356e-29	3.04179e-32	1.10274e-34	3.52411e-38	1.07546e-40	7.47397e-44	6.3405e-46	1.98122e-49	1.3178e-51	1.58477e-54	9.99174e-57	1.99253e-60	7.95741e-63	6.56782e-66	2.74765e-68	3.33003e-72	7.48248e-75	4.24817e-78	1.28997e-80	2.8166e-84	7.23414e-87	
N41	3.36105e-11	4.48316e-09	1.67203e-07	6.05837e-06	0.00015494	0.000241987	0.000498298	0.00953521	0.156972	0.511757	0.284002	0.0354984	0.00130476	2.81464e-05	5.32701e-07	1.7392e-07	2.69763e-09	6.07202e-10	3.53807e-12	4.52814e-13	1.06707e-15	7.77997e-17	8.54888e-20	3.36112e-21	2.06074e-24	4.24499e-26	1.76496e-29	2.64086e-31	7.72489e-35	1.25989e-36	3.30922e-39	1.55091e-40	2.94918e-44	6.04653e-46	1.64844e-48	5.45309e-50	6.37008e-54	6.45743e-56	1.19054e-58	2.87166e-60	2.27263e-64	1.12439e-66	1.32044e-69	2.43066e-71	3.03462e-75	3.52843e-77	
N42	1.68226e-12	5.19034e-10	1.74872e-08	2.24181e-06	9.30693e-05	7.13796e-05	0.000246157	0.0123346	0.271946	0.55967	0.147132	0.00833852	0.000163049	3.15584e-06	7.06223e-08	9.92622e-09	1.8623e-10	1.79427e-11	1.94884e-13	1.3254e-14	6.36883e-17	2.27793e-18	4.4511e-21	7.60521e-23	7.24547e-26	6.23496e-28	3.77539e-31	2.82114e-33	1.20795e-36	1.11654e-38	2.14582e-41	2.9863e-43	8.7237e-47	7.10353e-49	1.00655e-51	8.56356e-54	1.35214e-57	5.7671e-60	5.12892e-63	2.80661e-65	2.52872e-69	5.13566e-72	2.73243e-75	1.0513e-77	1.35745e-81	3.84199e-84	
N43	3.25706e-12	6.81776e-10	1.83183e-08	2.48354e-06	5.8599e-05	5.42739e-05	0.000381219	0.0257385	0.492679	0.426134	0.0532508	0.001679	2.04204e-05	5.54333e-07	8.51453e-08	1.56258e-07	3.04791e-08	1.42538e-08	4.4018e-10	4.94808e-11	3.19441e-13	1.25798e-14	2.95061e-17	4.8586e-19	5.60755e-22	5.01738e-24	4.39238e-27	6.27272e-29	5.19541e-32	1.27649e-33	6.52537e-36	2.32838e-37	2.36096e-40	5.6331e-42	2.2983e-44	4.78799e-46	2.2743e-49	2.28073e-51	5.0673e-54	6.14115e-56	1.46641e-59	5.72989e-62	6.29278e-65	5.14972e-67	1.57186e-70	9.8671e-73	
N44	2.02002e-18	2.26442e-14	3.92091e-13	5.20828e-09	1.79613e-07	2.28012e-09	5.78496e-07	0.00183221	0.981976	0.0161547	3.62043e-05	2.41133e-08	8.16267e-12	9.80942e-15	4.98584e-18	5.49173e-21	1.31006e-24	6.84169e-28	8.2386e-32	6.57718e-35	2.17319e-38	8.89668e-40	4.1362e-42	1.17867e-43	3.15508e-43	7.77601e-42	4.78379e-44	2.89243e-45	1.38124e-47	7.8193e-49	9.84679e-51	5.12087e-52	2.11047e-54	8.10806e-56	7.83616e-58	2.79639e-59	6.69291e-62	1.48455e-63	1e-65	2.91692e-67	4.57142e-70	6.09274e-72	2.67053e-74	7.05611e-76	2.64303e-78	7.92278e-80	
N45	1.45249e-24	3.25571e-19	2.58435e-17	4.35413e-12	3.2759e-10	5.1369e-13	2.0506e-09	0.000125317	0.997607	0.00226739	3.84901e-07	1.44954e-11	1.60068e-15	3.25158e-16	6.03512e-18	1.66897e-19	1.02548e-21	3.14655e-21	3.81965e-24	3.07413e-24	1.73564e-27	4.20538e-28	1.56876e-31	1.62748e-32	4.47032e-36	2.87232e-37	2.19383e-40	2.00883e-40	4.60169e-44	2.98519e-44	4.93248e-46	4.39305e-46	6.00379e-50	1.77119e-50	2.28565e-52	1.55369e-52	1.32555e-56	2.581e-58	1.18404e-60	6.66894e-61	4.68715e-65	5.42754e-67	8.62922e-70	4.12351e-70	4.11637e-74	1.04005e-74	
N46	5.00657e-29	5.58772e-23	1.42599e-20	9.23482e-15	2.38607e-12	4.22761e-15	5.79946e-11	2.24622e-05	0.999258	0.000719587	2.41829e-08	1.56026e-13	8.68778e-19	4.58281e-21	2.87922e-24	4.66196e-27	9.04001e-32	1.21946e-33	1.49464e-39	4.55869e-41	8.44762e-43	2.7306e-41	1.87581e-45	4.79449e-47	1.98647e-51	9.39315e-53	1.51794e-51	6.56412e-49	5.86623e-47	4.13416e-44	5.32309e-45	6.98275e-43	8.32364e-43	6.88743e-39	5.52008e-39	7.34211e-37	2.02119e-39	2.42658e-39	4.11082e-40	5.50679e-38	1.49188e-40	1.53979e-40	5.52267e-42	7.53789e-40	9.14367e-42	1.42018e-39	
N47	4.87681e-29	1.13281e-23	3.93827e-21	9.12611e-16	1.71324e-12	6.08728e-13	1.36753e-09	0.000102377	0.998995	0.000902976	6.94681e-08	1.34363e-12	4.21852e-17	2.85334e-18	1.74942e-21	5.38865e-23	1.62683e-26	1.94464e-28	2.93823e-34	9.71587e-38	7.83018e-44	8.53353e-48	3.43247e-54	2.37188e-58	5.05708e-65	9.5839e-67	5.36002e-65	2.96315e-64	2.18013e-64	1.4711e-63	1.29961e-65	1.4026e-65	1.57145e-66	8.50341e-64	5.88733e-66	2.79141e-66	8.68916e-71	5.16245e-73	1.05509e-76	3.88659e-77	8.50933e-82	3.81491e-84	2.3435e-88	6.956e-89	1.06118e-91	3.4888e-92	
N48	3.97575e-29	2.40892e-23	6.12132e-21	3.61355e-15	1.41184e-12	7.8303e-14	8.84313e-10	8.40806e-05	0.999632	0.000284234	9.73484e-09	1.01284e-13	2.603e-18	2.70584e-20	4.88068e-24	2.15265e-26	2.03855e-30	4.83223e-33	9.62853e-39	2.19522e-42	7.21751e-44	4.21897e-43	3.48087e-47	2.84558e-49	1.67016e-53	6.22645e-55	3.31436e-57	1.1445e-57	1.55526e-61	3.51182e-62	1.72546e-64	3.69291e-65	4.41152e-69	6.14256e-70	2.34625e-72	3.023e-73	1.09959e-77	3.6821e-80	5.97165e-84	5.91108e-85	1.44036e-89	3.60932e-92	2.37377e-96	1.92536e-97	2.67761e-100	2.33063e-101	
N49	6.0135e-31	8.79161e-25	2.94294e-22	4.70644e-16	4.52887e-14	4.24778e-15	4.51099e-10	9.39802e-05	0.999835	7.06689e-05	6.1299e-10	1.61787e-15	1.86244e-19	6.21182e-18	1.43152e-18	3.2094e-20	4.77189e-22	4.8166e-21	2.90221e-26	1.38326e-29	1.18683e-30	1.40943e-28	1.1884e-32	1.46478e-34	7.02975e-39	4.16167e-40	2.73556e-42	1.70058e-42	1.48515e-46	5.36063e-47	2.49206e-49	7.49996e-50	1.13613e-40	7.14726e-38	7.04588e-38	3.9926e-36	2.5934e-38	2.64144e-38	8.17393e-40	4.80861e-38	2.66444e-40	2.68013e-40	6.21691e-42	3.89942e-40	2.87228e-40	2.22867e-38	
N50	1.08739e-34	7.88458e-28	3.95419e-25	3.05177e-18	2.66703e-15	5.08812e-17	6.6715e-12	7.28104e-06	0.999974	1.91797e-05	4.57437e-11	3.39786e-17	7.25661e-21	6.3858e-19	2.91859e-19	2.72174e-21	3.42026e-23	2.68128e-22	1.78725e-28	2.54593e-33	1.13871e-40	1.49733e-30	3.87704e-35	2.11188e-37	3.20635e-42	3.8486e-42	3.44927e-42	4.2216e-40	7.50514e-42	5.6291e-40	5.36152e-40	4.95589e-38	1.16505e-39	8.29666e-38	8.04023e-38	4.95895e-36	2.95909e-38	3.13274e-38	3.06717e-40	1.61612e-38	6.24308e-41	6.26443e-41	7.17098e-43	6.46384e-41	2.05144e-40	1.79209e-38	
L_alpinum	0	0	0	0	0	0	0	0	0.997953	0	0	0	0	0	6.26064e-08	0	0	0.00204672	0	0	0	0	0	0	0	0	0	0	0	0	0	0	0	0	0	0	0	0	0	0	0	0	0	0	0	0	
L_punctatum1	0	0	0	0	0	0	0	0	1	0	0	0	0	0	0	0	0	0	0	0	0	0	0	0	0	0	0	0	0	0	0	0	0	0	0	0	0	0	0	0	0	0	0	0	0	0	
L_perenne	0	0	0	0	0	0	0	0.0066589	0.987481	0	0	0	0	0	6.68641e-07	0	0	0.00585959	0	0	0	0	0	0	0	0	0	0	0	0	0	0	0	0	0	0	0	0	0	0	0	0	0	0	0	0	
L_lewisii	0	0	0	0	0	0	0	0	1	0	0	0	0	0	0	0	0	0	0	0	0	0	0	0	0	0	0	0	0	0	0	0	0	0	0	0	0	0	0	0	0	0	0	0	0	0	
L_leonii	0	0	0	0	0	0	0	0	0.984169	0.015831	0	0	0	0	0	0	0	0	0	0	0	0	0	0	0	0	0	0	0	0	0	0	0	0	0	0	0	0	0	0	0	0	0	0	0	0	
N51	8.94513e-27	1.35761e-21	3.67231e-19	5.27169e-14	2.12033e-11	4.65153e-12	1.25265e-08	0.000313896	0.998661	0.0010245	1.29463e-07	5.06909e-12	5.76589e-16	2.55003e-17	7.84576e-19	3.07313e-17	2.03005e-17	1.40354e-16	6.2348e-21	1.02292e-23	9.34107e-29	4.72475e-32	1.62479e-37	4.80461e-41	8.5311e-47	1.00386e-49	1.31667e-53	9.77463e-56	2.57333e-61	1.02971e-63	8.18473e-68	2.61967e-70	4.65658e-76	8.37221e-79	3.81758e-83	5.35202e-86	2.07742e-92	6.73192e-97	8.47681e-103	7.03823e-106	1.37278e-112	2.61094e-117	1.15115e-123	6.33272e-127	7.4018e-132	3.76367e-135	
L_austr_mauritanicum	0	0	0	0	0	0	0	0	1	0	0	0	0	0	0	0	0	0	0	0	0	0	0	0	0	0	0	0	0	0	0	0	0	0	0	0	0	0	0	0	0	0	0	0	0	0	
L_austriacum	0	0	0	0	0	0	0	0	0.998915	0	0	0	0	0	0	0	0	0.00108544	0	0	0	0	0	0	0	0	0	0	0	0	0	0	0	0	0	0	0	0	0	0	0	0	0	0	0	0	
L_pallescens	0	0	0	0	0	0	0	0	0.999734	0	0	0	0	0	0.000265695	0	0	0	0	0	0	0	0	0	0	0	0	0	0	0	0	0	0	0	0	0	0	0	0	0	0	0	0	0	0	0	
L_pycnophyllum	0	0	0	0	0	0	0	0	1	0	0	0	0	0	0	0	0	0	0	0	0	0	0	0	0	0	0	0	0	0	0	0	0	0	0	0	0	0	0	0	0	0	0	0	0	0	
N52	1.03502e-16	3.71565e-13	6.67389e-12	2.98992e-08	8.24235e-07	3.05691e-08	4.71174e-06	0.00379477	0.951517	0.0277969	0.000136534	2.55554e-07	9.21605e-09	2.84649e-07	9.84183e-05	0.00224133	0.00482008	0.00950686	8.05798e-05	9.55711e-07	1.12054e-09	1.62189e-11	7.34084e-12	1.34625e-11	2.63673e-12	2.09423e-12	2.34718e-13	5.85053e-15	5.53356e-18	3.94499e-20	4.65286e-23	1.74197e-25	4.02679e-29	7.69938e-32	3.27045e-35	4.37304e-38	3.45201e-42	2.28769e-45	4.33405e-49	3.03579e-52	1.1173e-56	3.07482e-60	2.64424e-64	1.20416e-67	7.84337e-72	3.66153e-75	
L_aroanium1	0	0	0	0	0	0	0	0	0	0	0	0	0	0	0	0	0	1	0	0	0	0	0	0	0	0	0	0	0	0	0	0	0	0	0	0	0	0	0	0	0	0	0	0	0	0	
L_nervosum	0	0	0	0	0	0	0	0	0.982217	0	0	0	0	0	0.0177803	0	0	0	0	0	0	0	0	0	0	0	2.21885e-06	0	0	0	0	0	0	0	0	0	0	0	0	0	0	0	0	0	0	0	
N53	9.17619e-14	8.2291e-11	5.27886e-09	1.016e-06	2.68626e-05	4.66684e-05	0.00230813	0.038373	0.408724	0.498489	0.0497891	0.00201403	0.000177701	4.51924e-05	4.16335e-06	8.89513e-07	4.77409e-08	1.46577e-08	3.72654e-10	3.54067e-11	1.73423e-13	4.29241e-15	5.44923e-18	4.15064e-20	1.97514e-23	6.44944e-26	1.91428e-29	8.94228e-32	2.05409e-35	1.17698e-37	1.04461e-40	5.28048e-43	7.32253e-47	2.41052e-49	1.47892e-52	5.03356e-55	4.24219e-59	7.66361e-62	3.22976e-65	7.50446e-68	3.44731e-72	2.49762e-75	5.00685e-79	7.36466e-82	4.06871e-86	4.36461e-89	
N54	4.51064e-14	3.45086e-11	5.44907e-09	4.84188e-07	1.60755e-05	0.000114886	0.00477735	0.0414112	0.395234	0.496554	0.0452536	0.00244449	0.000460709	0.00169681	0.000684142	0.00318209	0.000580887	0.0067106	0.000259518	0.000615443	3.12795e-06	9.14112e-07	8.92701e-10	5.21867e-11	1.98134e-14	4.05611e-16	1.95447e-19	3.61114e-20	4.72524e-23	2.49655e-23	5.15265e-25	1.52207e-25	3.42303e-29	1.85756e-30	9.13715e-33	8.38939e-34	6.01986e-38	5.13923e-40	8.96741e-43	4.19572e-44	1.56389e-48	4.2041e-51	2.44456e-54	7.02415e-56	2.52736e-60	3.03652e-62	
N55	3.95859e-14	5.88553e-11	8.93293e-09	2.44489e-06	5.99507e-05	0.000552262	0.00434862	0.0385944	0.242311	0.313111	0.0354516	0.00655933	0.00313393	0.0101492	0.00473135	0.00388888	0.00838023	0.110888	0.0485475	0.158995	0.00920182	0.00109025	3.0363e-06	7.5762e-08	1.19496e-10	2.35472e-10	2.10694e-10	1.60863e-09	2.18885e-10	3.92594e-10	1.31736e-11	1.6098e-12	2.21997e-15	7.03237e-17	3.41966e-19	1.12616e-20	3.51513e-24	2.64933e-26	4.70044e-29	7.56677e-31	1.03399e-34	2.65092e-37	1.55141e-40	1.49017e-42	3.81171e-46	3.15035e-48	
N56	3.40669e-22	3.48154e-17	5.72804e-16	5.73018e-11	3.20751e-12	2.4196e-12	1.87428e-07	0.000422572	0.000472035	7.02121e-07	1.87184e-10	6.62909e-11	1.05506e-07	0.000303623	0.707076	0.290041	0.00166265	4.36851e-06	3.15033e-09	1.0034e-12	7.07559e-17	3.35916e-21	3.02498e-26	1.65926e-29	1.56597e-25	4.64916e-21	2.06061e-17	8.29825e-13	1.36753e-09	1.68257e-05	4.15098e-08	1.9613e-10	3.15156e-14	3.19315e-17	3.18415e-21	1.06708e-24	3.87126e-29	7.75911e-31	5.37838e-31	1.70147e-30	4.70991e-31	1.0916e-30	3.90765e-31	9.51013e-31	2.15731e-31	5.8755e-31	
L_bienne	0	0	0	0	0	0	0	0	0.000598236	0	0	0	0	0	0.771059	0.227896	0	0	0	0	0	0	0	0	0	0	0	0	0	0.000446645	0	0	0	0	0	0	0	0	0	0	0	0	0	0	0	0	
L_usitatissimum	0	0	0	0	0	0	0	0	0	0	0	0	0	0	0.749095	0.250781	0	0	0	0	0	0	0	0	0	0	0	0	0	0.000123978	0	0	0	0	0	0	0	0	0	0	0	0	0	0	0	0	
L_hologynum	0	0	0	0	0	0	0	0	0	0	0	0	0	0	0	0	0	0	0	0	1	0	0	0	0	0	0	0	0	0	0	0	0	0	0	0	0	0	0	0	0	0	0	0	0	0	
L_narbonense	0	0	0	0	0	0	0.130454	0	0.597424	0.173022	0	0	0	0.080399	0.0187013	0	0	0	0	0	0	0	0	0	0	0	0	0	0	0	0	0	0	0	0	0	0	0	0	0	0	0	0	0	0	0	
N57	1.38498e-12	7.89209e-10	1.84661e-08	9.19896e-06	3.22003e-05	2.42575e-05	0.00161681	0.181598	0.702565	0.111555	0.00257896	2.07515e-05	1.64521e-07	3.72724e-08	2.57378e-08	1.76213e-08	5.40198e-10	1.94705e-11	9.75121e-14	1.38002e-15	1.63621e-18	1.00591e-20	5.60726e-24	2.05429e-26	9.37034e-30	3.60707e-32	2.44332e-35	9.84998e-38	4.12458e-41	1.25669e-43	6.61964e-47	1.92814e-49	4.49331e-53	9.74169e-56	4.17515e-59	8.79865e-62	9.08082e-66	1.08742e-68	3.01758e-72	4.97395e-75	2.40603e-79	1.3558e-82	2.19548e-86	3.01015e-89	3.73929e-93	5.05122e-96	
L_decumbens1	0	0	0	0	0	0	0	0	0.943348	0	0	0	0	0	0	0.0566517	0	0	0	0	0	0	0	0	0	0	0	0	0	0	0	0	0	0	0	0	0	0	0	0	0	0	0	0	0	0	
L_grandiflorum	0	0	0	0	0	0	0	1	0	0	0	0	0	0	0	0	0	0	0	0	0	0	0	0	0	0	0	0	0	0	0	0	0	0	0	0	0	0	0	0	0	0	0	0	0	0	
L_stelleroides	0	0	0	0	0	0	0	0	0.551159	0.448841	0	0	0	0	0	0	0	0	0	0	0	0	0	0	0	0	0	0	0	0	0	0	0	0	0	0	0	0	0	0	0	0	0	0	0	0	
N58	2.52334e-10	6.18604e-08	7.02606e-07	0.000191144	0.000100912	9.24636e-05	0.00885554	0.480719	0.44429	0.0632763	0.00243862	3.52134e-05	2.34724e-07	1.79677e-09	1.08792e-11	1.26089e-13	5.28342e-16	3.30594e-18	7.54672e-21	2.52959e-23	3.03451e-26	5.83401e-29	3.74031e-32	4.46027e-35	1.6477e-38	1.39831e-41	3.82567e-45	3.91759e-48	9.6003e-52	1.28541e-54	5.74508e-58	7.65623e-61	1.77265e-64	1.7634e-67	5.77233e-71	4.76076e-74	7.69752e-78	4.77076e-81	1.07039e-84	5.63093e-88	5.77443e-92	2.24565e-95	3.6758e-99	1.49351e-102	2.45218e-106	1.07281e-109	
N59	3.16457e-12	3.19166e-09	6.26897e-08	3.97626e-05	6.78431e-06	1.0341e-05	0.00511979	0.728956	0.256488	0.00930856	7.10444e-05	1.78053e-07	2.04711e-10	1.84107e-12	5.16749e-15	2.60975e-16	4.11481e-19	1.1862e-20	5.09764e-24	6.18493e-26	1.0171e-29	5.4848e-32	4.614e-36	1.23572e-38	6.18788e-43	9.60107e-46	8.24409e-50	3.94226e-52	1.14659e-56	3.63704e-59	1.26244e-62	5.02356e-65	7.07156e-70	8.77572e-73	1.82702e-76	4.70293e-79	3.87631e-84	1.82662e-87	2.0433e-91	3.6129e-94	1.96144e-99	4.45721e-103	2.50685e-107	3.14091e-110	2.40004e-115	1.8688e-118	
N60	3.47546e-13	4.7004e-10	1.18775e-08	8.37203e-06	1.73894e-06	6.15094e-06	0.00488063	0.857682	0.135743	0.00167363	4.15551e-06	5.09779e-09	6.12889e-11	4.70426e-10	1.19294e-10	2.29556e-11	2.86109e-14	1.09739e-15	2.71805e-19	2.89806e-21	2.99983e-25	1.0852e-27	6.17447e-32	1.28618e-34	5.04229e-39	2.39934e-41	1.4987e-44	1.55302e-46	4.79039e-51	2.6336e-53	1.13306e-56	6.43414e-59	7.50265e-64	7.5101e-67	1.60428e-70	6.0859e-73	4.48654e-78	1.59255e-81	1.30313e-85	3.5079e-88	1.78325e-93	3.58454e-97	1.11525e-101	2.22267e-104	4.88454e-109	1.02489e-111	
L_hirsutum	0	0	0	0	0	0	0	0.970326	0.0284977	0	0	0	0	0	0.00117635	0	0	0	0	0	0	0	0	0	0	0	0	0	0	0	0	0	0	0	0	0	0	0	0	0	0	0	0	0	0	0	
L_seljukorum	0	0	0	0	0	0	0	1	0	0	0	0	0	0	0	0	0	0	0	0	0	0	0	0	0	0	0	0	0	0	0	0	0	0	0	0	0	0	0	0	0	0	0	0	0	0	
L_viscosum	0	0	0	0	0	0	0	1	0	0	0	0	0	0	0	0	0	0	0	0	0	0	0	0	0	0	0	0	0	0	0	0	0	0	0	0	0	0	0	0	0	0	0	0	0	0	
L_pubescens	0	0	0	0	0	0	0	0.596754	0.403246	0	0	0	0	0	0	0	0	0	0	0	0	0	0	0	0	0	0	0	0	0	0	0	0	0	0	0	0	0	0	0	0	0	0	0	0	0	
Re_indica	0	0	0	0	0	0	0	0	0	0.357293	0.642707	0	0	0	0	0	0	0	0	0	0	0	0	0	0	0	0	0	0	0	0	0	0	0	0	0	0	0	0	0	0	0	0	0	0	0	
