NODE	1	2	3	4	5	6	7	8	9	10	11	12	13	14	15	16	17	18	19	20	21	22	23	24	25	26	27	28	29	30	31	32	33	34	35	36	37	38	39	40	41	42	43	44	45	46	
N1	3.85672e-17	4.36308e-17	5.28305e-17	6.41303e-17	7.47326e-17	8.19007e-17	8.38641e-17	8.03575e-17	7.2329e-17	5.82905e-17	4.52337e-17	3.80229e-17	4.33411e-17	8.59942e-17	1.69935e-12	3.54357e-10	1.26899e-09	2.85091e-09	5.60763e-09	1.05185e-08	1.86808e-08	3.027e-08	4.34026e-08	5.44955e-08	6.0607e-08	6.15661e-08	5.91436e-08	4.12251e-08	3.38547e-08	3.66092e-08	6.16676e-08	2.05825e-07	1.35861e-06	1.19817e-05	9.92807e-05	0.000661057	0.00336156	0.0129078	0.0375272	0.083249	0.142255	0.189118	0.197543	0.163699	0.108799	0.0607664	
N2	3.98193e-19	1.73253e-19	3.74556e-19	1.23802e-18	4.28116e-18	1.33407e-17	3.64506e-17	9.19281e-17	2.56834e-16	1.09934e-15	7.99347e-15	6.97765e-14	5.43534e-13	3.37581e-12	1.64878e-11	7.37434e-11	2.29287e-10	5.61695e-10	1.12609e-09	1.87613e-09	2.63232e-09	3.18124e-09	3.47526e-09	3.80031e-09	4.83516e-09	7.75769e-09	1.55841e-08	4.19316e-08	2.16117e-07	1.7217e-06	1.4622e-05	0.000108218	0.000645978	0.00303162	0.011114	0.0318419	0.0715024	0.126311	0.176179	0.194576	0.170253	0.117488	0.0629906	0.0253656	0.00720843	0.0013675	
N3	1.24854e-12	2.91261e-12	2.32944e-11	2.0563e-10	1.35163e-09	6.04491e-09	1.85338e-08	4.00562e-08	6.28341e-08	7.35104e-08	6.57079e-08	4.59333e-08	2.57443e-08	1.20265e-08	6.15038e-09	1.34043e-08	7.69899e-08	6.30263e-07	1.12552e-05	0.000193837	0.00205836	0.0129782	0.050196	0.124225	0.204801	0.233083	0.188825	0.11204	0.0495273	0.0166606	0.00434038	0.000890451	0.000146455	1.97457e-05	2.25139e-06	2.26847e-07	2.12774e-08	1.93138e-09	1.70181e-10	1.4172e-11	1.08151e-12	7.41665e-14	4.53692e-15	2.47843e-16	1.21726e-17	5.54225e-19	
N4	6.62645e-12	1.75714e-11	6.78837e-11	1.82312e-10	3.28351e-10	4.07993e-10	3.82858e-10	3.65169e-10	4.95086e-10	7.36177e-10	9.26106e-10	1.05924e-09	1.30911e-09	3.31484e-09	8.36361e-08	2.77726e-06	6.46809e-05	0.000941092	0.00803572	0.0399972	0.118929	0.21864	0.257238	0.199849	0.105391	0.0386486	0.0100679	0.00190186	0.000263761	2.73442e-05	2.15301e-06	1.30913e-07	6.27515e-09	2.45944e-10	8.82441e-12	4.16389e-13	3.54194e-14	3.74549e-15	3.57974e-16	2.87431e-17	1.94415e-18	1.13724e-19	5.94159e-21	2.81478e-22	1.18837e-23	4.4156e-25	
N5	2.32533e-12	2.47506e-12	4.56651e-12	7.08403e-12	9.52462e-12	1.29157e-11	1.8192e-11	2.36159e-11	2.5966e-11	2.396e-11	2.1311e-11	3.94244e-11	8.55264e-10	3.89825e-08	1.23983e-06	2.90412e-05	0.000511479	0.00564333	0.0348686	0.119701	0.235598	0.276322	0.200224	0.0925146	0.0280155	0.00569471	0.000793819	7.75175e-05	5.36326e-06	2.68407e-07	1.01242e-08	3.76113e-10	3.39396e-11	5.86038e-12	9.11974e-13	1.11713e-13	1.06576e-14	7.92038e-16	4.59077e-17	2.08054e-18	7.45055e-20	2.23455e-21	7.2527e-23	3.74613e-24	2.39654e-25	1.25467e-26	
N6	5.56597e-12	1.52422e-11	4.31885e-11	9.28006e-11	1.49703e-10	2.13571e-10	9.38525e-10	1.21427e-08	1.55227e-07	1.94285e-06	1.83469e-05	0.000105139	0.000359149	0.000844332	0.00263052	0.0153727	0.0730552	0.199391	0.294698	0.245769	0.121835	0.0374748	0.00739473	0.000961467	8.42821e-05	5.09879e-06	2.24869e-07	1.06205e-08	1.48064e-09	3.50037e-10	7.23607e-11	1.20531e-11	1.60822e-12	1.71553e-13	1.45918e-14	9.86358e-16	5.2898e-17	2.2652e-18	8.05127e-20	2.72821e-21	1.13851e-22	6.11881e-24	3.34108e-25	1.57984e-26	6.16625e-28	2.01428e-29	
N7	1.83211e-19	1.04718e-20	4.13426e-22	9.20213e-22	3.46943e-18	1.19254e-13	2.2373e-09	1.79542e-05	0.0370737	0.710262	0.229089	0.0219529	0.000963228	0.000175787	0.000395099	6.5699e-05	4.44453e-06	1.28709e-07	1.82091e-09	1.39659e-11	6.24081e-14	1.71189e-16	3.02505e-19	3.83556e-22	5.54784e-25	1.68303e-27	6.42251e-30	2.06553e-32	5.26657e-35	1.06242e-37	1.69828e-40	2.15269e-43	2.16372e-46	1.72535e-49	1.09704e-52	5.68268e-56	2.57097e-59	1.18321e-62	6.3539e-66	3.723e-69	2.03829e-72	9.57195e-76	3.7464e-79	1.21349e-82	3.2549e-86	7.2764e-90	
L_corymbiferum	0	0	0	0	0	0	0	0	0.999345	0	0	0	0	0	0.000655206	0	0	0	0	0	0	0	0	0	0	0	0	0	0	0	0	0	0	0	0	0	0	0	0	0	0	0	0	0	0	0	
N8	8.01622e-26	5.82842e-27	1.89635e-27	3.24775e-25	1.30758e-20	2.55127e-15	2.28829e-10	7.11591e-06	0.0424077	0.858994	0.095915	0.00242289	5.36531e-05	1.83221e-05	0.00016025	2.10931e-05	3.17319e-07	1.4053e-09	2.52306e-12	2.16614e-15	9.84955e-19	2.55242e-22	6.22401e-26	8.52204e-28	2.02844e-29	2.82749e-31	1.91869e-33	3.70122e-36	3.32151e-39	1.7633e-42	1.43762e-45	5.3389e-48	1.45002e-50	8.2437e-54	2.07724e-57	2.86645e-61	2.3905e-65	1.27458e-69	4.5094e-74	1.14577e-78	5.58908e-82	4.05453e-84	2.34803e-86	1.01103e-88	3.0476e-91	5.77875e-94	
L_gallicum	0	0	0	0	0	0	0	0	0	1	0	0	0	0	0	0	0	0	0	0	0	0	0	0	0	0	0	0	0	0	0	0	0	0	0	0	0	0	0	0	0	0	0	0	0	0	
L_strictum	0	0	0	0	0	0	0	0	0.999803	0	0	0	0	0	0.000174401	2.23551e-05	0	0	0	0	0	0	0	0	0	0	0	0	0	0	0	0	0	0	0	0	0	0	0	0	0	0	0	0	0	0	
N9	3.92488e-09	3.90918e-09	3.36225e-09	5.25021e-09	1.28057e-07	2.94655e-06	4.10686e-05	0.000318724	0.00116367	0.00130142	0.000691826	0.000210414	8.06338e-05	0.00086972	0.0107303	0.0754555	0.277396	0.438619	0.164351	0.0264156	0.00223662	0.000111671	3.86792e-06	1.82211e-07	2.07168e-08	2.5703e-09	2.5189e-10	1.90235e-11	1.10975e-12	5.02694e-14	1.77307e-15	4.87572e-17	1.04546e-18	1.74698e-20	2.27438e-22	2.31436e-24	1.90448e-26	1.55136e-28	2.12711e-30	4.8409e-32	1.10705e-33	2.12563e-35	3.29682e-37	4.05558e-39	3.89085e-41	2.89933e-43	
L_setaceum	0	0	0	0	0	0	0	0	1	0	0	0	0	0	0	0	0	0	0	0	0	0	0	0	0	0	0	0	0	0	0	0	0	0	0	0	0	0	0	0	0	0	0	0	0	0	
N10	3.77388e-07	1.69496e-07	3.60384e-08	3.68369e-09	8.204e-10	1.20978e-08	1.20677e-07	5.00955e-07	4.32859e-07	2.46756e-08	5.73216e-10	9.99647e-10	1.51383e-08	1.24008e-07	5.54583e-07	1.53531e-05	0.00787368	0.909728	0.079959	0.00224206	0.000164333	1.44609e-05	7.62282e-07	2.44879e-08	4.99602e-10	6.65032e-12	5.87454e-14	3.48307e-16	1.40209e-18	6.20108e-21	9.75469e-21	2.85605e-20	5.03403e-20	5.02817e-20	2.55498e-20	5.03468e-21	2.47305e-23	1.30947e-25	2.70362e-27	5.08706e-29	6.55979e-31	5.86851e-33	3.67113e-35	1.597e-37	4.74513e-40	9.43441e-43	
L_suffruticosum1	0	0	0	0	0	0	0	0	0	0	0	0	0	0	0	0	0	0.996531	0	0	0	0	0	0	0	0	0	0	0	0	0	0	0	0	0	0.00346905	0	0	0	0	0	0	0	0	0	0	
L_tenuifolium1	0	0	0	0	0	0	0	5.14932e-07	4.37821e-06	0	0	0	0	0	0	0	0	0.999995	0	0	0	0	0	0	0	0	0	0	0	0	0	0	0	0	0	0	0	0	0	0	0	0	0	0	0	0	
N11	2.05326e-13	2.17629e-13	4.1208e-13	7.31413e-13	1.14558e-12	1.50526e-12	1.65152e-12	2.9434e-12	3.4454e-11	4.48566e-10	3.68804e-09	3.8289e-08	1.8421e-06	7.45553e-05	0.00150896	0.0144225	0.069639	0.182508	0.275484	0.250266	0.141333	0.0508437	0.011881	0.00183384	0.000189888	1.33933e-05	6.53772e-07	2.25393e-08	5.72345e-10	1.70793e-11	2.09005e-12	4.24716e-13	7.31641e-14	1.00593e-14	1.09446e-15	9.35925e-17	6.24747e-18	3.23493e-19	1.29647e-20	4.08667e-22	1.11001e-23	3.43273e-25	1.51806e-26	7.48467e-28	3.16042e-29	1.06818e-30	
N12	1.68813e-11	9.90856e-12	4.23497e-12	1.10731e-12	1.93089e-13	2.36717e-14	2.16318e-15	4.55388e-16	1.41272e-15	4.23908e-13	6.7593e-10	5.02447e-07	0.000134552	0.0102526	0.192492	0.423982	0.282283	0.0789987	0.0109811	0.000837239	3.73794e-05	1.0255e-06	1.82208e-08	2.51011e-10	5.56968e-12	2.6001e-13	1.21244e-14	4.49942e-16	1.3029e-17	2.95438e-19	5.26034e-21	7.36393e-23	8.10513e-25	7.0092e-27	4.7647e-29	2.56695e-31	1.14894e-33	5.11959e-36	3.13173e-38	2.57698e-40	2.10618e-42	1.47252e-44	8.45612e-47	3.93748e-49	1.47829e-51	4.51186e-54	
N13	6.94724e-15	1.39064e-15	2.17565e-16	2.38633e-17	4.67681e-18	1.53103e-18	4.09129e-19	7.94015e-20	1.59496e-19	1.08918e-15	8.35319e-12	2.93692e-08	3.78875e-05	0.0121611	0.319588	0.471257	0.172677	0.0229101	0.00133122	3.80817e-05	5.81332e-07	5.03856e-09	2.64602e-11	1.00302e-13	6.19523e-16	2.66638e-17	2.81003e-18	2.43195e-19	1.46793e-20	5.93488e-22	1.54661e-23	2.51233e-25	2.54657e-27	1.64338e-29	6.92955e-32	1.9476e-34	3.71281e-37	4.87215e-40	4.46436e-43	3.14288e-46	1.21357e-48	3.63815e-50	9.51325e-52	1.86806e-53	2.60541e-55	2.3659e-57	
N14	2.09372e-20	5.54638e-21	7.44154e-22	5.8984e-23	3.08639e-24	1.12697e-25	3.3434e-27	1.03101e-24	5.7897e-20	1.99245e-15	3.73867e-11	3.27517e-07	0.00102367	0.621119	0.345348	0.0316944	0.000807356	7.33813e-06	2.84186e-08	5.36649e-11	5.48779e-14	3.35011e-17	3.38985e-20	6.65783e-22	1.53082e-23	2.6581e-25	3.47256e-27	3.39859e-29	2.46342e-31	1.29871e-33	4.83625e-36	1.21665e-38	1.93633e-41	1.79376e-44	9.33213e-48	2.79641e-51	5.12811e-55	8.03838e-59	9.88562e-62	3.52114e-64	1.07088e-66	2.61217e-69	4.99705e-72	7.2691e-75	7.68264e-78	5.51129e-81	
L_album	0	0	0	0	0	0	0	0	0	0	0	0	0	1	0	0	0	0	0	0	0	0	0	0	0	0	0	0	0	0	0	0	0	0	0	0	0	0	0	0	0	0	0	0	0	0	
L_mucronatum1	0	0	0	0	0	0	0	0	0	0	0	0	0	1	0	0	0	0	0	0	0	0	0	0	0	0	0	0	0	0	0	0	0	0	0	0	0	0	0	0	0	0	0	0	0	0	
N15	6.65156e-21	2.10693e-21	3.81499e-22	3.90859e-23	2.5253e-24	1.09081e-25	3.25947e-27	7.95427e-28	1.30613e-23	1.23073e-18	6.31699e-14	1.48671e-09	1.23508e-05	0.0210291	0.742507	0.224953	0.0113404	0.000157966	7.9135e-07	1.69401e-09	1.7569e-12	9.73465e-16	3.24821e-19	5.49317e-22	1.32569e-23	2.59579e-25	3.66806e-27	3.71938e-29	2.66822e-31	1.32269e-33	4.36274e-36	9.05164e-39	1.09755e-41	7.35481e-45	2.71102e-48	5.65458e-52	6.97146e-56	5.35754e-60	4.33025e-64	6.21047e-67	1.75583e-69	3.94886e-72	6.80453e-75	8.68059e-78	7.78167e-81	4.51103e-84	
N16	3.82817e-26	2.15578e-27	4.99135e-29	5.37284e-31	5.34599e-33	2.48426e-34	1.6179e-35	2.90985e-34	1.87061e-28	1.33767e-22	6.34132e-17	1.66862e-11	1.59731e-06	0.0259464	0.836177	0.135463	0.00240319	8.68779e-06	8.89234e-09	3.21828e-12	4.86441e-16	3.49706e-20	1.34855e-24	9.14129e-29	1.33639e-31	1.24498e-33	3.28044e-35	6.51432e-37	8.68957e-39	7.43162e-41	3.74987e-43	9.39075e-46	7.33091e-49	1.77337e-52	1.56565e-56	5.81494e-61	1.02701e-65	9.56621e-71	5.12524e-76	2.38212e-81	4.25957e-84	2.04865e-86	7.46154e-89	1.98025e-91	3.60308e-94	4.02382e-97	
N17	5.39198e-30	8.03499e-30	5.26693e-30	2.08376e-30	1.73845e-29	1.6186e-27	9.20573e-26	1.65276e-22	1.51218e-17	5.915e-14	7.82035e-11	4.33639e-08	6.09808e-05	0.230451	0.718569	0.0505808	0.000338492	4.66915e-07	2.09282e-10	4.00179e-14	3.87571e-18	2.13482e-22	7.95745e-27	9.80585e-29	1.00448e-29	7.52736e-31	4.11722e-32	1.63099e-33	4.59733e-35	8.93731e-37	1.13386e-38	8.44865e-41	2.87712e-43	1.06972e-46	8.84556e-51	2.64387e-55	3.86122e-60	3.29281e-65	5.70287e-70	5.38916e-72	5.97144e-74	5.18592e-76	3.43978e-78	1.67728e-80	5.65665e-83	1.18428e-85	
N18	1.46437e-27	1.46873e-27	6.27251e-28	1.48952e-28	2.19646e-29	2.13058e-30	1.60647e-31	7.26975e-29	1.65153e-23	2.66432e-18	2.61959e-13	1.22532e-08	0.000187246	0.441969	0.54075	0.0170411	5.30999e-05	4.09401e-08	1.1923e-11	1.64886e-15	1.24856e-19	5.95177e-24	2.96896e-26	2.44296e-27	1.4404e-28	6.31879e-30	2.21287e-31	6.56831e-33	1.6075e-34	2.90402e-36	3.38046e-38	2.10639e-40	4.58031e-43	1.08146e-46	5.57473e-51	1.20706e-55	1.45504e-60	1.12887e-65	9.3853e-70	1.59425e-71	2.3388e-73	2.72555e-75	2.46228e-77	1.66216e-79	7.90181e-82	2.38162e-84	
L_arboreum	0	0	0	0	0	0	0	0	0	0	0	0	0	1	0	0	0	0	0	0	0	0	0	0	0	0	0	0	0	0	0	0	0	0	0	0	0	0	0	0	0	0	0	0	0	0	
L_elegans	0	0	0	0	0	0	0	0	0	0	0	0	0	0.756041	0.243959	0	0	0	0	0	0	0	0	0	0	0	0	0	0	0	0	0	0	0	0	0	0	0	0	0	0	0	0	0	0	0	
L_campanulatum	0	0	0	0	0	0	0	0	0.000678842	0	0	0	0	0.999321	0	0	0	0	0	0	0	0	0	0	0	0	0	0	0	0	0	0	0	0	0	0	0	0	0	0	0	0	0	0	0	0	
N19	1.33598e-29	3.321e-29	3.90526e-29	2.44254e-29	9.17748e-30	2.35959e-30	4.67639e-30	5.26941e-27	4.62966e-22	2.86106e-17	6.1357e-13	7.65263e-09	1.40436e-05	0.0347173	0.880022	0.084326	0.000918764	2.34094e-06	1.72516e-09	4.5836e-13	5.33237e-17	3.1427e-21	1.13471e-25	2.04006e-27	3.12981e-28	3.31848e-29	2.43807e-30	1.23274e-31	4.19901e-33	9.23378e-35	1.20612e-36	7.80479e-39	1.43542e-41	3.91534e-45	2.49217e-49	5.57298e-54	5.86439e-59	3.49128e-64	1.92368e-69	1.01555e-71	1.35131e-73	1.40288e-75	1.10852e-77	6.42388e-80	2.57033e-82	6.37216e-85	
L_capitatum	0	0	0	0	0	0	0	0	0	0	0	0.0259151	0	0.972458	0	0	0.00162726	0	0	0	0	0	0	0	0	0	0	0	0	0	0	0	0	0	0	0	0	0	0	0	0	0	0	0	0	0	
N20	6.82412e-30	3.12707e-29	6.28285e-29	8.11131e-29	4.91189e-27	1.63305e-24	3.19009e-22	3.29392e-20	4.26633e-17	8.82836e-14	6.34484e-11	1.92001e-08	1.30361e-05	0.0386825	0.89624	0.0645832	0.000480579	8.20125e-07	4.57159e-10	1.07489e-13	1.26879e-17	8.4771e-22	5.45792e-26	8.29637e-27	2.50451e-27	5.4134e-28	8.332e-29	9.01752e-30	6.7132e-31	3.32266e-32	1.02753e-33	1.68023e-35	6.14419e-38	2.40726e-41	2.58104e-45	1.1454e-49	2.51709e-54	3.20014e-59	3.16344e-64	3.44375e-66	1.77825e-67	7.29258e-69	2.3164e-70	5.49059e-72	9.14283e-74	9.60597e-76	
L_gyaricum	0	0	0	0	0	0	0	0	0	0	0	0	0	0	1	0	0	0	0	0	0	0	0	0	0	0	0	0	0	0	0	0	0	0	0	0	0	0	0	0	0	0	0	0	0	0	
L_tauricum	0	0	0	0	0	0	0	0	0.000413157	0	0	0	0	0.999587	0	0	0	0	0	0	0	0	0	0	0	0	0	0	0	0	0	0	0	0	0	0	0	0	0	0	0	0	0	0	0	0	
L_flavum	0	0	0	0	0	0	0	0	0	0	0	0	0	0.561644	0.438356	0	0	0	0	0	0	0	0	0	0	0	0	0	0	0	0	0	0	0	0	0	0	0	0	0	0	0	0	0	0	0	
L_nodiflorum	0	0	0	0	0	0	0	0	0	0	0	0.119213	0.880787	0	0	0	0	0	0	0	0	0	0	0	0	0	0	0	0	0	0	0	0	0	0	0	0	0	0	0	0	0	0	0	0	0	
N21	5.3337e-15	6.50722e-15	6.18379e-15	4.13196e-15	2.81649e-15	5.98777e-14	4.01411e-11	1.90483e-08	4.09886e-06	0.000309738	0.0062208	0.0454978	0.152128	0.267781	0.271697	0.168509	0.0668987	0.0174844	0.00307086	0.000367782	3.0356e-05	1.74107e-06	6.99158e-08	1.982e-09	4.0145e-11	6.08322e-13	1.05632e-14	6.66764e-16	7.25755e-17	6.97736e-18	5.53847e-19	3.60483e-20	1.91455e-21	8.2474e-23	2.86103e-24	7.9283e-26	1.7446e-27	3.06826e-29	4.60322e-31	7.57752e-33	1.88973e-34	5.95715e-36	1.74108e-37	4.23036e-39	8.32723e-41	1.34202e-42	
N22	1.63188e-16	4.54079e-16	4.02867e-16	2.69885e-15	2.44704e-13	1.33392e-11	1.39993e-09	1.76994e-06	0.00114795	0.155112	0.441741	0.304883	0.0828309	0.0115456	0.0023155	0.000388962	3.19911e-05	1.35349e-06	4.13266e-08	4.86518e-09	2.16852e-10	4.32014e-12	8.97879e-14	5.75003e-15	4.0449e-16	2.06342e-17	7.5669e-19	2.0241e-20	3.98296e-22	5.80735e-24	6.29786e-26	5.08964e-28	3.06736e-30	1.37867e-32	4.62258e-35	1.15636e-37	2.19528e-40	3.81811e-43	1.47427e-45	1.33947e-47	1.20832e-49	8.90444e-52	5.19429e-54	2.34258e-56	7.9269e-59	1.95034e-61	
N23	2.87706e-36	1.41416e-36	3.38338e-33	2.54536e-27	1.23557e-21	3.41802e-16	4.73018e-11	2.64335e-06	0.0381674	0.925638	0.0358646	0.000325918	1.13366e-06	2.29276e-09	3.60407e-12	3.45232e-15	1.71278e-18	4.84376e-22	1.24087e-25	3.96056e-29	7.04502e-33	7.84102e-37	2.17918e-40	1.92094e-43	1.64606e-46	1.03746e-49	4.44454e-53	1.22329e-56	2.05942e-60	2.14035e-64	1.49967e-68	8.9913e-73	5.56272e-77	2.60557e-81	7.47781e-86	1.39847e-90	2.63579e-95	6.74937e-100	1.07597e-104	2.29854e-109	2.66676e-113	3.6253e-117	3.70124e-121	2.65943e-125	1.26609e-129	3.65856e-134	
L_corymbulosum	0	0	0	0	0	0	0	0	1	0	0	0	0	0	0	0	0	0	0	0	0	0	0	0	0	0	0	0	0	0	0	0	0	0	0	0	0	0	0	0	0	0	0	0	0	0	
L_trigynum	0	0	0	0	0	0	0	0	0	1	0	0	0	0	0	0	0	0	0	0	0	0	0	0	0	0	0	0	0	0	0	0	0	0	0	0	0	0	0	0	0	0	0	0	0	0	
L_tenue1	0	0	0	0	0	0	0	0	0	0.997299	0	0	0	0	0.00270046	0	0	0	0	2.55038e-07	0	0	0	0	0	0	0	0	0	0	0	0	0	0	0	0	0	0	0	0	0	0	0	0	0	0	
L_maritimum	0	0	0	0	0	0	0	0	0.172671	0.827329	0	0	0	0	0	0	0	0	0	0	0	0	0	0	0	0	0	0	0	0	0	0	0	0	0	0	0	0	0	0	0	0	0	0	0	0	
L_catharticum	0	0	0	0	0	0	0	1	0	0	0	0	0	0	0	0	0	0	0	0	0	0	0	0	0	0	0	0	0	0	0	0	0	0	0	0	0	0	0	0	0	0	0	0	0	0	
N24	2.4715e-11	3.43368e-11	1.36807e-10	4.14796e-10	9.62133e-10	1.92504e-09	3.63793e-09	9.90564e-09	5.11678e-08	2.55995e-07	9.01158e-07	2.16921e-06	3.64632e-06	4.3878e-06	3.89217e-06	3.91693e-06	4.18334e-05	0.000745589	0.00815096	0.0493986	0.156185	0.266346	0.264659	0.164205	0.0671005	0.0188106	0.00373497	0.000540194	5.79755e-05	4.80922e-06	3.5013e-07	3.30608e-08	5.27066e-09	9.67876e-10	1.56449e-10	2.10165e-11	2.33791e-12	2.17345e-13	1.71951e-14	1.19231e-15	7.5294e-17	4.47067e-18	2.50899e-19	1.30348e-20	6.1228e-22	2.62986e-23	
N25	4.39506e-12	7.74933e-11	8.3784e-10	3.56695e-09	7.57679e-09	1.12931e-08	1.41101e-08	1.25345e-08	6.96127e-09	2.40216e-09	5.34697e-10	9.62225e-11	8.68841e-11	2.07939e-10	5.15781e-10	8.1327e-08	1.41825e-05	0.000983179	0.0244085	0.186008	0.399898	0.288435	0.0865423	0.0126531	0.00100759	4.80291e-05	1.64282e-06	7.14466e-08	5.49549e-09	4.22786e-10	2.49842e-11	1.10213e-12	3.65373e-14	9.18459e-16	1.76443e-17	2.60698e-19	2.98358e-21	2.68078e-23	1.98066e-25	1.42369e-27	1.36986e-29	1.76644e-31	2.21388e-33	2.26552e-35	1.79631e-37	1.09944e-39	
N26	1.72098e-13	1.96999e-12	1.94028e-11	1.98198e-10	1.85879e-09	7.78715e-09	1.29204e-08	9.47909e-09	3.50209e-09	8.55518e-10	3.40068e-10	2.3369e-10	1.22507e-10	4.32853e-11	2.72424e-10	4.31981e-08	9.71644e-06	0.000972107	0.0294306	0.228596	0.436409	0.247784	0.0518717	0.00471242	0.000209494	5.07601e-06	8.21959e-08	1.54413e-09	4.33424e-11	1.14836e-12	3.3122e-14	2.27947e-15	2.03435e-16	1.2737e-17	5.00423e-19	1.21306e-20	1.834e-22	1.76749e-24	1.11246e-26	4.67983e-29	1.34577e-31	2.88028e-34	1.6714e-36	6.24525e-38	2.07855e-39	4.48103e-41	
N27	1.61764e-14	2.61165e-13	3.17342e-12	1.42289e-11	2.52954e-11	1.98531e-11	7.6887e-12	1.74845e-12	3.28357e-13	6.86364e-14	1.40334e-14	4.68901e-15	4.36457e-14	6.2348e-13	4.48113e-11	3.69239e-08	1.19225e-05	0.00125197	0.0408384	0.294696	0.454904	0.183404	0.023708	0.00116068	2.45926e-05	2.54239e-07	1.59416e-09	2.50796e-11	2.63852e-12	2.85154e-13	2.5205e-14	1.93534e-15	1.23397e-16	5.81526e-18	1.83918e-19	3.64281e-21	4.26874e-23	2.84886e-25	1.07436e-27	2.33275e-30	3.14924e-33	7.97979e-36	1.56764e-37	3.16531e-39	4.52185e-41	4.26735e-43	
N28	3.2358e-14	8.0167e-14	1.7951e-13	1.93027e-13	1.22809e-13	1.0862e-13	1.55789e-13	1.82456e-13	1.50841e-13	8.86249e-14	3.75327e-14	1.1575e-14	2.81183e-15	1.99554e-14	3.90404e-11	5.19704e-08	2.82535e-05	0.00447812	0.111018	0.425586	0.36471	0.0869722	0.00697864	0.000225193	3.399e-06	2.71023e-08	1.49502e-10	1.43896e-11	5.93382e-12	1.82831e-12	4.11547e-13	6.76122e-14	8.05541e-15	6.86987e-16	4.10529e-17	1.66487e-18	4.39516e-20	7.28233e-22	7.68537e-24	5.75627e-26	4.65043e-28	2.71408e-29	3.0891e-30	2.63022e-31	1.5495e-32	6.12586e-34	
C_selaginoides	0	0	0	0	0	0	0	0	0	0	0	0	0	0	0	0	0	1	0	0	0	0	0	0	0	0	0	0	0	0	0	0	0	0	0	0	0	0	0	0	0	0	0	0	0	0	
N29	1.62578e-15	1.456e-15	1.5716e-15	1.31583e-15	9.70348e-16	6.47578e-16	4.12274e-16	2.31012e-16	1.00949e-16	3.26148e-17	7.71251e-18	1.35438e-18	1.68839e-18	7.3907e-15	4.03016e-11	1.04462e-07	0.000101177	0.0230638	0.295938	0.48531	0.176851	0.0180978	0.000628516	8.90638e-06	6.01018e-08	2.18196e-10	5.53619e-13	1.40775e-14	2.25065e-15	3.55716e-16	4.73577e-17	1.26175e-17	5.60015e-17	2.50109e-16	5.76026e-16	5.33863e-16	1.1128e-16	8.11267e-18	2.29558e-19	2.64765e-21	1.78601e-23	6.54937e-25	5.7928e-26	3.70572e-27	1.59311e-28	4.47588e-30	
L_littorale	0	0	0	0	0	0	0	0	0	0	0	0	0	0	0	0	0	0.989345	0	0	0	0	0	0	0	0	0	0	0	0	0	0	0	0	0	0.0106548	0	0	0	0	0	0	0	0	0	0	
N30	9.2308e-18	4.46427e-18	2.47749e-18	1.00453e-18	4.36636e-19	2.25115e-19	1.0014e-19	3.22422e-20	7.3106e-21	1.17798e-21	1.36507e-22	1.51747e-23	1.51888e-20	4.95488e-16	8.75229e-12	6.95732e-08	0.000190105	0.100328	0.534367	0.324133	0.0397004	0.00126796	1.31969e-05	5.51579e-08	1.09203e-10	1.15935e-13	9.04452e-17	2.71896e-18	3.06611e-19	2.55615e-20	1.54912e-21	7.35964e-23	1.73493e-23	2.12569e-23	1.40524e-23	3.51555e-24	2.07079e-25	3.98347e-27	2.74969e-29	7.54051e-32	1.60332e-34	1.30926e-36	1.93234e-38	3.20161e-40	4.61942e-42	4.61166e-44	
N31	5.35466e-20	1.52092e-20	5.1449e-21	1.37395e-21	3.58631e-22	1.1936e-22	7.68244e-23	5.68304e-23	3.27236e-23	1.38275e-23	4.73169e-24	6.72492e-24	7.30195e-20	2.18251e-15	3.44816e-11	2.38905e-07	0.000538463	0.207026	0.583276	0.196178	0.0127698	0.000211191	1.15709e-06	2.64483e-09	2.98639e-12	1.88157e-15	7.55605e-19	4.23771e-21	1.66035e-21	1.74785e-21	1.95679e-20	1.06576e-18	3.90504e-17	7.82404e-16	7.11405e-15	1.99475e-14	3.15905e-15	1.08645e-16	1.0214e-18	3.09141e-21	3.9038e-24	4.66296e-26	6.56971e-27	6.58749e-28	4.31906e-29	1.72914e-30	
L_macraei	0	0	0	0	0	0	0	0	0	0	0	0	0	0	0	0	0	0	0	0	0	0	0	0	0	0	0	0	0	0	0	0	0	0	0	1	0	0	0	0	0	0	0	0	0	0	
L_prostratum	0	0	0	0	0	0	0	0	0	0	0	0	0	0	0	0	0	1	0	0	0	0	0	0	0	0	0	0	0	0	0	0	0	0	0	0	0	0	0	0	0	0	0	0	0	0	
L_oligophyllum	0	0	0	0	0	0	0	0	0	0	0	0	0	0	0	0	0	1	0	0	0	0	0	0	0	0	0	0	0	0	0	0	0	0	0	0	0	0	0	0	0	0	0	0	0	0	
N32	2.44274e-14	8.47825e-14	2.09238e-13	3.06864e-13	4.61858e-13	7.21375e-13	5.10496e-13	1.6865e-13	3.75928e-14	9.16142e-15	8.14214e-15	1.16664e-13	3.41742e-11	8.93005e-09	1.17495e-06	6.97596e-05	0.00173232	0.0201938	0.134887	0.394524	0.350103	0.0905938	0.00764748	0.000244115	3.39106e-06	2.32488e-08	9.13113e-11	4.36221e-13	1.21654e-14	5.23142e-16	4.62767e-17	1.09197e-17	2.47609e-18	4.10234e-19	4.72043e-20	3.60275e-21	1.70103e-22	4.45931e-24	5.6388e-26	3.21884e-28	8.6445e-31	1.51441e-33	2.7083e-35	1.49174e-36	5.99696e-38	1.59164e-39	
N33	1.32224e-15	2.64736e-15	4.77335e-15	5.67484e-15	4.26258e-15	1.9081e-15	5.37003e-16	1.61384e-16	4.02918e-16	8.78556e-15	1.48999e-13	1.55241e-12	1.13978e-10	3.68533e-08	5.1104e-06	0.000310315	0.0084392	0.0930402	0.31912	0.388148	0.165868	0.0238405	0.00120446	2.42561e-05	2.24697e-07	1.08696e-09	3.07747e-12	8.94685e-15	9.41133e-16	2.43339e-16	4.81776e-17	7.15043e-18	8.08832e-19	7.23432e-20	5.33943e-21	3.23144e-22	1.45653e-23	4.18196e-25	6.41875e-27	4.56657e-29	1.48086e-31	3.11753e-34	7.88999e-36	5.73086e-37	3.05092e-38	1.08295e-39	
L_kingii	0	0	0	0	0	0	0	0	0	0	0	0	1	0	0	0	0	0	0	0	0	0	0	0	0	0	0	0	0	0	0	0	0	0	0	0	0	0	0	0	0	0	0	0	0	0	
N34	1.29692e-15	6.11702e-15	2.00349e-14	4.08114e-14	5.41386e-14	4.87724e-14	3.08276e-14	1.40072e-14	4.74943e-15	5.17666e-15	1.15713e-13	2.18245e-12	9.08093e-11	6.63704e-08	2.55226e-05	0.00190908	0.0455073	0.332624	0.423197	0.170213	0.0250768	0.00141431	3.31961e-05	3.70458e-07	2.2315e-09	1.04681e-11	8.30618e-13	1.94189e-13	3.47646e-14	4.6855e-15	4.76143e-16	3.64509e-17	2.09379e-18	8.94426e-20	2.79366e-21	6.19203e-23	9.29313e-25	8.82452e-27	4.87058e-29	1.54982e-31	9.1147e-34	3.22787e-35	1.18432e-36	3.35022e-38	7.01387e-40	1.04849e-41	
L_rupestre	0	0	0	0	0	0	0	0	0	0	0	0	0	0	0	0	0	1	0	0	0	0	0	0	0	0	0	0	0	0	0	0	0	0	0	0	0	0	0	0	0	0	0	0	0	0	
L_vernale	0	0	0	0	0	0	0	0	0	0	0	0	0	0	1	0	0	0	0	0	0	0	0	0	0	0	0	0	0	0	0	0	0	0	0	0	0	0	0	0	0	0	0	0	0	0	
L_striatum	0	0	0	0	0	0.00484718	0	0	0.0756351	0	0	0	0	0	0	0	0	0.919518	0	0	0	0	0	0	0	0	0	0	0	0	0	0	0	0	0	0	0	0	0	0	0	0	0	0	0	0	
N35	6.52123e-13	2.40429e-12	4.94203e-11	6.70203e-10	4.52862e-09	1.55004e-08	5.70644e-08	3.49942e-07	1.60111e-06	4.81351e-06	9.8444e-06	1.41313e-05	1.48399e-05	2.43603e-05	0.00036377	0.00568332	0.0499836	0.212076	0.356219	0.266107	0.0930148	0.0152422	0.00119092	4.70968e-05	1.02119e-06	1.31933e-08	1.11581e-10	7.54505e-13	2.37408e-14	7.22224e-15	2.11449e-15	4.92081e-16	8.99655e-17	1.27611e-17	1.37938e-18	1.10759e-19	6.37501e-21	2.50334e-22	6.28667e-24	9.50005e-26	9.53437e-28	1.74227e-29	9.74963e-31	5.4201e-32	2.31354e-33	7.37813e-35	
He_micranthum	0	0	0	0	0	0	0	0	0	0	0	0	0	0	0	0	0	1	0	0	0	0	0	0	0	0	0	0	0	0	0	0	0	0	0	0	0	0	0	0	0	0	0	0	0	0	
S_digynum	0	0	0	0	0	1	0	0	0	0	0	0	0	0	0	0	0	0	0	0	0	0	0	0	0	0	0	0	0	0	0	0	0	0	0	0	0	0	0	0	0	0	0	0	0	0	
N36	1.15529e-12	1.40314e-13	1.62502e-14	1.19055e-15	6.98936e-17	3.81754e-18	1.82531e-19	6.88049e-21	2.02602e-22	1.05151e-21	2.1655e-17	3.35524e-13	2.70602e-09	9.01338e-06	0.00765247	0.191183	0.476201	0.269681	0.0511496	0.0039787	0.000142267	2.50811e-06	2.30006e-08	1.15783e-10	3.39753e-13	6.56999e-16	2.01657e-18	3.12675e-20	1.3662e-21	9.08103e-23	4.02233e-24	1.09362e-25	1.91273e-27	2.23595e-29	1.78733e-31	9.88034e-34	3.80032e-36	1.03501e-38	2.18543e-41	4.79495e-44	1.42961e-46	4.64026e-49	1.28869e-51	2.86784e-54	5.08548e-57	7.30118e-60	
N37	1.9128e-15	1.7513e-16	1.33969e-17	5.67123e-19	1.7041e-20	4.20727e-22	8.42504e-24	3.16681e-25	6.66835e-25	8.08477e-22	2.31275e-17	1.43665e-13	1.09651e-09	8.08245e-06	0.0118694	0.243723	0.498352	0.216177	0.0284575	0.00138494	2.80541e-05	2.5582e-07	1.11863e-09	2.49762e-12	3.04727e-15	2.4233e-18	1.55296e-20	5.04523e-21	1.20096e-20	1.76103e-20	1.05935e-20	2.84941e-21	3.32737e-22	1.42268e-23	2.6632e-25	2.47065e-27	1.22207e-29	3.35812e-32	5.24028e-35	4.7084e-38	2.483e-41	1.32535e-44	5.2709e-46	3.67014e-47	1.73408e-48	5.04055e-50	
N38	1.99009e-18	1.22006e-19	6.00896e-21	1.52412e-22	1.07352e-23	1.11827e-23	1.04022e-23	6.9801e-24	4.32471e-24	3.63755e-21	1.29825e-16	2.55802e-12	2.26248e-08	6.79699e-05	0.0388167	0.365539	0.458949	0.126251	0.010092	0.000281798	3.12318e-06	1.51646e-08	3.5248e-11	4.27389e-14	2.93293e-17	1.59681e-20	1.1699e-21	2.94664e-22	5.59397e-23	7.91389e-24	8.14835e-25	5.77402e-26	2.54056e-27	5.89216e-29	6.22822e-31	2.97938e-33	6.82223e-36	7.91935e-39	4.88723e-42	1.67822e-45	6.33711e-49	2.28395e-50	1.34752e-51	5.9532e-53	1.85684e-54	3.71993e-56	
N39	1.62621e-21	1.20273e-21	4.20461e-22	8.49855e-23	1.11275e-23	1.00142e-24	6.41353e-26	3.18055e-27	3.42653e-25	2.25645e-20	9.20853e-16	2.02734e-11	2.05615e-07	0.000731513	0.495148	0.441085	0.0609988	0.00201623	1.9726e-05	6.98714e-08	1.07314e-10	8.26721e-14	3.57465e-17	1.18959e-20	1.43743e-22	6.05459e-24	1.92687e-25	4.58117e-27	8.08282e-29	1.04515e-30	9.69378e-33	6.23534e-35	2.64095e-37	6.80417e-40	9.51089e-43	6.42846e-46	2.07485e-49	3.46674e-53	4.24652e-57	7.69185e-60	4.79661e-62	2.45112e-64	9.78836e-67	2.95948e-69	6.46229e-72	9.48346e-75	
L_acuticarpum	0	0	0	0	0	0	0	0	0	0	0	0	0	0	1	0	0	0	0	0	0	0	0	0	0	0	0	0	0	0	0	0	0	0	0	0	0	0	0	0	0	0	0	0	0	0	
L_gracile	0	0	0	0	0	0	0	0	0	0	0	0	0	0	1	0	0	0	0	0	0	0	0	0	0	0	0	0	0	0	0	0	0	0	0	0	0	0	0	0	0	0	0	0	0	0	
L_heterostylum	0	0	0	0	0	0	0	0	0	0	0	0	0	0	1	0	0	0	0	0	0	0	0	0	0	0	0	0	0	0	0	0	0	0	0	0	0	0	0	0	0	0	0	0	0	0	
L_africanum	0	0	0	0	0	0	0	0	0	0	0	0	0	0	0.807124	0.192798	0	0	0	0	0	0	0	0	0	0	0	0	7.75514e-05	0	0	0	0	0	0	0	0	0	0	0	0	0	0	0	0	0	
L_comptonii	0	0	0	0	0	0	0	0	0	0	0	0	0	0	1	0	0	0	0	0	0	0	0	0	0	0	0	0	0	0	0	0	0	0	0	0	0	0	0	0	0	0	0	0	0	0	
Ra_linoides	0	0	0	0	0	0	0	0	1	0	0	0	0	0	0	0	0	0	0	0	0	0	0	0	0	0	0	0	0	0	0	0	0	0	0	0	0	0	0	0	0	0	0	0	0	0	
N40	7.81006e-17	9.98354e-17	1.90527e-16	3.46447e-16	6.37017e-16	1.43947e-15	5.35281e-15	2.8241e-14	1.48172e-13	6.7241e-13	2.59467e-12	8.81049e-12	2.78338e-11	8.5121e-11	2.50957e-10	6.96712e-10	1.84741e-09	4.99887e-09	1.46835e-08	4.54578e-08	1.36465e-07	3.77457e-07	9.77503e-07	2.8e-06	1.25137e-05	8.04266e-05	0.000496432	0.00248202	0.00960551	0.0287136	0.0666012	0.12059	0.17145	0.192431	0.171272	0.12132	0.068572	0.0309793	0.0112005	0.00324822	0.000761719	0.000148366	2.58316e-05	4.61156e-06	9.39016e-07	2.13425e-07	
N41	7.73334e-17	7.19653e-17	1.1028e-16	1.73558e-16	4.03239e-16	1.7973e-15	1.04482e-14	6.01123e-14	3.28127e-13	1.72549e-12	8.77905e-12	4.24082e-11	1.88571e-10	7.53235e-10	2.69728e-09	8.90813e-09	2.87199e-08	9.30734e-08	2.93091e-07	8.39948e-07	2.09627e-06	4.65981e-06	1.16417e-05	5.04177e-05	0.000306244	0.0016733	0.00715882	0.0235258	0.0589918	0.113672	0.169464	0.196747	0.178947	0.128171	0.0726145	0.0326611	0.0117	0.00334911	0.000770624	0.000145411	2.47053e-05	5.39373e-06	2.17128e-06	1.09323e-06	4.74805e-07	1.64063e-07	
N42	4.07252e-16	9.87834e-16	4.83843e-15	3.74263e-14	3.8523e-13	3.95544e-12	3.41279e-11	2.31288e-10	1.20823e-09	4.87145e-09	1.52944e-08	3.79858e-08	7.66944e-08	1.32316e-07	2.11922e-07	3.48569e-07	6.42568e-07	1.38585e-06	3.63804e-06	1.24865e-05	5.87741e-05	0.00034749	0.00203062	0.00957706	0.0334167	0.0844093	0.154769	0.208781	0.208225	0.155569	0.0879939	0.0380365	0.0126739	0.00328501	0.000672097	0.000113112	1.8016e-05	3.67465e-06	1.06333e-06	3.32801e-07	9.32049e-08	2.20699e-08	4.35602e-09	7.15681e-10	9.87827e-11	1.20467e-11	
N43	3.34202e-10	4.19983e-10	8.28076e-10	1.53563e-09	2.66734e-09	4.31084e-09	6.45514e-09	9.57847e-09	2.24071e-08	1.27868e-07	8.604e-07	4.56419e-06	1.80388e-05	5.33707e-05	0.00012047	0.000221362	0.000463716	0.0018005	0.00847056	0.0309976	0.0810416	0.151894	0.207344	0.209405	0.158624	0.0911714	0.0401545	0.0136978	0.0036251	0.000751102	0.000122914	1.61548e-05	1.8004e-06	2.06724e-07	3.54677e-08	9.09038e-09	2.48921e-09	6.2388e-10	1.38576e-10	2.72198e-11	4.74675e-12	7.38708e-13	1.03258e-13	1.30973e-14	1.53389e-15	1.74295e-16	
N44	9.4014e-19	7.18828e-20	5.70318e-21	2.54325e-20	1.93476e-16	1.18191e-12	4.02039e-09	6.22389e-06	0.00292347	0.11909	0.393589	0.338763	0.12075	0.0222634	0.00243318	0.000173147	8.61716e-06	3.14165e-07	8.63952e-09	1.81932e-10	2.95366e-12	3.71023e-14	3.61837e-16	2.75216e-18	1.6437e-20	7.80619e-23	3.04403e-25	1.07063e-27	4.16914e-30	2.12589e-32	1.24644e-34	6.96171e-37	3.42789e-39	1.46195e-41	5.40574e-44	1.74539e-46	4.97425e-49	1.26804e-51	2.93247e-54	6.22769e-57	1.22385e-59	2.2307e-62	3.76557e-65	5.86913e-68	8.41785e-71	1.11285e-73	
N45	2.47691e-24	1.05527e-24	3.5749e-25	1.87534e-22	3.86477e-19	1.16162e-14	3.56152e-10	3.86923e-06	0.00854794	0.273023	0.514641	0.182453	0.0202838	0.000991497	5.28454e-05	2.56822e-06	6.25842e-08	7.63803e-10	5.12313e-12	2.03694e-14	5.07793e-17	8.28801e-20	9.67232e-23	3.28389e-25	8.15279e-27	1.62862e-28	1.99698e-30	1.43641e-32	6.27697e-35	1.75817e-37	3.30782e-40	4.33859e-43	4.08394e-46	2.82166e-49	1.46048e-52	5.73889e-56	1.73199e-59	4.05291e-63	7.41166e-67	1.08395e-70	3.30091e-74	1.87783e-76	1.29093e-78	6.65192e-81	2.40811e-83	5.5503e-86	
N46	2.24648e-30	1.44215e-30	1.06823e-30	9.88659e-27	4.30303e-21	1.00044e-15	1.00045e-10	3.17268e-06	0.0165054	0.365504	0.499887	0.11145	0.00650267	0.000145886	2.88044e-06	4.20301e-08	2.75733e-10	8.28788e-13	1.32271e-15	1.34322e-18	9.85475e-22	5.15297e-25	2.3096e-28	4.96168e-30	3.48662e-31	1.47886e-32	3.2695e-34	3.02513e-36	1.18849e-38	2.19964e-41	2.1362e-44	1.31567e-47	1.044e-50	8.28513e-54	3.77624e-57	9.54463e-61	1.42847e-64	1.34202e-68	8.27568e-73	3.47869e-77	2.80431e-81	3.10015e-83	4.3013e-85	4.46504e-87	3.25151e-89	1.48981e-91	
N47	2.04839e-27	2.00966e-27	7.813e-27	2.26087e-22	1.64333e-17	6.3792e-13	1.11082e-08	6.53503e-05	0.0706604	0.511476	0.371505	0.044957	0.00132161	1.3743e-05	1.00023e-07	4.87874e-10	1.10022e-12	1.15851e-15	6.44376e-19	2.21194e-22	1.82568e-24	3.33427e-25	4.52345e-26	4.36156e-27	2.89562e-28	1.25509e-29	3.24151e-31	4.22832e-33	2.10566e-35	3.78721e-38	2.80736e-41	1.09023e-44	4.02883e-48	1.28081e-51	2.31379e-55	2.32476e-59	1.43417e-63	6.131e-68	3.90173e-71	1.11272e-72	2.66702e-74	5.01323e-76	7.2126e-78	7.74411e-80	6.11854e-82	3.65026e-84	
N48	1.82965e-29	5.61144e-30	2.65768e-27	4.05582e-22	3.80208e-17	1.8893e-12	4.21776e-08	0.000317935	0.428187	0.50141	0.0684969	0.00157923	8.55532e-06	1.58436e-08	1.47656e-11	8.13731e-15	2.68246e-18	5.59182e-22	8.55375e-25	6.41841e-26	4.7676e-27	2.92919e-28	1.35548e-29	4.42188e-31	9.69574e-33	1.35851e-34	1.129e-36	4.90411e-39	8.95378e-42	5.64272e-45	1.35009e-48	1.56923e-52	1.20063e-56	6.68101e-61	2.58879e-65	6.93076e-70	7.65303e-74	6.51618e-76	5.43048e-78	3.63943e-80	1.93063e-82	7.94478e-85	2.47368e-87	5.67342e-90	9.45692e-93	1.20199e-95	
N49	4.56277e-26	4.40242e-26	1.15359e-23	7.21479e-21	9.30052e-18	9.29906e-13	4.99704e-08	0.000699365	0.77212	0.221624	0.00553637	1.98859e-05	1.67196e-08	1.41681e-11	3.134e-13	1.64695e-16	7.91242e-20	1.16516e-21	4.17892e-22	1.39317e-22	2.86738e-23	3.68552e-24	2.91145e-25	1.38834e-26	3.87847e-28	5.95429e-30	4.34343e-32	1.02519e-34	6.94828e-38	1.29632e-41	8.63859e-46	2.75963e-50	5.11535e-55	6.14067e-60	5.10548e-65	4.57182e-70	1.72785e-72	1.55671e-74	1.11231e-76	6.19924e-79	2.63816e-81	8.31077e-84	1.85035e-86	2.7146e-89	2.3919e-92	1.34635e-95	
N50	1.76149e-29	9.89897e-29	7.92679e-26	3.45649e-23	2.14205e-20	7.01773e-15	1.56954e-09	0.000105426	0.948809	0.0509307	0.000154522	6.46161e-08	7.57034e-12	1.31627e-14	2.34442e-15	7.97572e-19	2.75639e-22	1.04501e-22	4.54124e-24	1.14248e-25	3.25872e-27	8.39905e-29	1.43652e-30	1.52551e-32	9.67814e-35	3.36939e-37	5.18204e-40	1.32864e-43	6.50323e-48	8.43232e-53	4.60658e-58	1.55554e-63	2.10656e-68	9.81962e-74	2.5156e-79	9.63476e-84	5.25072e-87	2.71842e-90	2.18917e-93	2.50899e-96	2.44464e-99	1.70165e-102	7.83083e-106	2.15201e-109	2.95809e-113	1.80161e-117	
L_alpinum	0	0	0	0	0	0	0	0	1	0	0	0	0	0	1.37436e-12	0	0	9.18927e-15	0	0	0	0	0	0	0	0	0	0	0	0	0	0	0	0	0	0	0	0	0	0	0	0	0	0	0	0	
L_punctatum1	0	0	0	0	0	0	0	0	1	0	0	0	0	0	0	0	0	0	0	0	0	0	0	0	0	0	0	0	0	0	0	0	0	0	0	0	0	0	0	0	0	0	0	0	0	0	
L_perenne	0	0	0	0	0	0	0	0.0490505	0.95095	0	0	0	0	0	3.87928e-10	0	0	1.64902e-11	0	0	0	0	0	0	0	0	0	0	0	0	0	0	0	0	0	0	0	0	0	0	0	0	0	0	0	0	
L_lewisii	0	0	0	0	0	0	0	0	1	0	0	0	0	0	0	0	0	0	0	0	0	0	0	0	0	0	0	0	0	0	0	0	0	0	0	0	0	0	0	0	0	0	0	0	0	0	
L_leonii	0	0	0	0	0	0	0	0	0.862064	0.137936	0	0	0	0	0	0	0	0	0	0	0	0	0	0	0	0	0	0	0	0	0	0	0	0	0	0	0	0	0	0	0	0	0	0	0	0	
N51	2.03838e-20	3.30152e-20	1.58186e-19	2.95667e-17	6.0666e-15	3.18344e-11	1.96591e-07	0.000426285	0.177552	0.563455	0.2388	0.0193512	0.000413017	3.28895e-06	1.61251e-08	5.55331e-11	6.59818e-13	4.26457e-14	2.72185e-16	4.59555e-17	2.59084e-17	8.96076e-18	1.97822e-18	2.84288e-19	2.65262e-20	1.56612e-21	5.52054e-23	1.03681e-24	8.30958e-27	2.45162e-29	2.96005e-32	1.84298e-35	9.07561e-39	3.68347e-42	9.73228e-46	1.59626e-49	1.87228e-53	6.87395e-56	2.23342e-57	5.99042e-59	1.28478e-60	2.16544e-62	2.80767e-64	2.73553e-66	1.96929e-68	1.06816e-70	
L_austr_mauritanicum	0	0	0	0	0	0	0	0	1	0	0	0	0	0	0	0	0	0	0	0	0	0	0	0	0	0	0	0	0	0	0	0	0	0	0	0	0	0	0	0	0	0	0	0	0	0	
L_austriacum	0	0	0	0	0	0	0	0	1	0	0	0	0	0	0	0	0	1.40288e-09	0	0	0	0	0	0	0	0	0	0	0	0	0	0	0	0	0	0	0	0	0	0	0	0	0	0	0	0	
L_pallescens	0	0	0	0	0	0	0	0	0.999827	0	0	0	0	0	0.000173269	0	0	0	0	0	0	0	0	0	0	0	0	0	0	0	0	0	0	0	0	0	0	0	0	0	0	0	0	0	0	0	
L_pycnophyllum	0	0	0	0	0	0	0	0	1	0	0	0	0	0	0	0	0	0	0	0	0	0	0	0	0	0	0	0	0	0	0	0	0	0	0	0	0	0	0	0	0	0	0	0	0	0	
N52	3.81605e-07	1.9595e-07	1.11304e-07	3.97291e-08	1.18841e-08	4.51332e-08	4.62576e-07	2.78751e-06	7.7686e-06	4.55477e-06	1.25716e-06	2.13538e-07	2.48896e-07	4.52756e-06	0.000234192	0.00753936	0.0956282	0.430196	0.337488	0.108321	0.0184344	0.00191368	0.000136464	8.42669e-06	3.57073e-06	1.36488e-05	3.40033e-05	1.93604e-05	5.30216e-06	8.63972e-07	9.31312e-08	7.10207e-09	4.0315e-10	1.78499e-11	6.48029e-13	2.03372e-14	5.75912e-16	1.49256e-17	3.48524e-19	7.14299e-21	1.25965e-22	1.89406e-24	2.42687e-26	2.66188e-28	2.51716e-30	2.09115e-32	
L_aroanium1	0	0	0	0	0	0	0	0	0	0	0	0	0	0	0	0	0	1	0	0	0	0	0	0	0	0	0	0	0	0	0	0	0	0	0	0	0	0	0	0	0	0	0	0	0	0	
L_nervosum	0	0	0	0	0	0	0	0	0.00257833	0	0	0	0	0	0.997334	0	0	0	0	0	0	0	0	0	0	0	8.78647e-05	0	0	0	0	0	0	0	0	0	0	0	0	0	0	0	0	0	0	0	
N53	2.34004e-13	7.30885e-13	5.78849e-12	3.8453e-11	1.87745e-10	6.72793e-10	1.81502e-09	4.09169e-09	1.29328e-08	8.56054e-08	5.99107e-07	3.30353e-06	1.44573e-05	5.06685e-05	0.000138485	0.000287996	0.000467909	0.000682927	0.00149783	0.00653768	0.0286968	0.0884708	0.180072	0.243117	0.221956	0.140046	0.0623539	0.0200069	0.00467322	0.000808071	0.000105282	1.07335e-05	9.71613e-07	1.07544e-07	1.75184e-08	3.18401e-09	5.17831e-10	7.11125e-11	8.19205e-12	7.95206e-13	6.54856e-14	4.609e-15	2.79676e-16	1.48132e-17	6.97411e-19	3.04387e-20	
N54	2.19394e-13	3.48928e-13	1.92138e-12	1.34775e-11	1.07099e-10	8.76282e-10	6.21713e-09	3.78915e-08	2.31243e-07	1.48011e-06	8.32801e-06	3.55253e-05	0.000109332	0.000242213	0.000394489	0.00049727	0.000556637	0.000777422	0.00240657	0.0121033	0.0495596	0.133405	0.228938	0.253558	0.185366	0.0916017	0.0312944	0.0075695	0.00131882	0.000183371	3.63511e-05	1.83258e-05	1.07488e-05	5.05576e-06	1.83391e-06	5.13929e-07	1.1198e-07	1.91174e-08	2.58101e-09	2.79057e-10	2.48705e-11	2.10061e-12	2.8369e-13	7.5682e-14	2.11269e-14	4.56711e-15	
N55	6.59628e-10	2.33607e-09	1.97425e-08	1.43374e-07	6.7238e-07	2.03912e-06	4.1719e-06	5.9871e-06	6.21805e-06	4.79885e-06	2.97203e-06	3.74491e-06	2.30806e-05	0.000129191	0.000431053	0.000787092	0.000889949	0.00145258	0.00984372	0.0578837	0.184315	0.296871	0.259648	0.133168	0.0427017	0.00925642	0.00171501	0.000488956	0.000219651	9.38461e-05	3.31491e-05	1.07387e-05	4.17564e-06	2.02492e-06	9.15086e-07	3.23181e-07	8.59407e-08	1.75781e-08	3.00984e-09	5.21122e-10	1.06805e-10	2.31681e-11	4.40767e-12	6.73377e-13	8.0673e-14	7.79845e-15	
N56	5.98465e-14	1.16917e-15	1.967e-17	1.89704e-19	1.37486e-20	1.25284e-19	7.6893e-19	2.999e-17	1.48486e-13	8.64139e-12	2.05007e-10	2.27356e-09	5.33588e-08	0.000318813	0.595976	0.362237	0.0398864	0.00154317	2.75598e-05	2.63264e-07	1.47877e-09	5.26646e-12	1.29124e-14	2.4389e-17	4.07764e-20	2.21331e-20	3.06991e-16	2.73796e-12	1.02773e-08	9.32835e-06	1.40753e-06	6.1524e-08	1.45566e-09	2.17666e-11	2.08779e-13	1.30646e-15	5.54187e-18	1.69029e-20	4.04641e-23	8.44837e-26	1.63147e-28	2.82779e-31	4.14094e-34	4.95292e-37	4.82042e-40	3.87573e-43	
L_bienne	0	0	0	0	0	0	0	0	5.76606e-07	0	0	0	0	0	0.877701	0.122287	0	0	0	0	0	0	0	0	0	0	0	0	0	1.13331e-05	0	0	0	0	0	0	0	0	0	0	0	0	0	0	0	0	
L_usitatissimum	0	0	0	0	0	0	0	0	0	0	0	0	0	0	0.834167	0.165822	0	0	0	0	0	0	0	0	0	0	0	0	0	1.09418e-05	0	0	0	0	0	0	0	0	0	0	0	0	0	0	0	0	
L_hologynum	0	0	0	0	0	0	0	0	0	0	0	0	0	0	0	0	0	0	0	0	1	0	0	0	0	0	0	0	0	0	0	0	0	0	0	0	0	0	0	0	0	0	0	0	0	0	
L_narbonense	0	0	0	0	0	0	0.0227881	0	0.0886177	0.045413	0	0	0	0.694384	0.148798	0	0	0	0	0	0	0	0	0	0	0	0	0	0	0	0	0	0	0	0	0	0	0	0	0	0	0	0	0	0	0	
N57	1.18347e-11	7.13177e-12	6.43107e-12	1.06798e-11	1.35428e-10	2.29097e-09	7.42175e-08	5.31923e-06	0.000195782	0.00279349	0.0186233	0.0676035	0.148097	0.210204	0.204509	0.147012	0.0907411	0.0556524	0.032326	0.0152326	0.0053439	0.00136631	0.000255339	3.51915e-05	3.6103e-06	2.78068e-07	1.62178e-08	7.25992e-10	2.56689e-11	8.36142e-13	3.96821e-14	3.33007e-15	3.16226e-16	2.68722e-17	1.9546e-18	1.21151e-19	6.42359e-21	2.93788e-22	1.17494e-23	4.1891e-25	1.36185e-26	4.11531e-28	1.16673e-29	3.10048e-31	7.68541e-33	1.79826e-34	
L_decumbens1	0	0	0	0	0	0	0	0	0.889135	0	0	0	0	0	0	0.110865	0	0	0	0	0	0	0	0	0	0	0	0	0	0	0	0	0	0	0	0	0	0	0	0	0	0	0	0	0	0	
L_grandiflorum	0	0	0	0	0	0	0	1	0	0	0	0	0	0	0	0	0	0	0	0	0	0	0	0	0	0	0	0	0	0	0	0	0	0	0	0	0	0	0	0	0	0	0	0	0	0	
L_stelleroides	0	0	0	0	0	0	0	0	0.47933	0.52067	0	0	0	0	0	0	0	0	0	0	0	0	0	0	0	0	0	0	0	0	0	0	0	0	0	0	0	0	0	0	0	0	0	0	0	0	
N58	6.345e-10	3.30587e-10	2.27751e-10	1.1824e-10	5.15582e-11	5.14004e-11	1.97844e-09	1.86434e-07	9.4479e-06	0.000228171	0.00270553	0.0171	0.0627577	0.143801	0.217992	0.228302	0.172245	0.0962795	0.0408432	0.0134144	0.00346852	0.000716087	0.000119476	1.62801e-05	1.82894e-06	1.7094e-07	1.34232e-08	8.97861e-10	5.196e-11	2.69309e-12	1.31446e-13	6.3959e-15	3.19793e-16	1.61278e-17	7.84852e-19	3.55193e-20	1.46589e-21	5.48045e-23	1.85751e-24	5.73488e-26	1.62452e-27	4.25852e-29	1.04219e-30	2.39914e-32	5.21975e-34	1.09125e-35	
N59	9.14001e-14	7.2319e-14	5.6849e-14	5.26703e-14	1.60084e-12	8.28381e-10	2.57268e-07	3.16883e-05	0.00117916	0.0148892	0.0783735	0.201709	0.284152	0.237667	0.125485	0.0438263	0.010594	0.0018336	0.000234597	2.28261e-05	1.72945e-06	1.03848e-07	5.00039e-09	1.95133e-10	6.38155e-12	2.06002e-13	1.00217e-14	7.74275e-16	6.1452e-17	4.11271e-18	2.23412e-19	9.82106e-21	3.50577e-22	1.02122e-23	2.4406e-25	4.80637e-27	7.84135e-29	1.06976e-30	1.26764e-32	1.58664e-34	3.39043e-36	1.1787e-37	4.04791e-39	1.12546e-40	2.38757e-42	3.77336e-44	
N60	2.40567e-14	3.213e-14	5.48311e-14	1.3776e-12	3.05088e-10	1.61736e-07	4.1409e-05	0.00335122	0.044723	0.184602	0.319831	0.274507	0.12934	0.0360272	0.00652366	0.000918359	0.00012007	1.35463e-05	1.11909e-06	6.3259e-08	2.45878e-09	7.4677e-11	4.42528e-12	8.28361e-13	1.54162e-13	2.17804e-14	2.29736e-15	1.81018e-16	1.06433e-17	4.68188e-19	1.54568e-20	3.84697e-22	7.25938e-24	1.04595e-25	1.16114e-27	1.00003e-29	6.74105e-32	3.66063e-34	2.27034e-36	5.98408e-38	3.23013e-39	1.52655e-40	5.72877e-42	1.6511e-43	3.50139e-45	5.18733e-47	
L_hirsutum	0	0	0	0	0	0	0	0.93738	0.0617104	0	0	0	0	0	0.000909975	0	0	0	0	0	0	0	0	0	0	0	0	0	0	0	0	0	0	0	0	0	0	0	0	0	0	0	0	0	0	0	
L_seljukorum	0	0	0	0	0	0	0	1	0	0	0	0	0	0	0	0	0	0	0	0	0	0	0	0	0	0	0	0	0	0	0	0	0	0	0	0	0	0	0	0	0	0	0	0	0	0	
L_viscosum	0	0	0	0	0	0	0	1	0	0	0	0	0	0	0	0	0	0	0	0	0	0	0	0	0	0	0	0	0	0	0	0	0	0	0	0	0	0	0	0	0	0	0	0	0	0	
L_pubescens	0	0	0	0	0	0	0	0.498187	0.501813	0	0	0	0	0	0	0	0	0	0	0	0	0	0	0	0	0	0	0	0	0	0	0	0	0	0	0	0	0	0	0	0	0	0	0	0	0	
Re_indica	0	0	0	0	0	0	0	0	0	0.28686	0.71314	0	0	0	0	0	0	0	0	0	0	0	0	0	0	0	0	0	0	0	0	0	0	0	0	0	0	0	0	0	0	0	0	0	0	0	
