NODE	1	2	3	4	5	6	7	8	9	10	11	12	13	14	15	16	17	18	19	20	21	22	23	24	25	26	27	28	29	30	31	32	33	34	35	36	37	38	39	40	41	42	43	44	45	46	
N1	0.000194421	0.00221999	0.015045	0.049662	0.0876303	0.186655	0.299694	0.259931	0.0883782	0.0101732	0.000411182	6.44049e-06	4.33533e-08	1.37681e-10	2.2369e-13	3.68873e-18	8.39693e-20	1.495e-21	2.12709e-23	2.46364e-25	2.36018e-27	1.89629e-29	1.29335e-31	7.56829e-34	3.83564e-36	1.69772e-38	6.61198e-41	2.28109e-43	7.01339e-46	1.93226e-48	4.79421e-51	1.07611e-53	2.19426e-56	4.08009e-59	6.94272e-62	1.08462e-64	1.56034e-67	2.07284e-70	2.54944e-73	2.91009e-76	3.08983e-79	3.05806e-82	2.8269e-85	2.44595e-88	1.99223e-91	1.78836e-94	
N2	0.000107071	0.001274	0.00951703	0.0360899	0.0690084	0.168786	0.315455	0.29337	0.0939215	0.0119355	0.00050329	3.19713e-05	4.54307e-07	5.47936e-08	4.05152e-10	2.81694e-11	1.05298e-13	3.5593e-15	7.5225e-18	1.35466e-19	1.64739e-22	1.47279e-24	1.39932e-27	2.12287e-29	1.07282e-32	5.71325e-35	7.58762e-38	1.96884e-39	6.2286e-43	2.20388e-45	2.01795e-48	3.57609e-50	7.59696e-54	1.6346e-56	8.52571e-60	1.02784e-61	1.54324e-65	2.17275e-68	6.49114e-72	5.59823e-74	5.97371e-78	5.80896e-81	9.57814e-85	5.8201e-87	1.15902e-90	9.12924e-93	
N3	2.53394e-07	1.24524e-05	0.000197534	0.00317802	0.00359611	0.0201366	0.174524	0.507953	0.25675	0.032497	0.00113137	2.33898e-05	2.10412e-07	2.05395e-09	8.15226e-12	3.87853e-14	7.20766e-17	1.72555e-19	1.7092e-22	2.50982e-25	1.43471e-28	1.40992e-31	5.86084e-35	5.61117e-38	1.69016e-41	1.18249e-44	3.53084e-48	2.71567e-51	5.48376e-55	2.48168e-58	4.78085e-62	2.36436e-65	3.03042e-69	8.54727e-73	1.00575e-76	3.27618e-80	2.69965e-84	5.22484e-88	4.06202e-92	9.92698e-96	5.4183e-100	7.64035e-104	4.49314e-108	1.0886e-111	1.89508e-115	7.63538e-119	
N4	1.00935e-08	1.08819e-06	3.04574e-05	0.000765859	0.00224839	0.00969564	0.1259	0.478042	0.329093	0.0524736	0.00171498	3.42119e-05	2.13592e-07	1.12519e-08	2.45283e-11	5.36798e-13	4.0399e-16	2.89161e-18	1.04932e-21	3.21622e-24	6.46249e-28	9.91992e-31	1.3389e-34	2.59952e-37	2.10833e-41	2.38131e-44	6.52253e-48	3.23094e-50	1.53805e-54	1.04743e-57	1.83877e-61	5.82501e-64	1.75451e-68	5.609e-72	4.0954e-76	8.08835e-79	1.6018e-83	3.10526e-87	1.11334e-91	1.42523e-94	1.88476e-99	2.42055e-103	4.63966e-108	3.94862e-111	9.45141e-116	9.8769e-119	
N5	3.52306e-10	9.36587e-08	5.62026e-06	0.000216059	0.00101362	0.0061685	0.0983717	0.412904	0.380187	0.0958304	0.00501963	0.000280943	2.6374e-06	5.55673e-07	8.53e-10	4.29458e-11	1.63772e-14	1.87999e-16	3.0585e-20	1.10535e-22	9.45619e-27	1.42013e-29	8.34217e-34	2.67357e-36	8.43746e-41	9.92483e-44	2.39078e-47	2.01839e-49	3.49429e-54	1.86522e-57	2.38039e-61	1.25192e-63	1.3746e-68	3.20014e-72	1.41672e-76	4.78179e-79	3.54844e-84	5.03722e-88	9.15992e-93	2.03646e-95	1.05121e-100	1.03569e-104	9.3538e-110	1.41184e-112	1.62547e-117	2.91999e-120	
N6	5.2162e-11	1.09847e-08	5.1826e-07	4.99704e-05	0.000160789	0.00048175	0.0190081	0.264847	0.645294	0.0686577	0.00148485	1.55924e-05	7.2994e-08	1.2899e-09	2.8919e-12	3.93075e-14	3.77838e-17	2.33174e-19	1.2848e-22	4.79523e-25	1.55572e-28	2.91054e-31	6.37784e-35	1.05234e-37	1.54085e-41	1.55842e-44	3.53694e-48	1.16791e-50	9.83156e-55	7.37056e-58	1.50197e-61	4.24857e-64	2.25315e-68	9.86327e-72	1.10679e-75	2.16397e-78	8.0184e-83	2.48899e-86	1.94043e-90	2.79516e-93	7.66675e-98	1.57995e-101	6.7369e-106	6.82296e-109	2.79641e-113	2.92054e-116	
N7	3.55955e-19	4.79743e-15	3.54518e-13	3.23793e-09	2.14148e-07	2.90713e-09	1.67984e-06	0.00332808	0.962129	0.0345264	1.50749e-05	1.76225e-09	9.80199e-14	1.70995e-17	9.05076e-22	1.38319e-25	2.66016e-30	1.47402e-34	5.66128e-39	4.37339e-41	1.482e-42	3.13981e-42	6.71356e-45	3.43465e-47	3.15575e-50	1.71406e-52	2.89662e-55	5.05887e-57	4.97242e-60	4.22429e-62	1.01662e-64	1.51897e-66	1.14213e-69	5.21475e-72	7.56877e-75	7.912e-77	4.36533e-80	1.08825e-82	7.17464e-86	4.77864e-88	1.75136e-91	3.06994e-94	1.18811e-97	5.7657e-100	3.54058e-103	2.56515e-105	
L_corymbiferum	0	0	0	0	0	0	0	0	1	0	0	0	0	0	0	0	0	0	0	0	0	0	0	0	0	0	0	0	0	0	0	0	0	0	0	0	0	0	0	0	0	0	0	0	0	0	
N8	3.37931e-23	3.24129e-18	1.68911e-15	7.27511e-11	4.44577e-09	5.94802e-11	1.22525e-08	0.00028406	0.941729	0.0579842	2.93e-06	3.08238e-11	1.467e-16	3.60313e-19	1.16868e-23	5.27627e-26	3.43963e-31	7.4871e-34	3.70074e-40	2.54466e-44	6.78392e-51	1.34735e-55	1.89986e-62	1.73666e-67	1.25736e-74	7.59489e-80	5.34664e-86	1.56894e-89	3.79788e-97	9.71731e-102	6.9427e-108	3.12205e-112	5.68226e-121	2.40301e-80	4.12177e-37	4.64467e-35	5.92549e-37	6.18923e-37	3.04882e-38	2.96892e-36	3.58869e-38	3.65453e-38	8.9064e-40	7.42421e-38	2.08681e-39	1.99292e-37	
L_gallicum	0	0	0	0	0	0	0	0	0	1	0	0	0	0	0	0	0	0	0	0	0	0	0	0	0	0	0	0	0	0	0	0	0	0	0	0	0	0	0	0	0	0	0	0	0	0	
L_strictum	0	0	0	0	0	0	0	0	1	0	0	0	0	0	0	0	0	0	0	0	0	0	0	0	0	0	0	0	0	0	0	0	0	0	0	0	0	0	0	0	0	0	0	0	0	0	
N9	8.81518e-14	6.01608e-11	3.75345e-09	1.26856e-06	3.21281e-06	5.09177e-06	0.00106041	0.0829668	0.887533	0.0282892	0.000141088	2.48482e-07	2.34381e-10	1.33706e-12	1.27523e-15	7.31575e-18	2.65922e-21	6.53829e-24	1.20168e-27	1.47362e-30	2.34318e-34	2.14049e-37	2.46083e-41	1.62151e-44	1.13354e-48	6.84403e-51	1.04637e-51	2.83046e-51	1.49267e-52	1.01626e-52	1.51059e-53	1.99255e-53	4.01587e-55	6.03069e-56	1.75403e-57	3.67009e-58	1.54491e-61	2.53649e-64	6.52268e-68	2.681e-70	1.89872e-74	8.337e-78	5.73317e-82	9.38816e-85	6.03031e-89	1.03054e-91	
L_setaceum	0	0	0	0	0	0	0	0	1	0	0	0	0	0	0	0	0	0	0	0	0	0	0	0	0	0	0	0	0	0	0	0	0	0	0	0	0	0	0	0	0	0	0	0	0	0	
N10	1.43578e-21	3.29706e-17	3.8784e-15	5.13387e-11	1.61225e-10	2.45225e-11	2.70672e-07	0.0012759	0.998184	0.000540263	5.55079e-08	2.08187e-12	7.43418e-16	1.72958e-15	6.93252e-16	2.35879e-15	2.34349e-16	2.09726e-16	6.61998e-21	1.20374e-24	1.1185e-29	6.26333e-34	2.36534e-39	6.63068e-44	1.159e-49	3.58439e-54	9.78679e-56	2.39671e-55	3.91872e-57	1.94287e-57	1.06634e-58	5.17256e-59	8.60915e-62	1.27862e-18	1.9973e-17	2.85332e-15	1.89774e-17	6.86875e-19	2.87584e-21	4.46741e-22	5.27948e-25	5.85018e-27	6.7594e-30	4.46408e-31	5.448e-34	3.8139e-35	
L_suffruticosum1	0	0	0	0	0	0	0	0	0	0	0	0	0	0	0	0	0	0	0	0	0	0	0	0	0	0	0	0	0	0	0	0	0	0	0	1	0	0	0	0	0	0	0	0	0	0	
L_tenuifolium1	0	0	0	0	0	0	0	0	1	0	0	0	0	0	0	0	0	0	0	0	0	0	0	0	0	0	0	0	0	0	0	0	0	0	0	0	0	0	0	0	0	0	0	0	0	0	
N11	2.79642e-11	1.07959e-08	1.29136e-06	3.24905e-05	0.00115343	0.00772977	0.133937	0.329767	0.181451	0.243732	0.0871899	0.0128214	0.00122749	0.000946746	1.10241e-05	9.00343e-07	1.47981e-09	2.53009e-11	1.37451e-14	5.12378e-17	1.2606e-20	2.10356e-23	2.74847e-27	4.45176e-30	3.83507e-34	8.124e-37	3.83086e-40	2.94647e-42	1.72281e-46	2.36462e-49	7.0791e-53	3.2669e-55	1.18039e-59	5.40716e-63	6.10394e-67	1.78109e-69	4.31162e-74	1.02756e-77	3.56786e-82	6.04687e-85	9.46519e-90	1.58656e-93	2.92272e-98	3.45314e-101	1.41623e-105	2.7379e-108	
N12	1.125e-16	3.0658e-13	5.9484e-10	1.30148e-09	2.06733e-07	0.0001843	0.0113398	0.000141768	4.16171e-06	1.13636e-05	0.0010981	0.036308	0.316759	0.628301	0.00574676	0.000105082	1.19155e-07	4.64781e-10	1.27262e-13	1.28625e-16	1.35299e-20	4.53948e-24	2.1421e-28	3.98783e-32	9.74232e-37	1.27129e-40	3.06412e-45	3.58107e-45	2.50633e-47	1.26177e-47	3.76072e-47	3.91601e-46	1.28998e-48	4.19983e-50	3.96165e-52	3.34498e-53	9.79755e-56	2.08922e-56	2.3638e-57	1.49669e-58	3.04676e-61	3.61012e-63	8.61493e-66	3.82999e-67	1.02656e-69	5.70473e-71	
N13	1.43456e-20	1.46282e-16	6.91563e-13	5.1299e-12	1.68399e-09	4.77879e-06	0.00125115	2.82497e-06	8.36352e-09	7.62981e-09	6.93907e-06	0.00200911	0.115303	0.878818	0.00259968	4.10978e-06	9.59192e-10	1.36805e-12	2.10678e-16	2.90436e-18	1.43904e-22	9.30644e-25	1.80132e-29	5.28494e-32	4.92349e-37	5.83105e-40	3.2555e-45	1.64415e-48	6.03858e-54	1.28504e-57	3.96373e-63	1.59721e-66	3.3449e-72	2.63817e-76	5.50016e-82	3.13372e-85	3.06473e-91	3.62968e-95	6.93282e-100	7.35439e-103	4.50057e-109	2.35977e-113	2.60765e-118	1.83101e-121	1.93349e-127	7.50454e-131	
N14	1.23954e-25	5.86874e-21	1.74339e-16	2.17941e-15	7.00588e-13	6.76374e-09	1.3574e-05	4.35052e-09	3.58442e-13	3.24018e-14	4.98227e-10	3.50205e-06	0.00592569	0.992946	0.00111072	1.66556e-07	7.50635e-12	1.59676e-16	1.95505e-21	8.97928e-25	8.01624e-29	8.91982e-32	4.09183e-36	2.28949e-39	4.27224e-44	1.29715e-47	8.62552e-53	1.25918e-56	3.0109e-62	5.50897e-67	6.80884e-73	8.29291e-78	5.9857e-84	5.44256e-89	2.45442e-95	1.9587e-100	5.96121e-107	4.10006e-112	4.7995e-118	4.52929e-122	1.606e-128	5.8419e-133	2.35254e-138	1.47333e-142	3.14747e-147	1.24129e-151	
L_album	0	0	0	0	0	0	0	0	0	0	0	0	0	1	0	0	0	0	0	0	0	0	0	0	0	0	0	0	0	0	0	0	0	0	0	0	0	0	0	0	0	0	0	0	0	0	
L_mucronatum1	0	0	0	0	0	0	0	0	0	0	0	0	0	1	0	0	0	0	0	0	0	0	0	0	0	0	0	0	0	0	0	0	0	0	0	0	0	0	0	0	0	0	0	0	0	0	
N15	9.4305e-28	1.21626e-22	9.94152e-18	1.762e-16	7.91091e-14	2.10892e-09	1.09136e-05	1.25964e-09	4.23906e-14	3.18281e-15	1.12008e-10	1.54351e-06	0.00425198	0.995303	0.000432659	2.54688e-08	4.48082e-13	4.43113e-18	3.19195e-23	2.4848e-26	8.83071e-31	6.54171e-34	4.05214e-37	9.39451e-38	2.99138e-40	7.71827e-40	6.04182e-40	4.7969e-41	3.13888e-44	3.22975e-46	1.36045e-49	1.02815e-51	3.05753e-55	1.81982e-57	3.92201e-61	2.96711e-63	5.33794e-67	4.6087e-69	1.00216e-71	1.40902e-72	3.23427e-76	1.49555e-77	5.45403e-80	5.87413e-81	7.45982e-83	6.82345e-84	
N16	3.77909e-35	5.77916e-29	4.30879e-23	1.69335e-21	3.71989e-18	1.74145e-12	1.59265e-07	1.02761e-12	1.35371e-18	1.84919e-20	1.4951e-14	4.64399e-09	0.00028618	0.999586	0.00012786	7.86172e-10	1.08858e-15	5.61538e-22	1.30654e-28	1.41526e-32	1.41006e-37	1.73728e-40	4.54446e-45	2.41984e-43	6.26452e-44	1.79656e-39	4.07228e-36	4.13235e-34	5.15727e-36	1.41872e-35	1.53985e-37	2.08837e-37	1.84806e-39	1.99568e-39	1.41259e-41	1.49295e-41	8.62195e-44	8.9688e-44	3.50433e-45	7.00193e-43	6.26645e-45	4.79885e-43	6.05562e-43	1.35829e-40	9.68934e-39	1.73004e-36	
N17	1.23561e-33	3.23902e-29	1.17995e-23	9.48499e-22	2.10676e-18	2.37252e-13	5.5738e-09	1.59797e-13	1.00744e-18	1.4517e-19	4.10199e-14	5.49513e-09	0.000212838	0.99966	0.000127615	2.02025e-09	9.40261e-15	1.79521e-20	1.66175e-26	1.17997e-31	5.4718e-36	3.05196e-38	3.42642e-42	2.7968e-42	2.23425e-44	1.96393e-43	1.16353e-43	4.80584e-44	5.68785e-48	3.54011e-50	2.59334e-54	1.17558e-56	5.56928e-61	2.20056e-63	7.12318e-68	2.48288e-70	5.66557e-75	1.74669e-77	3.05403e-82	1.43404e-83	4.09441e-88	1.18837e-88	1.79083e-89	6.97011e-90	1.95114e-90	3.85515e-91	
N18	5.81438e-33	4.70541e-30	1.1879e-24	9.39012e-23	2.00095e-19	1.60606e-14	2.68857e-10	1.07142e-14	1.50188e-19	2.9091e-19	6.57728e-14	7.37101e-09	0.000243449	0.999596	0.000160268	3.21144e-09	1.90476e-14	4.69209e-20	5.71691e-26	4.82492e-31	3.12606e-35	2.60881e-37	1.03623e-41	3.96133e-44	9.29243e-49	1.633e-51	1.86257e-56	1.50243e-59	2.83432e-66	2.40391e-71	1.93595e-78	7.96196e-84	2.61564e-91	5.41032e-97	6.30401e-105	4.96363e-111	1.2727e-119	1.29147e-126	1.08705e-45	1.62335e-44	1.78678e-46	2.23162e-44	1.64409e-42	3.06336e-40	4.38874e-38	4.72309e-36	
L_arboreum	0	0	0	0	0	0	0	0	0	0	0	0	0	1	0	0	0	0	0	0	0	0	0	0	0	0	0	0	0	0	0	0	0	0	0	0	0	0	0	0	0	0	0	0	0	0	
L_elegans	0	0	0	0	0	0	0	0	0	0	0	0	0	1	0	0	0	0	0	0	0	0	0	0	0	0	0	0	0	0	0	0	0	0	0	0	0	0	0	0	0	0	0	0	0	0	
L_campanulatum	0	0	0	0	0	0	0	0	0	0	0	0	0	1	0	0	0	0	0	0	0	0	0	0	0	0	0	0	0	0	0	0	0	0	0	0	0	0	0	0	0	0	0	0	0	0	
N19	1.22526e-34	1.55156e-30	9.94407e-25	2.80015e-22	3.42267e-19	8.74285e-14	4.7338e-09	1.22698e-13	4.19263e-19	9.9708e-21	5.4652e-15	1.48543e-09	0.000113265	0.997823	0.00206412	2.77387e-08	8.27218e-14	9.09691e-20	4.36653e-26	3.99193e-31	1.15185e-35	6.47222e-37	6.5191e-39	9.93956e-39	8.19665e-41	7.66731e-41	3.05721e-43	1.95324e-43	1.78205e-47	1.1218e-49	6.14231e-54	3.05033e-56	1.08122e-60	4.69229e-63	1.13668e-67	4.35264e-70	7.42936e-75	2.51515e-77	3.599e-82	5.27435e-83	1.19418e-87	4.75584e-88	7.14962e-89	4.31281e-89	1.86601e-89	5.70064e-90	
L_capitatum	0	0	0	0	0	0	0	0	0	0	0	0	0	1	0	0	0	0	0	0	0	0	0	0	0	0	0	0	0	0	0	0	0	0	0	0	0	0	0	0	0	0	0	0	0	0	
N20	1.9988e-31	2.29622e-28	4.59163e-25	1.20089e-21	1.70074e-19	1.59724e-14	3.93956e-10	2.67202e-13	2.46726e-18	3.20872e-19	1.95608e-14	2.77056e-09	0.000129123	0.983136	0.0167347	6.77901e-07	6.11204e-12	1.90092e-17	2.46677e-23	5.87174e-28	9.08711e-32	3.55737e-33	3.25027e-37	5.54841e-39	3.10938e-43	2.55659e-45	6.81889e-50	3.08528e-52	9.81508e-59	3.14011e-63	5.47343e-70	1.05295e-74	9.7097e-82	1.40228e-86	6.92983e-94	7.74589e-99	2.01977e-106	1.76193e-111	1.02943e-118	1.13231e-122	3.58604e-129	4.24269e-133	2.38253e-136	4.6037e-139	5.08664e-142	3.29194e-145	
L_gyaricum	0	0	0	0	0	0	0	0	0	0	0	0	0	0	1	0	0	0	0	0	0	0	0	0	0	0	0	0	0	0	0	0	0	0	0	0	0	0	0	0	0	0	0	0	0	0	
L_tauricum	0	0	0	0	0	0	0	0	0	0	0	0	0	1	0	0	0	0	0	0	0	0	0	0	0	0	0	0	0	0	0	0	0	0	0	0	0	0	0	0	0	0	0	0	0	0	
L_flavum	0	0	0	0	0	0	0	0	0	0	0	0	0	1	0	0	0	0	0	0	0	0	0	0	0	0	0	0	0	0	0	0	0	0	0	0	0	0	0	0	0	0	0	0	0	0	
L_nodiflorum	0	0	0	0	0	0	0	0	0	0	0	0	1	0	0	0	0	0	0	0	0	0	0	0	0	0	0	0	0	0	0	0	0	0	0	0	0	0	0	0	0	0	0	0	0	0	
N21	1.96761e-12	1.06332e-09	9.60456e-08	2.88652e-05	0.00274481	0.000577157	0.0023986	0.0552941	0.340265	0.559539	0.0381141	0.00102188	1.58573e-05	2.62058e-07	5.74453e-10	1.33376e-12	8.42244e-16	8.37236e-19	2.31095e-22	4.52033e-25	1.11768e-28	2.40818e-31	4.5202e-35	7.48886e-38	1.10629e-41	1.7644e-44	4.01145e-48	6.80012e-51	4.71719e-55	1.93101e-58	1.15635e-62	7.45765e-66	2.79051e-70	5.5032e-74	1.55256e-78	6.31253e-82	1.17753e-86	1.88813e-90	6.88471e-95	5.54188e-98	8.22353e-103	1.23087e-106	5.19524e-111	3.67237e-114	3.40742e-118	2.66297e-121	
N22	7.55333e-16	2.74077e-12	3.49043e-10	4.94112e-07	9.6283e-05	1.22309e-06	6.29059e-06	0.00243317	0.222811	0.768833	0.00581102	8.10562e-06	3.92e-09	2.75035e-12	7.4868e-16	1.87851e-18	2.27031e-22	2.80533e-25	1.6378e-29	9.8764e-33	2.85658e-37	6.56474e-41	1.1358e-45	1.55263e-49	1.75575e-54	1.6762e-58	1.16755e-62	2.68284e-64	2.71862e-67	4.34235e-69	1.84005e-71	1.26993e-72	1.01008e-75	1.17211e-77	3.76933e-80	2.1418e-81	1.40106e-84	1.11933e-86	2.43658e-89	1.12641e-90	6.13359e-94	3.20662e-96	3.43832e-99	1.21061e-100	7.69335e-104	1.64419e-105	
N23	5.11059e-23	1.15677e-17	3.49882e-15	3.07853e-10	8.67934e-08	2.72228e-11	5.00125e-10	2.59199e-05	0.31458	0.685349	4.53039e-05	5.01104e-10	1.79979e-15	4.77948e-21	2.88067e-26	5.36018e-30	2.05986e-35	1.3625e-39	9.935e-46	1.54146e-50	6.71357e-58	8.2686e-47	8.64134e-34	9.75766e-34	5.52833e-35	5.58228e-35	2.61078e-36	4.87113e-36	2.49172e-37	1.76229e-36	1.584e-36	4.27398e-35	2.76284e-36	1.99687e-35	1.80269e-35	4.49647e-34	2.77688e-35	9.99661e-35	7.62203e-35	1.80911e-33	1.07283e-34	1.16624e-34	1.30499e-35	2.3021e-34	1.38863e-35	7.83715e-35	
L_corymbulosum	0	0	0	0	0	0	0	0	1	0	0	0	0	0	0	0	0	0	0	0	0	0	0	0	0	0	0	0	0	0	0	0	0	0	0	0	0	0	0	0	0	0	0	0	0	0	
L_trigynum	0	0	0	0	0	0	0	0	0	1	0	0	0	0	0	0	0	0	0	0	0	0	0	0	0	0	0	0	0	0	0	0	0	0	0	0	0	0	0	0	0	0	0	0	0	0	
L_tenue1	0	0	0	0	0	0	0	0	0	1	0	0	0	0	0	0	0	0	0	0	0	0	0	0	0	0	0	0	0	0	0	0	0	0	0	0	0	0	0	0	0	0	0	0	0	0	
L_maritimum	0	0	0	0	0	0	0	0	0	1	0	0	0	0	0	0	0	0	0	0	0	0	0	0	0	0	0	0	0	0	0	0	0	0	0	0	0	0	0	0	0	0	0	0	0	0	
L_catharticum	0	0	0	0	0	0	0	1	0	0	0	0	0	0	0	0	0	0	0	0	0	0	0	0	0	0	0	0	0	0	0	0	0	0	0	0	0	0	0	0	0	0	0	0	0	0	
N24	1.1556e-08	9.67493e-07	2.45699e-05	0.00064568	0.000579913	0.00632274	0.118365	0.610544	0.247409	0.0158297	0.000275801	2.65135e-06	1.50498e-08	4.2045e-10	2.17361e-12	5.47566e-14	1.38889e-16	1.56801e-18	2.00617e-21	1.05722e-23	7.31138e-27	1.97386e-29	8.22571e-33	1.81002e-35	4.7485e-39	8.22077e-42	3.95325e-45	2.07543e-47	3.57281e-51	5.15814e-54	2.10497e-57	7.7205e-60	8.59384e-64	6.62549e-67	1.79777e-70	1.03554e-72	3.22753e-76	6.67377e-79	3.23281e-82	2.03033e-84	3.84923e-88	4.0282e-91	8.36635e-95	2.86698e-97	7.07729e-101	3.13824e-103	
N25	4.27553e-13	5.94971e-10	5.76551e-08	1.33284e-05	4.92766e-06	0.000440871	0.0927443	0.779943	0.126108	0.000713627	3.07023e-05	1.11639e-06	2.04337e-08	2.35477e-09	2.54348e-11	1.26995e-12	3.38568e-15	5.48991e-17	2.80997e-20	7.88922e-23	1.21498e-26	1.00475e-29	6.54011e-34	2.83808e-37	9.22826e-42	9.2876e-38	1.68926e-37	5.91232e-37	1.0421e-37	8.56478e-39	2.22419e-40	5.35695e-40	1.18954e-41	8.06648e-43	7.54551e-45	1.3113e-45	2.92967e-48	6.14925e-50	2.87857e-52	3.76331e-53	6.68914e-56	1.06806e-57	2.9313e-60	2.95482e-61	7.67114e-64	7.84118e-65	
N26	1.12568e-14	4.40766e-11	8.92686e-09	3.99804e-06	5.93736e-06	0.000258756	0.0662189	0.757012	0.176206	0.000293708	1.09561e-06	4.40866e-09	7.95589e-11	7.70601e-11	5.19002e-12	5.82148e-13	3.05477e-15	1.34223e-17	4.48817e-21	2.05646e-24	1.20936e-28	1.26451e-30	4.30623e-35	3.81384e-37	6.03768e-42	2.89446e-44	9.44792e-49	4.61481e-51	2.41855e-56	3.73063e-59	1.85665e-64	2.89859e-67	5.17757e-73	6.4048e-77	9.30425e-83	3.56247e-86	5.40628e-92	6.15311e-96	1.51781e-101	9.12196e-105	1.66037e-110	1.77447e-114	3.17914e-119	1.09338e-121	8.274e-126	2.51065e-128	
N27	5.85294e-18	8.71294e-14	3.62718e-11	1.15662e-07	3.22479e-07	1.43153e-05	0.020897	0.596406	0.382139	0.000528634	6.27255e-07	6.50489e-08	3.11021e-08	4.50314e-06	8.95e-07	7.76596e-06	1.15756e-07	2.47162e-08	3.13232e-12	3.95495e-15	8.56274e-20	4.23515e-23	7.66503e-28	2.99714e-30	1.55535e-35	5.41698e-38	7.17064e-38	1.07231e-36	9.44396e-39	3.55693e-40	1.11532e-41	1.40618e-40	1.06089e-43	1.12809e-45	8.98543e-49	2.04058e-49	4.80773e-53	3.20639e-55	1.00227e-58	1.42193e-59	2.1818e-63	1.1233e-65	3.01524e-69	4.02786e-70	2.04701e-72	4.33124e-73	
N28	2.5138e-19	1.67566e-15	5.09969e-13	2.42504e-09	2.70954e-08	6.39896e-08	8.40602e-05	0.016218	0.149605	0.000188518	6.26283e-08	1.63447e-10	8.08185e-11	3.12259e-07	1.0248e-05	0.00956693	0.0391386	0.782994	0.00216928	2.45651e-05	6.30891e-09	1.75154e-11	2.40704e-15	3.67703e-17	2.33585e-21	1.56215e-23	6.99028e-27	6.86894e-29	1.40609e-33	8.4956e-37	1.15362e-40	5.51648e-43	5.73655e-48	1.02159e-51	2.37992e-56	1.78097e-58	5.26932e-63	2.7646e-66	8.16979e-71	4.22676e-73	4.97744e-78	1.1707e-81	1.42731e-86	4.26826e-89	1.42455e-92	6.4231e-95	
C_selaginoides	0	0	0	0	0	0	0	0	0	0	0	0	0	0	0	0	0	1	0	0	0	0	0	0	0	0	0	0	0	0	0	0	0	0	0	0	0	0	0	0	0	0	0	0	0	0	
N29	4.07639e-23	5.25592e-19	1.45788e-16	1.21941e-12	1.05963e-11	1.26141e-11	5.08673e-08	7.21931e-05	0.00706932	4.42282e-06	6.64985e-10	6.7161e-14	1.05587e-14	9.2303e-11	8.19809e-08	0.000186972	0.0115064	0.979294	0.00186499	1.42781e-06	1.84789e-10	9.60302e-14	3.25236e-18	2.6866e-21	6.27661e-26	7.51028e-28	1.30169e-28	6.87189e-28	1.70093e-29	3.74321e-29	3.19576e-30	5.01922e-30	2.89527e-32	6.06114e-33	3.42027e-35	5.99094e-36	4.82633e-40	3.14215e-43	6.09123e-48	3.66997e-51	3.25776e-56	4.56806e-60	2.50769e-65	1.85079e-68	6.87255e-72	1.39462e-74	
L_littorale	0	0	0	0	0	0	0	0	0	0	0	0	0	0	0	0	0	0	0	0	0	0	0	0	0	0	0	0	0	0	0	0	0	0	0	1	0	0	0	0	0	0	0	0	0	0	
N30	4.57836e-28	1.74568e-23	6.23706e-21	1.60668e-16	2.08219e-15	1.93837e-15	3.35934e-11	2.47048e-07	0.000244299	6.42557e-08	3.49596e-12	7.59828e-17	1.20949e-18	3.24185e-14	3.83245e-10	2.64583e-06	0.0030846	0.995536	0.00113239	1.73813e-07	7.52176e-12	3.10718e-16	3.15666e-21	4.39466e-25	1.97946e-30	7.89601e-34	5.37548e-38	1.58561e-40	5.4127e-45	5.30207e-47	7.61239e-49	1.67921e-48	6.47978e-48	1.26484e-46	3.67901e-48	3.24665e-49	3.81854e-52	4.41568e-55	2.03083e-58	5.73954e-61	1.65084e-64	1.39283e-65	4.54691e-67	1.01543e-67	2.26191e-68	3.44825e-69	
N31	5.56036e-31	2.21009e-26	1.48267e-23	3.88586e-19	1.01476e-17	3.7563e-17	8.38156e-13	9.12039e-09	1.94259e-05	4.14769e-09	2.00748e-13	3.96703e-18	2.86764e-20	1.03042e-15	2.80885e-11	3.713e-07	0.00150926	0.997756	0.000714512	7.91443e-08	2.84419e-12	5.14822e-17	4.33934e-22	2.73947e-26	1.10596e-31	1.65609e-34	4.84322e-35	2.7917e-33	1.14653e-33	3.43043e-32	9.11607e-33	1.3208e-31	1.26801e-32	8.30189e-32	2.19845e-33	3.63095e-33	8.68174e-38	5.92509e-41	3.37559e-46	6.41881e-50	1.50877e-55	1.52987e-59	1.85285e-65	5.18647e-69	2.16315e-71	8.1413e-74	
L_macraei	0	0	0	0	0	0	0	0	0	0	0	0	0	0	0	0	0	0	0	0	0	0	0	0	0	0	0	0	0	0	0	0	0	0	0	1	0	0	0	0	0	0	0	0	0	0	
L_prostratum	0	0	0	0	0	0	0	0	0	0	0	0	0	0	0	0	0	1	0	0	0	0	0	0	0	0	0	0	0	0	0	0	0	0	0	0	0	0	0	0	0	0	0	0	0	0	
L_oligophyllum	0	0	0	0	0	0	0	0	0	0	0	0	0	0	0	0	0	1	0	0	0	0	0	0	0	0	0	0	0	0	0	0	0	0	0	0	0	0	0	0	0	0	0	0	0	0	
N32	6.90483e-18	4.23237e-14	4.13262e-11	1.74018e-08	1.62828e-07	4.59493e-05	0.0433857	0.614233	0.336601	0.00559486	0.000102401	7.75726e-06	2.63487e-06	1.90657e-05	5.46195e-06	1.41668e-06	5.32524e-09	7.86895e-11	9.50687e-15	6.78781e-19	1.46068e-23	2.18608e-27	1.71141e-32	5.88662e-36	3.38082e-41	1.02028e-43	1.48285e-47	3.21655e-48	6.08708e-50	7.17614e-50	1.29463e-50	6.59111e-50	1.03803e-52	2.11288e-53	8.71819e-56	4.22118e-56	3.92784e-59	6.98096e-60	1.17216e-62	5.63186e-64	2.12825e-67	2.7667e-69	8.50129e-73	1.29107e-73	1.78162e-74	1.12214e-74	
N33	1.29863e-17	6.46948e-14	5.64617e-11	1.18007e-08	2.26279e-07	0.000205863	0.0395239	0.370961	0.252717	0.0162223	0.0005039	0.000339853	0.000666736	0.0591881	0.0316961	0.225308	0.00173324	0.000933556	2.71534e-07	1.64609e-09	1.16196e-13	1.85215e-16	4.98887e-21	4.20476e-24	5.52084e-29	7.89941e-32	2.14929e-35	4.30223e-37	3.77963e-42	1.37347e-44	2.82358e-48	2.8312e-50	1.30449e-55	5.64569e-59	5.01315e-63	3.05344e-65	8.7727e-71	8.67412e-75	4.06552e-80	1.21651e-82	2.0867e-88	1.38502e-92	2.85811e-98	5.2718e-101	2.96605e-106	8.48585e-109	
L_kingii	0	0	0	0	0	0	0	0	0	0	0	0	1	0	0	0	0	0	0	0	0	0	0	0	0	0	0	0	0	0	0	0	0	0	0	0	0	0	0	0	0	0	0	0	0	0	
N34	1.01687e-17	5.38762e-14	2.95366e-11	4.0549e-08	2.61156e-07	1.52825e-05	0.00857403	0.109446	0.0873474	0.000847279	0.000155418	2.63649e-05	4.09241e-05	0.00899748	0.0962148	0.513305	0.0731366	0.101697	0.00019079	5.78347e-06	1.97211e-09	1.26074e-11	1.67642e-15	3.52836e-18	2.45922e-22	3.6273e-25	5.7815e-29	3.03012e-31	1.0776e-35	6.85704e-39	4.19364e-43	1.18647e-45	2.01426e-50	5.46227e-54	3.02536e-58	8.27042e-61	6.93706e-66	1.2091e-69	4.78398e-74	9.27923e-77	5.18602e-82	5.10027e-86	8.51419e-91	1.09287e-93	6.17592e-99	3.34767e-102	
L_rupestre	0	0	0	0	0	0	0	0	0	0	0	0	0	0	0	0	0	1	0	0	0	0	0	0	0	0	0	0	0	0	0	0	0	0	0	0	0	0	0	0	0	0	0	0	0	0	
L_vernale	0	0	0	0	0	0	0	0	0	0	0	0	0	0	1	0	0	0	0	0	0	0	0	0	0	0	0	0	0	0	0	0	0	0	0	0	0	0	0	0	0	0	0	0	0	0	
L_striatum	0	0	0	0	0	0	0	0	1	0	0	0	0	0	0	0	0	0	0	0	0	0	0	0	0	0	0	0	0	0	0	0	0	0	0	0	0	0	0	0	0	0	0	0	0	0	
N35	9.50022e-13	5.64356e-10	9.15901e-08	9.22694e-06	0.000327899	0.00656357	0.141658	0.670372	0.180327	0.000741095	8.36983e-07	7.47393e-10	2.00762e-11	1.05539e-10	1.9126e-11	4.22511e-11	8.28535e-13	2.08734e-13	2.52961e-16	1.54213e-18	4.14639e-22	1.05795e-24	1.23851e-28	3.00528e-31	2.49869e-35	1.65894e-37	1.24011e-40	1.80714e-42	1.04452e-46	3.33979e-49	1.2418e-52	9.9447e-55	3.04593e-59	1.50129e-62	1.52932e-66	7.65848e-69	1.53373e-73	4.06205e-77	8.90428e-82	2.17187e-84	2.47968e-89	4.78073e-93	6.47677e-98	1.37665e-100	1.23842e-104	4.66324e-107	
He_micranthum	0	0	0	0	0	0	0	0	0	0	0	0	0	0	0	0	0	1	0	0	0	0	0	0	0	0	0	0	0	0	0	0	0	0	0	0	0	0	0	0	0	0	0	0	0	0	
S_digynum	0	0	0	0	0	1	0	0	0	0	0	0	0	0	0	0	0	0	0	0	0	0	0	0	0	0	0	0	0	0	0	0	0	0	0	0	0	0	0	0	0	0	0	0	0	0	
N36	4.90038e-22	8.02959e-18	4.03069e-15	6.3541e-12	1.5309e-12	1.42393e-08	5.34016e-05	5.56566e-05	3.84464e-08	9.00474e-12	2.93616e-10	8.421e-08	1.62797e-05	0.018089	0.954251	0.027518	1.67744e-05	2.82913e-08	2.33796e-12	4.67005e-16	9.73245e-21	6.76327e-25	5.0593e-29	5.11535e-29	1.50677e-31	6.14893e-33	7.26667e-35	1.0827e-35	3.69504e-38	2.11627e-39	2.58767e-41	2.60507e-42	6.36797e-45	1.32771e-46	8.13875e-49	5.88303e-50	1.09654e-52	1.20909e-54	2.44596e-57	1.04161e-58	1.25922e-61	1.12153e-63	1.51318e-66	6.08484e-68	2.51205e-70	1.8602e-71	
N37	2.89567e-26	1.7053e-21	3.61849e-18	1.17771e-14	5.39348e-15	1.94487e-10	2.26131e-06	1.81257e-06	2.06503e-10	1.1333e-14	1.11364e-12	2.24375e-09	3.14999e-06	0.00971485	0.979596	0.0106804	1.82897e-06	3.11901e-10	6.05505e-15	1.37818e-19	6.53498e-25	2.76857e-27	1.04482e-32	6.96062e-35	1.29131e-39	1.58364e-38	4.03598e-39	1.76486e-37	9.14898e-41	9.92926e-41	2.75461e-44	1.74284e-44	2.55366e-48	1.3643e-49	1.81814e-53	2.66138e-54	3.01184e-58	5.94287e-60	5.32429e-64	2.50725e-65	1.88035e-69	2.29033e-71	2.83159e-74	3.6623e-74	1.25171e-75	1.5784e-75	
N38	3.51788e-28	1.21149e-23	3.98738e-20	1.63097e-16	1.15873e-15	2.06704e-11	1.20188e-07	8.37229e-08	9.95028e-12	6.6568e-16	1.86582e-14	2.64762e-10	2.25598e-06	0.00617056	0.988591	0.00523441	1.22144e-06	7.14537e-11	1.63224e-15	2.47909e-20	1.94621e-25	1.28779e-27	1.8397e-31	3.98147e-33	4.25702e-37	6.18792e-39	5.73517e-43	4.77611e-45	6.40141e-50	3.29077e-52	6.13386e-58	4.07649e-61	4.97199e-67	3.46424e-71	2.53019e-77	1.248e-81	6.07147e-88	2.06187e-92	6.53651e-99	2.52085e-103	5.53237e-110	1.67402e-114	3.42625e-118	1.11308e-120	2.53278e-123	3.99731e-126	
N39	6.77086e-31	4.81648e-26	1.20081e-22	9.73711e-19	6.89474e-19	1.34839e-14	9.36013e-11	4.88604e-11	4.66494e-15	3.66141e-19	4.93124e-16	2.02783e-11	3.45185e-07	0.00168948	0.997179	0.00113088	1.55743e-07	6.19021e-12	1.01644e-16	8.43573e-22	4.18102e-27	1.15032e-30	1.0305e-34	2.70849e-37	1.55028e-41	2.10188e-44	7.85525e-49	5.51698e-52	9.53966e-57	3.68964e-60	6.10772e-66	1.6256e-70	1.54145e-76	2.06143e-81	1.1123e-87	1.10757e-92	3.6493e-99	2.8321e-104	5.98436e-111	3.65891e-116	5.20134e-123	4.94634e-128	5.72501e-132	1.0176e-135	1.28649e-139	1.10285e-143	
L_acuticarpum	0	0	0	0	0	0	0	0	0	0	0	0	0	0	1	0	0	0	0	0	0	0	0	0	0	0	0	0	0	0	0	0	0	0	0	0	0	0	0	0	0	0	0	0	0	0	
L_gracile	0	0	0	0	0	0	0	0	0	0	0	0	0	0	1	0	0	0	0	0	0	0	0	0	0	0	0	0	0	0	0	0	0	0	0	0	0	0	0	0	0	0	0	0	0	0	
L_heterostylum	0	0	0	0	0	0	0	0	0	0	0	0	0	0	1	0	0	0	0	0	0	0	0	0	0	0	0	0	0	0	0	0	0	0	0	0	0	0	0	0	0	0	0	0	0	0	
L_africanum	0	0	0	0	0	0	0	0	0	0	0	0	0	0	1	0	0	0	0	0	0	0	0	0	0	0	0	0	0	0	0	0	0	0	0	0	0	0	0	0	0	0	0	0	0	0	
L_comptonii	0	0	0	0	0	0	0	0	0	0	0	0	0	0	1	0	0	0	0	0	0	0	0	0	0	0	0	0	0	0	0	0	0	0	0	0	0	0	0	0	0	0	0	0	0	0	
Ra_linoides	0	0	0	0	0	0	0	0	1	0	0	0	0	0	0	0	0	0	0	0	0	0	0	0	0	0	0	0	0	0	0	0	0	0	0	0	0	0	0	0	0	0	0	0	0	0	
N40	2.55456e-05	0.000398442	0.00367772	0.0185053	0.038297	0.126578	0.32456	0.357136	0.115936	0.014225	0.000630231	3.05147e-05	5.29377e-07	2.67321e-08	2.34302e-10	6.33446e-12	2.64756e-14	3.3693e-16	7.61305e-19	5.5717e-21	6.96976e-24	2.91028e-26	2.74908e-29	1.61394e-31	9.21242e-35	2.73775e-37	2.41965e-40	1.61292e-42	5.69976e-46	1.07081e-48	6.03815e-52	2.63323e-54	5.94019e-58	6.52736e-61	2.03767e-64	5.71671e-67	8.57776e-71	6.23437e-74	1.20077e-77	2.39635e-80	2.42139e-84	1.20949e-87	1.42074e-91	2.11638e-94	5.53517e-98	1.43257e-100	
N41	1.15758e-05	0.000209037	0.00222616	0.0131268	0.0285176	0.102754	0.306788	0.387243	0.138913	0.0191486	0.000966068	9.33882e-05	1.87083e-06	4.57941e-07	4.4922e-09	6.33827e-10	2.96456e-12	1.7845e-13	4.56383e-16	1.41352e-17	2.05285e-20	3.06573e-22	3.56331e-25	9.82245e-27	5.78801e-30	4.70607e-32	7.87701e-35	3.47199e-36	1.12728e-39	5.21895e-42	5.89959e-45	1.76849e-46	3.70517e-50	9.65163e-53	5.47004e-56	1.08487e-57	1.56501e-61	2.68468e-64	8.79214e-68	1.23776e-69	1.26952e-73	1.50276e-76	2.70795e-80	2.68741e-82	5.34168e-86	6.48573e-88	
N42	6.26915e-07	2.42134e-05	0.000431252	0.00418915	0.00892423	0.0542473	0.27797	0.460731	0.166825	0.0244835	0.00192482	0.000230606	1.42491e-05	3.56943e-06	1.07606e-07	1.14294e-08	1.181e-10	4.30077e-12	1.84941e-14	2.93816e-16	5.85025e-19	4.37515e-21	5.58711e-24	5.07232e-26	3.5145e-29	1.45307e-31	1.59269e-34	1.63673e-36	5.81655e-40	1.34461e-42	8.64776e-46	5.39061e-48	1.10832e-51	1.34162e-54	4.27546e-58	1.60588e-60	2.07224e-64	1.54161e-67	2.76908e-71	6.91341e-74	5.83345e-78	2.86196e-81	2.96126e-85	5.18495e-88	9.74795e-92	2.61996e-94	
N43	8.69749e-08	3.54201e-06	6.61384e-05	0.00117012	0.00205875	0.0127883	0.14915	0.539085	0.267164	0.0249639	0.0021204	0.00094281	0.000256536	0.000202431	2.14801e-05	6.14697e-06	1.76079e-07	1.28678e-08	1.17601e-10	3.14801e-12	1.20384e-14	1.54261e-16	3.55875e-19	4.46632e-21	5.75491e-24	3.95324e-26	7.46274e-29	1.10417e-30	7.35166e-34	2.8473e-36	3.19577e-39	2.9772e-41	1.17419e-44	2.39417e-47	1.31743e-50	7.50356e-53	1.8828e-56	2.48331e-59	8.25609e-63	3.2601e-65	5.54913e-69	5.12357e-72	1.12025e-75	3.33895e-78	1.32102e-81	6.18947e-84	
N44	9.30246e-15	1.48431e-11	5.82951e-10	6.67965e-07	9.9288e-07	2.324e-07	0.000129092	0.0277712	0.965559	0.00652961	9.27408e-06	9.52676e-09	7.99653e-12	7.11912e-15	2.75412e-18	8.63642e-22	1.15216e-25	1.24603e-29	6.54599e-34	3.50716e-38	8.65728e-43	3.6539e-47	6.59391e-52	4.5278e-56	8.53243e-61	1.70438e-55	2.5247e-54	1.04387e-54	7.29552e-54	2.42519e-55	1.88825e-57	4.01345e-58	8.11167e-58	1.14587e-57	4.97427e-60	6.64208e-62	2.22106e-64	2.0133e-66	5.60138e-69	5.92907e-71	1.27146e-73	9.52458e-76	2.44785e-78	5.18329e-80	1.17359e-81	4.18893e-83	
N45	3.51119e-20	9.12015e-16	1.40756e-13	1.85465e-09	1.84251e-09	1.67589e-10	1.50218e-06	0.00407971	0.995116	0.000802279	7.6818e-08	2.56462e-12	4.73795e-17	5.3022e-20	7.26715e-25	1.41573e-27	8.76968e-32	6.81967e-30	4.80701e-33	4.56066e-34	2.37451e-37	9.76305e-39	4.00474e-42	1.39286e-43	4.84028e-47	1.60955e-48	2.17649e-51	1.31544e-51	2.8508e-55	1.54424e-56	1.17812e-58	7.13635e-59	1.24804e-62	2.62091e-64	1.26907e-66	6.37238e-67	9.31409e-71	7.01066e-73	5.16192e-76	2.02444e-76	2.46132e-80	1.50788e-82	5.14769e-86	1.58966e-86	2.41699e-90	3.96671e-91	
N46	3.60637e-24	4.63715e-19	3.01925e-16	1.63335e-11	1.0624e-11	1.54164e-12	8.28493e-08	0.00118529	0.998603	0.00021117	4.26965e-09	2.25163e-14	7.65882e-20	4.83019e-22	1.00194e-26	5.93901e-29	1.5819e-34	4.13613e-37	5.54739e-43	1.0426e-43	1.00382e-45	3.71138e-46	1.5328e-50	7.67611e-53	2.09707e-57	1.27345e-59	1.55274e-62	8.57887e-63	1.69286e-67	9.73056e-69	1.97016e-71	7.20796e-72	9.5757e-77	2.23838e-49	5.97183e-47	1.3138e-43	2.36602e-43	3.68455e-43	1.35504e-44	1.99891e-41	1.62095e-41	5.35008e-40	7.72943e-42	1.14135e-39	2.13246e-41	3.96787e-39	
N47	9.36972e-25	3.89134e-20	2.66043e-17	3.2296e-13	8.99307e-13	5.98242e-12	1.34246e-07	0.00108465	0.998397	0.000518201	3.38689e-08	6.54453e-13	6.44862e-18	5.257e-20	1.39381e-23	2.18767e-25	1.64782e-29	1.24472e-31	2.70529e-37	2.5822e-41	2.68652e-47	1.4287e-51	7.67449e-58	2.85131e-62	8.54427e-69	2.91007e-73	1.47864e-78	3.76099e-81	1.09371e-87	8.27396e-91	1.03278e-95	1.18834e-98	1.80157e-105	9.46519e-81	6.55265e-80	4.4711e-79	3.48072e-80	2.70878e-82	2.99817e-86	8.12988e-86	1.97671e-87	1.09609e-87	7.5213e-92	1.99626e-92	1.17815e-95	5.75751e-96	
N48	2.59438e-27	2.75596e-22	2.77336e-19	2.32458e-14	7.70431e-13	1.31034e-12	4.59067e-08	0.000607241	0.99901	0.00038251	1.83878e-08	2.61668e-13	1.73938e-18	1.62887e-21	1.71248e-25	5.41549e-28	2.41092e-32	3.25461e-35	5.43255e-41	1.80263e-45	1.37162e-51	2.57973e-56	9.92388e-63	4.58197e-67	3.64824e-71	1.24501e-70	2.25521e-70	8.34679e-70	2.81519e-70	4.82327e-71	1.79132e-73	3.36038e-73	4.19041e-74	7.2937e-73	2.07897e-75	2.65031e-76	2.12865e-80	5.32333e-83	5.22918e-87	3.17522e-88	1.55644e-92	2.95931e-95	1.66107e-99	8.21505e-101	2.17262e-104	1.74149e-105	
N49	3.36864e-30	1.23376e-24	1.79946e-21	5.18935e-16	2.53479e-14	2.77157e-14	3.53766e-09	0.000169771	0.999722	0.000107973	1.44715e-09	5.7225e-15	1.04156e-20	5.88416e-24	2.31765e-28	4.16041e-31	5.47531e-36	3.60467e-39	1.31313e-45	2.06705e-47	4.46093e-48	1.13672e-47	5.77942e-52	1.59635e-54	5.02894e-59	1.19969e-61	2.65253e-65	4.15311e-66	1.18224e-70	5.45972e-72	4.41053e-75	2.16445e-76	1.39417e-81	1.06349e-37	1.03853e-37	7.77758e-36	1.49192e-37	1.52247e-37	4.58129e-39	2.22312e-37	3.53218e-39	3.57763e-39	7.70211e-41	3.69482e-39	4.89872e-40	4.57695e-38	
N50	2.29711e-33	3.74842e-27	9.99826e-24	1.17105e-17	8.92192e-16	5.95551e-16	2.70014e-10	4.66201e-05	0.999922	3.09284e-05	1.19315e-10	1.3664e-16	7.00486e-23	2.12667e-26	3.2982e-31	3.06193e-34	1.55082e-39	4.07941e-43	1.88512e-50	2.28648e-56	1.05654e-64	2.48888e-37	2.78913e-39	2.77678e-39	2.42464e-41	2.68058e-41	2.86233e-42	4.2949e-40	6.42017e-42	4.20119e-40	4.17403e-40	5.25518e-38	8.68373e-40	3.80647e-38	3.75878e-38	3.843e-36	5.40686e-38	5.47584e-38	1.08596e-39	6.82265e-38	7.58769e-40	7.65326e-40	1.11885e-41	7.69571e-40	1.1966e-40	1.60236e-38	
L_alpinum	0	0	0	0	0	0	0	0	1	0	0	0	0	0	0	0	0	0	0	0	0	0	0	0	0	0	0	0	0	0	0	0	0	0	0	0	0	0	0	0	0	0	0	0	0	0	
L_punctatum1	0	0	0	0	0	0	0	0	1	0	0	0	0	0	0	0	0	0	0	0	0	0	0	0	0	0	0	0	0	0	0	0	0	0	0	0	0	0	0	0	0	0	0	0	0	0	
L_perenne	0	0	0	0	0	0	0	0	1	0	0	0	0	0	0	0	0	0	0	0	0	0	0	0	0	0	0	0	0	0	0	0	0	0	0	0	0	0	0	0	0	0	0	0	0	0	
L_lewisii	0	0	0	0	0	0	0	0	1	0	0	0	0	0	0	0	0	0	0	0	0	0	0	0	0	0	0	0	0	0	0	0	0	0	0	0	0	0	0	0	0	0	0	0	0	0	
L_leonii	0	0	0	0	0	0	0	0	1	0	0	0	0	0	0	0	0	0	0	0	0	0	0	0	0	0	0	0	0	0	0	0	0	0	0	0	0	0	0	0	0	0	0	0	0	0	
N51	9.44536e-24	1.43744e-19	5.83285e-17	5.24724e-13	1.27543e-11	7.64132e-11	6.79603e-07	0.00232069	0.996236	0.00144271	2.65691e-07	1.45588e-11	3.78834e-16	1.55344e-18	6.64418e-22	8.41123e-24	1.58803e-27	8.7058e-30	6.26803e-35	8.16848e-39	2.69133e-44	2.27755e-48	3.99616e-54	2.46647e-58	2.53612e-64	1.33829e-68	7.68571e-74	1.72064e-76	1.84875e-82	1.489e-85	3.56115e-90	4.21088e-93	2.96704e-99	9.67675e-103	1.39392e-107	8.2461e-111	3.02953e-117	3.16946e-122	1.15671e-128	2.39029e-132	3.97203e-139	2.42987e-144	3.98996e-151	5.53529e-155	4.47461e-161	8.51397e-165	
L_austr_mauritanicum	0	0	0	0	0	0	0	0	1	0	0	0	0	0	0	0	0	0	0	0	0	0	0	0	0	0	0	0	0	0	0	0	0	0	0	0	0	0	0	0	0	0	0	0	0	0	
L_austriacum	0	0	0	0	0	0	0	0	1	0	0	0	0	0	0	0	0	0	0	0	0	0	0	0	0	0	0	0	0	0	0	0	0	0	0	0	0	0	0	0	0	0	0	0	0	0	
L_pallescens	0	0	0	0	0	0	0	0	1	0	0	0	0	0	0	0	0	0	0	0	0	0	0	0	0	0	0	0	0	0	0	0	0	0	0	0	0	0	0	0	0	0	0	0	0	0	
L_pycnophyllum	0	0	0	0	0	0	0	0	1	0	0	0	0	0	0	0	0	0	0	0	0	0	0	0	0	0	0	0	0	0	0	0	0	0	0	0	0	0	0	0	0	0	0	0	0	0	
N52	9.58401e-14	6.68661e-11	4.39538e-09	1.02224e-06	8.57519e-07	1.05743e-05	0.00260959	0.0300874	0.0139029	8.55921e-05	1.92683e-05	7.03718e-06	2.18156e-05	0.00337111	0.123508	0.509334	0.230015	0.0865782	0.000444975	2.21061e-06	2.07018e-09	3.15579e-12	1.13729e-15	9.8297e-19	1.81083e-22	1.09082e-25	2.12624e-29	1.96264e-32	2.05418e-36	8.58145e-40	1.17547e-43	6.47432e-47	3.79033e-51	7.56927e-55	5.11401e-59	1.56858e-62	5.40125e-67	5.94015e-71	2.06287e-75	3.82797e-79	7.91668e-84	5.57125e-88	1.14845e-92	1.55047e-96	6.06723e-101	1.36946e-104	
L_aroanium1	0	0	0	0	0	0	0	0	0	0	0	0	0	0	0	0	0	1	0	0	0	0	0	0	0	0	0	0	0	0	0	0	0	0	0	0	0	0	0	0	0	0	0	0	0	0	
L_nervosum	0	0	0	0	0	0	0	0	0	0	0	0	0	0	1	0	0	0	0	0	0	0	0	0	0	0	0	0	0	0	0	0	0	0	0	0	0	0	0	0	0	0	0	0	0	0	
N53	6.5947e-09	7.96727e-07	3.78625e-05	0.000529692	0.00232693	0.0364936	0.272112	0.478406	0.141027	0.0490462	0.0161309	0.00350602	0.000294627	8.2425e-05	4.52569e-06	7.09008e-07	8.81857e-09	2.37071e-10	6.78738e-13	4.72843e-15	4.41872e-18	1.1834e-20	5.27048e-24	1.2406e-26	3.00255e-30	4.41639e-33	1.77741e-36	5.22635e-39	6.38893e-43	4.8015e-46	1.03013e-49	1.64556e-52	1.09638e-56	3.73542e-60	3.48379e-64	3.11634e-67	1.23015e-71	2.38926e-75	1.1125e-79	6.11114e-83	1.47664e-87	1.85674e-91	4.96276e-96	1.91587e-99	1.07984e-103	6.75104e-107	
N54	1.76193e-09	2.43936e-07	1.41154e-05	0.000225414	0.00177133	0.0299274	0.229932	0.378525	0.109509	0.0468941	0.0352626	0.0226564	0.00538513	0.0499605	0.00948946	0.074388	0.00290226	0.00312576	2.66695e-05	4.52237e-06	1.1066e-08	4.07858e-10	3.71129e-13	9.6138e-15	3.78124e-18	4.49533e-20	9.13701e-23	7.4932e-24	1.08381e-27	5.57439e-30	6.34773e-33	2.6999e-34	2.06606e-38	3.7322e-41	1.40459e-44	3.46077e-46	1.62138e-50	1.52657e-53	1.99588e-57	3.02453e-59	9.31271e-64	5.65189e-67	3.29248e-71	3.22401e-73	1.42339e-77	1.27646e-79	
N55	5.72881e-11	1.51877e-08	1.21739e-06	9.51183e-05	0.00226293	0.0113846	0.0605654	0.249245	0.123381	0.0499845	0.0660073	0.0587512	0.0269186	0.0267449	0.0309966	0.148138	0.0723686	0.0628628	0.00724032	0.00295673	9.04752e-05	5.60225e-06	2.52449e-08	6.84686e-10	1.20623e-12	1.72867e-14	4.36032e-17	7.00487e-19	4.09885e-22	1.27475e-24	7.928e-28	5.09242e-30	1.32033e-33	1.69278e-36	3.76803e-40	1.27972e-42	1.55049e-46	1.31284e-49	4.99615e-53	8.32432e-54	4.02025e-56	1.41521e-57	1.21472e-59	2.04305e-60	4.45497e-62	9.74401e-63	
N56	2.54348e-23	8.50245e-19	3.26578e-16	1.148e-12	2.39223e-14	1.75439e-10	1.12857e-06	1.44986e-06	5.10036e-10	8.08017e-14	5.12732e-12	1.14368e-08	1.03646e-05	0.00522418	0.99002	0.00473967	2.80462e-06	1.28059e-09	1.68766e-13	1.81403e-17	5.8997e-22	1.3724e-26	1.32724e-31	1.10049e-36	3.89853e-42	2.22009e-47	4.045e-53	3.27573e-58	4.36744e-64	4.36194e-69	1.04073e-74	1.21499e-79	1.08831e-85	4.87036e-91	3.42273e-97	7.81851e-103	1.34196e-109	5.96635e-116	1.73809e-123	2.32649e-31	9.43833e-32	1.55557e-31	5.89671e-32	1.11333e-31	5.04427e-32	1.71289e-31	
L_bienne	0	0	0	0	0	0	0	0	0	0	0	0	0	0	1	0	0	0	0	0	0	0	0	0	0	0	0	0	0	0	0	0	0	0	0	0	0	0	0	0	0	0	0	0	0	0	
L_usitatissimum	0	0	0	0	0	0	0	0	0	0	0	0	0	0	1	0	0	0	0	0	0	0	0	0	0	0	0	0	0	0	0	0	0	0	0	0	0	0	0	0	0	0	0	0	0	0	
L_hologynum	0	0	0	0	0	0	0	0	0	0	0	0	0	0	0	0	0	0	0	0	1	0	0	0	0	0	0	0	0	0	0	0	0	0	0	0	0	0	0	0	0	0	0	0	0	0	
L_narbonense	0	0	0	0	0	0	0	0	0	0	0	0	0	1	0	0	0	0	0	0	0	0	0	0	0	0	0	0	0	0	0	0	0	0	0	0	0	0	0	0	0	0	0	0	0	0	
N57	1.71219e-09	2.03385e-07	6.96019e-06	0.000384969	0.000538174	0.00335263	0.0837955	0.575646	0.31534	0.0203458	0.000579744	1.0005e-05	9.26506e-08	7.64577e-10	3.19545e-12	1.19174e-14	1.84737e-17	2.54321e-20	1.65995e-23	2.44958e-26	1.3278e-29	2.88024e-32	1.34891e-35	2.40486e-38	7.8378e-42	9.93186e-45	3.11864e-48	4.08173e-51	8.62759e-55	6.89114e-58	1.33706e-61	1.0715e-64	1.31288e-68	5.02479e-72	4.50726e-76	1.80822e-79	1.14589e-83	2.93675e-87	1.96998e-91	1.14388e-94	5.22236e-99	1.40358e-102	1.28045e-106	9.66663e-110	2.21332e-113	2.05603e-116	
L_decumbens1	0	0	0	0	0	0	0	0	1	0	0	0	0	0	0	0	0	0	0	0	0	0	0	0	0	0	0	0	0	0	0	0	0	0	0	0	0	0	0	0	0	0	0	0	0	0	
L_grandiflorum	0	0	0	0	0	0	0	1	0	0	0	0	0	0	0	0	0	0	0	0	0	0	0	0	0	0	0	0	0	0	0	0	0	0	0	0	0	0	0	0	0	0	0	0	0	0	
L_stelleroides	0	0	0	0	0	0	0	0	1	0	0	0	0	0	0	0	0	0	0	0	0	0	0	0	0	0	0	0	0	0	0	0	0	0	0	0	0	0	0	0	0	0	0	0	0	0	
N58	2.60318e-07	1.18243e-05	0.000172762	0.0031383	0.00138969	0.0170766	0.213566	0.669304	0.0920123	0.00328395	4.38045e-05	3.90575e-07	1.93493e-09	1.15123e-11	3.31662e-14	1.18889e-16	1.83769e-19	3.6294e-22	3.18418e-25	3.94956e-28	2.09597e-31	1.79785e-34	6.81545e-38	5.4496e-41	1.55847e-44	1.03102e-47	3.0528e-51	2.28885e-54	4.88467e-58	2.31487e-61	4.84281e-65	2.44942e-68	3.47817e-72	1.04659e-75	1.37129e-79	4.62155e-83	4.30733e-87	8.9241e-91	7.72383e-95	1.93004e-98	1.20632e-102	1.84298e-106	1.21473e-110	3.02591e-114	5.65862e-118	2.44755e-121	
N59	4.00372e-09	5.60159e-07	1.59556e-05	0.000660964	0.000142158	0.00372906	0.136291	0.807526	0.0511065	0.000525999	1.58645e-06	5.01304e-09	5.99993e-12	9.43961e-14	5.30759e-17	4.37693e-19	1.00868e-22	2.98719e-25	3.78076e-29	5.27303e-32	4.06672e-36	3.06044e-39	1.72655e-43	1.84611e-46	6.38961e-51	3.76748e-54	5.2286e-58	1.57863e-60	3.38102e-65	1.2339e-68	1.15647e-72	2.38037e-75	3.43837e-80	6.12279e-84	2.39346e-88	3.26207e-91	3.29595e-96	3.81883e-100	7.77544e-105	7.35388e-108	5.31946e-113	4.38924e-117	5.15798e-122	3.49684e-125	4.92574e-130	3.95561e-133	
N60	2.34833e-10	5.7262e-08	2.4736e-06	0.00015491	2.57017e-05	0.00104004	0.0839425	0.880393	0.0342598	0.000181392	2.80242e-07	8.69357e-10	1.38654e-12	3.80242e-14	2.10469e-17	2.45999e-19	4.23529e-23	1.09838e-25	1.02531e-29	1.04935e-32	5.75427e-37	3.34337e-40	1.41175e-44	2.71213e-47	7.7628e-52	9.26084e-55	2.02595e-58	8.81856e-61	1.65919e-65	8.09068e-69	9.56602e-73	2.76124e-75	3.5435e-80	6.29647e-84	1.93393e-88	3.53985e-91	3.15964e-96	3.77155e-100	5.14261e-105	6.19029e-108	3.81624e-113	3.40395e-117	2.71693e-122	2.43759e-125	9.08378e-130	1.4502e-132	
L_hirsutum	0	0	0	0	0	0	0	1	0	0	0	0	0	0	0	0	0	0	0	0	0	0	0	0	0	0	0	0	0	0	0	0	0	0	0	0	0	0	0	0	0	0	0	0	0	0	
L_seljukorum	0	0	0	0	0	0	0	1	0	0	0	0	0	0	0	0	0	0	0	0	0	0	0	0	0	0	0	0	0	0	0	0	0	0	0	0	0	0	0	0	0	0	0	0	0	0	
L_viscosum	0	0	0	0	0	0	0	1	0	0	0	0	0	0	0	0	0	0	0	0	0	0	0	0	0	0	0	0	0	0	0	0	0	0	0	0	0	0	0	0	0	0	0	0	0	0	
L_pubescens	0	0	0	0	0	0	0	1	0	0	0	0	0	0	0	0	0	0	0	0	0	0	0	0	0	0	0	0	0	0	0	0	0	0	0	0	0	0	0	0	0	0	0	0	0	0	
Re_indica	0	0	0	0	0	0	0	0	0	0	1	0	0	0	0	0	0	0	0	0	0	0	0	0	0	0	0	0	0	0	0	0	0	0	0	0	0	0	0	0	0	0	0	0	0	0	
