NODE	1	2	3	4	5	6	7	8	9	10	11	12	13	14	15	16	17	18	19	20	21	22	23	24	25	26	27	28	29	30	31	32	33	34	35	36	37	38	39	40	41	42	43	44	45	46	
N1	6.12356e-09	1.8047e-06	7.73124e-05	0.00152055	0.00406434	0.0213574	0.0108648	0.136273	0.739112	0.0852099	0.00151643	3.26368e-06	1.46711e-09	2.02284e-13	6.36184e-19	3.17556e-21	1.14115e-23	3.08222e-26	6.46775e-29	1.08232e-31	1.47512e-34	1.66607e-37	1.5821e-40	1.27866e-43	8.88759e-47	5.36073e-50	2.82789e-53	1.31358e-56	5.40518e-60	1.98068e-63	6.49379e-67	1.91279e-70	5.08073e-74	1.22097e-77	2.66241e-81	5.28171e-85	9.55455e-89	1.57935e-92	2.38982e-96	3.31562e-100	4.22358e-104	4.94569e-108	5.32895e-112	5.28814e-116	4.84248e-120	4.39808e-124	
N2	2.95737e-09	6.62449e-07	3.3073e-05	0.000763265	0.00235634	0.0120733	0.00810652	0.13228	0.785892	0.0579747	0.000516156	3.40315e-06	1.85e-08	1.3995e-10	4.57934e-13	1.41397e-15	7.23496e-19	1.01227e-20	1.16407e-24	8.88563e-27	7.82432e-31	1.58154e-33	1.28955e-37	2.47329e-40	1.02658e-44	2.5387e-47	1.73962e-50	4.76769e-54	1.82462e-58	6.80019e-61	1.21313e-65	2.59305e-68	1.26853e-72	2.3654e-76	1.78753e-80	7.73384e-83	4.3314e-88	1.06409e-91	7.84442e-96	1.83637e-98	1.13438e-103	2.19196e-107	2.69314e-112	5.66136e-115	1.32382e-119	1.01141e-122	
N3	3.11995e-12	1.96255e-09	2.35459e-07	6.94606e-06	3.91961e-05	0.00102711	0.000534257	0.0334726	0.946164	0.0186992	5.62073e-05	1.8247e-07	2.64754e-10	2.90089e-13	1.41138e-16	7.65475e-20	1.59336e-23	1.11735e-26	7.77827e-31	1.70832e-34	1.00987e-38	9.65597e-43	4.84906e-47	1.01468e-50	2.64402e-55	3.82194e-59	2.7121e-63	1.13472e-67	1.80659e-72	1.64761e-76	1.81454e-81	1.50632e-85	1.38506e-90	5.8855e-95	1.1234e-99	3.35102e-103	1.08898e-107	2.40468e-111	1.92202e-115	5.64731e-119	1.72419e-123	2.43429e-127	4.3541e-132	8.19611e-136	1.07609e-139	4.46609e-143	
N4	3.94474e-14	6.98967e-11	2.02195e-08	1.03995e-06	1.84931e-05	0.000222881	0.000466199	0.0361897	0.951839	0.0112552	7.90232e-06	1.397e-08	4.97917e-11	6.09717e-14	1.94569e-17	1.27831e-20	1.78926e-24	1.04342e-26	1.69135e-31	1.20623e-34	2.4409e-39	2.9034e-43	6.70364e-48	2.55154e-51	2.63748e-56	1.66774e-50	1.47039e-49	1.17302e-49	1.23509e-51	2.20232e-51	1.22351e-53	3.57725e-54	1.07144e-56	1.08035e-56	1.53628e-58	6.82266e-59	2.96168e-62	5.23117e-64	2.57644e-66	3.93367e-67	3.7115e-70	7.51996e-72	4.28466e-75	5.71009e-76	3.95881e-78	6.16371e-79	
N5	2.23896e-16	1.23797e-12	1.32907e-09	8.8961e-08	4.38776e-06	7.44466e-05	0.000542497	0.0121231	0.968606	0.0186393	9.29957e-06	5.58431e-07	6.57497e-09	3.26495e-11	8.87398e-15	5.62584e-17	1.74484e-21	1.67847e-23	1.10558e-28	5.74565e-32	9.76553e-37	4.40033e-41	1.14366e-45	2.13775e-48	4.66976e-54	4.05691e-57	4.00491e-61	1.04104e-65	1.35201e-71	3.55954e-75	1.20247e-80	1.5811e-83	6.94987e-90	3.6467e-94	4.6331e-99	5.43015e-102	1.3077e-108	2.32179e-113	9.31847e-119	1.44107e-122	1.20885e-128	2.40615e-133	4.20644e-140	4.09027e-144	2.65417e-149	7.1317e-153	
N6	7.11501e-17	2.0663e-13	1.58953e-10	1.20324e-08	3.21222e-07	4.8821e-05	2.9499e-05	0.00530304	0.986962	0.00765008	6.35264e-06	1.46502e-08	7.39499e-11	9.99288e-14	3.34872e-17	1.80469e-20	4.00138e-24	2.00386e-26	4.80547e-31	2.95218e-34	9.22317e-39	8.87412e-43	3.56132e-47	1.39865e-50	3.00718e-55	2.9755e-58	4.65938e-62	2.38364e-66	9.99828e-71	2.98412e-72	1.43746e-75	4.86995e-77	2.81715e-80	5.10432e-82	2.18524e-84	2.37413e-85	4.62546e-89	2.66978e-91	4.43609e-94	1.57959e-95	6.51078e-99	4.30708e-101	8.80429e-105	1.91947e-106	7.66166e-109	3.44031e-110	
N7	5.75145e-25	1.34406e-19	6.34143e-15	6.69335e-13	1.08145e-09	2.70109e-07	7.34647e-08	6.6443e-05	0.992664	0.00726918	1.44965e-07	6.65427e-12	4.81943e-16	6.58925e-21	1.59627e-26	6.50552e-32	7.10691e-35	1.48891e-36	3.67673e-40	7.5148e-43	2.56582e-46	1.07612e-49	2.53423e-53	3.50835e-56	3.08609e-60	5.53744e-34	9.15099e-34	5.55671e-34	8.01714e-35	2.16384e-34	2.81995e-35	1.15545e-34	1.75864e-35	7.87747e-35	7.08997e-35	9.56704e-34	6.73495e-35	8.19825e-35	3.1021e-35	1.25123e-34	2.61428e-35	4.49437e-35	3.68277e-36	1.05689e-35	1.93693e-35	2.54744e-34	
L_corymbiferum	0	0	0	0	0	0	0	0	1	0	0	0	0	0	0	0	0	0	0	0	0	0	0	0	0	0	0	0	0	0	0	0	0	0	0	0	0	0	0	0	0	0	0	0	0	0	
N8	1.32508e-28	2.05439e-22	4.29773e-17	1.37023e-14	1.1868e-10	7.75429e-09	1.5303e-08	4.01854e-06	0.982522	0.0174739	2.76716e-08	1.24952e-12	1.43689e-15	2.76575e-20	9.33576e-27	6.55362e-32	1.38761e-37	7.78612e-41	7.64117e-49	1.52243e-54	5.60229e-62	1.51338e-51	3.01173e-37	1.22877e-36	1.98329e-37	2.78974e-35	5.52062e-35	2.78894e-35	1.98638e-37	1.23807e-36	3.05284e-38	6.52922e-37	5.3298e-39	2.18676e-37	2.1565e-37	6.13975e-35	2.02734e-37	2.31728e-37	5.69173e-38	7.06744e-37	5.61641e-38	1.10201e-37	3.72636e-40	3.43022e-39	3.27416e-39	5.11669e-37	
L_gallicum	0	0	0	0	0	0	0	0	0	1	0	0	0	0	0	0	0	0	0	0	0	0	0	0	0	0	0	0	0	0	0	0	0	0	0	0	0	0	0	0	0	0	0	0	0	0	
L_strictum	0	0	0	0	0	0	0	0	1	0	0	0	0	0	0	0	0	0	0	0	0	0	0	0	0	0	0	0	0	0	0	0	0	0	0	0	0	0	0	0	0	0	0	0	0	0	
N9	1.19554e-19	1.06387e-15	2.4016e-12	2.24524e-10	6.92089e-09	4.67668e-06	1.02425e-06	0.0014043	0.996947	0.00164245	3.41214e-07	2.64188e-10	6.20197e-13	2.89101e-16	2.79231e-20	6.12937e-24	7.71578e-28	5.71712e-29	2.08836e-33	9.81451e-37	1.38437e-40	1.34693e-41	7.81022e-43	2.0559e-43	2.96698e-47	7.09085e-50	1.95095e-53	1.29181e-57	1.13139e-62	1.70659e-64	3.68605e-66	4.10801e-66	6.41006e-68	3.32099e-68	1.97471e-69	1.35982e-69	1.92338e-74	3.66943e-78	1.24705e-82	5.42312e-86	3.89126e-91	2.69979e-95	4.54384e-101	5.23643e-105	1.50113e-109	4.40294e-113	
L_setaceum	0	0	0	0	0	0	0	0	1	0	0	0	0	0	0	0	0	0	0	0	0	0	0	0	0	0	0	0	0	0	0	0	0	0	0	0	0	0	0	0	0	0	0	0	0	0	
N10	4.33945e-27	1.54104e-21	1.37162e-16	2.14017e-14	8.94271e-13	5.27714e-08	6.82059e-10	4.78062e-05	0.999931	2.06055e-05	2.94859e-08	1.82292e-08	7.02279e-12	3.14324e-16	1.15181e-17	2.23521e-18	7.07962e-21	2.46937e-20	2.04353e-26	2.24232e-31	2.98275e-37	6.00776e-22	2.02037e-20	3.96582e-18	2.16256e-20	3.02859e-21	3.39113e-23	8.66869e-26	1.91728e-29	5.35487e-29	1.09506e-27	1.77717e-24	1.98414e-23	2.37971e-20	1.94537e-18	2.87163e-15	1.95292e-18	2.83163e-20	7e-23	2.53007e-24	1.83015e-27	1.25961e-29	1.22393e-33	1.06146e-35	3.1259e-38	1.17777e-39	
L_suffruticosum1	0	0	0	0	0	0	0	0	0	0	0	0	0	0	0	0	0	0	0	0	0	0	0	0	0	0	0	0	0	0	0	0	0	0	0	1	0	0	0	0	0	0	0	0	0	0	
L_tenuifolium1	0	0	0	0	0	0	0	0	1	0	0	0	0	0	0	0	0	0	0	0	0	0	0	0	0	0	0	0	0	0	0	0	0	0	0	0	0	0	0	0	0	0	0	0	0	0	
N11	1.63831e-17	9.12861e-14	1.22169e-10	8.29861e-09	3.57439e-06	2.23382e-05	0.00536418	0.00328772	0.867411	0.12284	0.000275676	0.000335728	0.000418556	4.06214e-05	2.6782e-08	9.21497e-11	3.38574e-14	4.6652e-16	1.07254e-20	4.85331e-24	2.85371e-28	1.35182e-32	7.29451e-37	7.83901e-40	1.43295e-44	2.19816e-47	3.63318e-51	1.55408e-55	6.28242e-61	1.18507e-64	6.21943e-70	4.0043e-73	7.09699e-79	1.69019e-82	5.13369e-87	5.29441e-90	4.11682e-96	1.21061e-100	8.25442e-106	9.2812e-110	2.96461e-115	9.57057e-120	4.96671e-126	2.40814e-130	5.548e-135	1.96764e-138	
N12	6.3035e-23	2.64638e-18	3.42803e-14	1.97502e-12	5.27018e-10	2.73542e-07	0.000187927	3.93465e-05	0.0336702	7.46968e-05	5.91824e-07	9.82114e-05	0.15925	0.804974	0.00170435	2.32612e-07	4.11708e-11	5.84558e-14	8.51777e-19	3.17663e-22	1.71874e-27	6.42644e-32	1.23853e-35	9.2579e-38	2.28822e-40	4.41443e-41	1.53492e-40	7.28389e-43	1.17359e-45	7.20975e-47	3.11166e-50	2.79867e-52	5.54896e-55	4.23054e-57	1.43962e-59	1.04532e-60	2.38201e-64	1.72179e-66	3.77546e-69	1.71442e-70	4.12752e-74	1.77662e-76	4.83031e-80	1.22168e-81	3.12282e-84	4.85269e-86	
N13	1.59212e-27	2.38439e-22	8.19183e-18	1.04653e-15	3.25383e-12	1.68031e-09	1.8044e-05	4.22946e-07	0.00111274	5.38297e-07	2.85041e-10	7.59271e-07	0.0161189	0.982495	0.000253301	1.25127e-08	1.18399e-12	9.77395e-15	6.48907e-19	5.64065e-23	8.73892e-28	6.49432e-33	6.00072e-38	1.56255e-41	7.04437e-47	9.36492e-50	2.47042e-56	7.14115e-58	4.29542e-61	3.51949e-59	2.0454e-59	2.27172e-55	3.81126e-56	3.83655e-56	2.1616e-56	1.92506e-54	3.19739e-56	3.0503e-54	1.19702e-50	6.76932e-51	1.52688e-52	3.36314e-51	4.07717e-53	3.02036e-52	2.9996e-52	1.71341e-50	
N14	1.0318e-32	7.05512e-27	1.36947e-21	3.69735e-19	5.18902e-15	2.4738e-12	1.60294e-07	4.3503e-10	3.2865e-06	3.65886e-10	3.30549e-14	2.05121e-09	0.000204475	0.999743	4.90155e-05	3.15064e-10	1.64717e-15	1.41123e-18	7.2771e-23	1.49226e-27	8.78982e-32	3.02462e-38	4.79073e-44	7.23517e-50	6.97419e-56	6.87009e-61	1.08129e-34	2.45759e-33	8.37296e-35	9.67172e-35	2.35986e-35	2.35226e-35	1.92995e-36	4.26863e-37	3.63767e-37	3.75637e-36	3.75561e-37	7.08082e-36	1.3161e-35	8.68527e-36	2.9725e-36	9.34364e-35	2.55813e-36	2.21891e-36	3.04388e-36	8.03657e-35	
L_album	0	0	0	0	0	0	0	0	0	0	0	0	0	1	0	0	0	0	0	0	0	0	0	0	0	0	0	0	0	0	0	0	0	0	0	0	0	0	0	0	0	0	0	0	0	0	
L_mucronatum1	0	0	0	0	0	0	0	0	0	0	0	0	0	1	0	0	0	0	0	0	0	0	0	0	0	0	0	0	0	0	0	0	0	0	0	0	0	0	0	0	0	0	0	0	0	0	
N15	7.14023e-38	3.00638e-30	5.26625e-23	2.07794e-20	8.70333e-16	6.05305e-13	1.10985e-07	1.17312e-10	2.68243e-06	1.11432e-10	2.99085e-15	4.8801e-10	0.000143714	0.999836	1.75741e-05	4.10477e-11	1.22383e-16	2.84533e-20	2.90173e-26	3.97926e-29	1.22054e-30	2.56774e-34	5.84876e-37	2.5022e-39	9.29873e-42	1.70292e-42	4.11924e-46	4.09782e-47	2.33589e-51	7.40698e-54	3.09239e-57	5.55475e-60	4.68727e-64	1.51376e-67	1.41512e-70	2.20874e-72	7.48753e-77	6.27983e-79	7.74882e-36	4.44947e-36	7.4285e-37	3.60678e-35	6.07067e-37	5.56219e-37	8.21226e-37	3.23392e-35	
N16	5.74598e-40	6.97182e-35	7.46729e-29	1.30222e-25	8.42194e-20	2.72251e-16	9.86288e-10	2.90316e-14	1.05448e-08	1.7796e-13	6.14933e-19	3.74881e-13	2.54047e-06	0.999992	5.07471e-06	9.56684e-13	5.13779e-20	1.90832e-23	4.56079e-28	7.66938e-34	2.02923e-34	1.22355e-36	5.74677e-37	2.92851e-38	1.91089e-38	5.90402e-36	7.90218e-37	2.29177e-34	7.31431e-37	1.28367e-36	1.96883e-37	1.97205e-37	2.13607e-39	4.49114e-40	4.42773e-40	7.61032e-40	2.36563e-41	5.36443e-39	1.06588e-38	6.84737e-39	2.49239e-39	8.61999e-37	2.32716e-39	2.38255e-39	3.10291e-39	5.04096e-37	
N17	1.16955e-36	2.15973e-32	1.62529e-28	8.5029e-26	1.27136e-20	3.57861e-17	2.13696e-11	1.28707e-15	1.03469e-10	1.15612e-15	1.97863e-18	2.27281e-12	4.26593e-06	0.999991	4.63846e-06	2.68385e-12	4.64674e-19	1.1373e-23	1.1047e-26	2.11352e-31	1.82229e-32	6.35718e-37	8.24731e-40	5.32011e-44	6.76592e-47	4.34756e-47	9.37924e-50	3.24478e-50	3.09595e-55	5.202e-58	1.76484e-61	2.07826e-64	3.06086e-69	3.63451e-73	2.37682e-76	6.19506e-81	5.12348e-85	1.8263e-86	5.34382e-39	1.02095e-38	1.25351e-38	2.60624e-36	1.17893e-38	9.75473e-39	1.10278e-38	1.50908e-36	
N18	8.43443e-36	9.03538e-32	3.25137e-28	6.65591e-27	5.45308e-22	1.53306e-18	6.52043e-13	2.69147e-17	1.46208e-12	5.98175e-17	5.08686e-18	4.2491e-12	5.83089e-06	0.999988	6.21907e-06	4.83266e-12	1.12304e-18	3.88452e-23	6.93827e-26	2.5781e-30	2.49574e-33	1.07638e-40	1.22994e-46	4.47834e-54	1.76392e-60	1.15554e-64	2.26064e-36	4.00537e-34	2.12723e-36	2.29067e-36	5.74052e-37	5.73921e-37	8.23422e-39	1.15819e-39	1.11828e-39	5.31571e-41	1.37294e-41	2.64873e-39	5.26215e-39	9.76726e-39	1.18671e-38	2.51547e-36	1.11602e-38	9.21668e-39	1.04042e-38	1.45567e-36	
L_arboreum	0	0	0	0	0	0	0	0	0	0	0	0	0	1	0	0	0	0	0	0	0	0	0	0	0	0	0	0	0	0	0	0	0	0	0	0	0	0	0	0	0	0	0	0	0	0	
L_elegans	0	0	0	0	0	0	0	0	0	0	0	0	0	1	0	0	0	0	0	0	0	0	0	0	0	0	0	0	0	0	0	0	0	0	0	0	0	0	0	0	0	0	0	0	0	0	
L_campanulatum	0	0	0	0	0	0	0	0	0	0	0	0	0	1	0	0	0	0	0	0	0	0	0	0	0	0	0	0	0	0	0	0	0	0	0	0	0	0	0	0	0	0	0	0	0	0	
N19	1.20161e-37	2.70522e-33	3.68198e-29	2.06772e-26	1.06232e-20	1.31647e-17	1.82076e-11	9.7528e-16	9.05239e-11	8.58591e-14	3.39919e-17	4.23755e-13	1.83569e-06	0.999683	0.000314996	1.50701e-10	1.61338e-17	4.67047e-22	1.49845e-25	5.09262e-31	4.92483e-32	1.30896e-36	1.79797e-39	9.32057e-44	1.38853e-46	1.36557e-46	3.11005e-49	1.67189e-49	1.23351e-54	2.16281e-57	8.41645e-61	1.08704e-63	1.22104e-68	1.49121e-72	1.08072e-75	2.72283e-80	2.30189e-84	1.24398e-85	4.03843e-39	7.41584e-39	8.97964e-39	2.6486e-36	8.44335e-39	6.84521e-39	7.60299e-39	1.51683e-36	
L_capitatum	0	0	0	0	0	0	0	0	0	0	0	0	0	1	0	0	0	0	0	0	0	0	0	0	0	0	0	0	0	0	0	0	0	0	0	0	0	0	0	0	0	0	0	0	0	0	
N20	2.76606e-33	1.47516e-29	1.44015e-26	3.7105e-25	5.3184e-20	3.13579e-18	1.20069e-12	1.83313e-15	6.34856e-12	8.46025e-14	6.63987e-15	2.8343e-12	2.89628e-06	0.993774	0.00622352	9.64844e-09	3.3779e-15	2.98821e-19	2.46863e-21	2.38343e-25	1.24727e-27	9.55291e-35	4.52555e-40	5.01265e-47	1.79642e-52	5.26693e-55	2.32312e-60	2.98532e-63	2.51683e-71	6.54093e-77	2.86903e-83	3.93919e-89	3.12637e-97	3.15466e-104	1.53464e-110	2.38007e-119	9.05281e-127	9.64257e-131	3.04484e-86	5.06387e-38	6.09926e-38	2.4153e-35	5.73463e-38	4.76753e-38	5.37613e-38	1.37447e-35	
L_gyaricum	0	0	0	0	0	0	0	0	0	0	0	0	0	0	1	0	0	0	0	0	0	0	0	0	0	0	0	0	0	0	0	0	0	0	0	0	0	0	0	0	0	0	0	0	0	0	
L_tauricum	0	0	0	0	0	0	0	0	0	0	0	0	0	1	0	0	0	0	0	0	0	0	0	0	0	0	0	0	0	0	0	0	0	0	0	0	0	0	0	0	0	0	0	0	0	0	
L_flavum	0	0	0	0	0	0	0	0	0	0	0	0	0	1	0	0	0	0	0	0	0	0	0	0	0	0	0	0	0	0	0	0	0	0	0	0	0	0	0	0	0	0	0	0	0	0	
L_nodiflorum	0	0	0	0	0	0	0	0	0	0	0	0	1	0	0	0	0	0	0	0	0	0	0	0	0	0	0	0	0	0	0	0	0	0	0	0	0	0	0	0	0	0	0	0	0	0	
N21	7.38561e-19	5.49038e-15	1.04516e-11	1.98065e-09	9.03291e-06	4.14957e-06	0.000321969	0.000172919	0.135981	0.862218	0.00127711	1.5419e-05	1.80421e-07	3.7099e-10	3.42046e-14	3.25068e-18	4.26941e-22	1.48031e-24	4.47396e-29	9.08223e-33	2.55789e-36	3.12784e-41	1.26764e-45	1.34839e-49	4.53474e-54	4.12226e-57	1.02748e-61	1.40192e-63	1.20729e-66	1.45262e-68	2.22813e-71	2.31918e-73	1.87807e-76	1.62392e-78	8.38674e-81	1.01242e-81	2.63965e-85	4.05396e-87	2.67271e-89	1.4456e-91	2.29159e-94	2.27836e-95	2.54885e-98	1.26486e-100	8.13092e-103	4.94749e-104	
N22	3.84792e-22	1.899e-17	1.79385e-13	3.0545e-11	2.58474e-07	1.02714e-07	4.18534e-06	9.28069e-06	0.0519583	0.947765	0.000262681	2.40667e-08	1.67965e-11	2.99851e-15	5.16961e-19	5.86279e-24	1.81974e-28	8.94603e-32	2.58641e-37	5.4835e-41	6.25094e-47	1.02955e-51	2.40323e-57	7.6118e-62	3.01232e-65	8.48639e-67	2.05032e-67	2.43796e-66	8.16618e-69	7.38782e-68	9.64973e-72	2.82313e-74	2.27737e-77	1.98627e-76	2.54428e-79	5.44783e-81	1.26931e-85	1.4991e-88	4.24954e-92	3.14637e-94	2.96364e-99	4.34688e-103	7.86969e-37	1.25217e-35	8.89698e-36	4.85463e-35	
N23	7.11389e-29	2.71603e-22	1.42642e-16	4.75349e-14	3.44901e-10	6.52396e-10	7.70494e-09	1.85438e-07	0.0903189	0.909679	2.06668e-06	8.37493e-13	4.61843e-18	2.00169e-23	3.3049e-28	7.36531e-33	2.24524e-33	1.23983e-32	3.85059e-33	1.49446e-31	3.53864e-33	5.19659e-33	9.78956e-34	1.40234e-34	1.37303e-35	8.94659e-35	1.5152e-34	1.27343e-34	8.21696e-35	3.98668e-33	7.61561e-35	7.10734e-35	5.118e-35	2.88999e-35	7.12368e-36	1.66882e-34	2.8587e-36	3.85717e-35	3.65731e-35	2.22423e-33	3.43561e-35	3.62174e-35	1.39922e-36	5.65228e-35	3.74007e-35	1.09058e-34	
L_corymbulosum	0	0	0	0	0	0	0	0	1	0	0	0	0	0	0	0	0	0	0	0	0	0	0	0	0	0	0	0	0	0	0	0	0	0	0	0	0	0	0	0	0	0	0	0	0	0	
L_trigynum	0	0	0	0	0	0	0	0	0	1	0	0	0	0	0	0	0	0	0	0	0	0	0	0	0	0	0	0	0	0	0	0	0	0	0	0	0	0	0	0	0	0	0	0	0	0	
L_tenue1	0	0	0	0	0	0	0	0	0	1	0	0	0	0	0	0	0	0	0	0	0	0	0	0	0	0	0	0	0	0	0	0	0	0	0	0	0	0	0	0	0	0	0	0	0	0	
L_maritimum	0	0	0	0	0	0	0	0	0	1	0	0	0	0	0	0	0	0	0	0	0	0	0	0	0	0	0	0	0	0	0	0	0	0	0	0	0	0	0	0	0	0	0	0	0	0	
L_catharticum	0	0	0	0	0	0	0	1	0	0	0	0	0	0	0	0	0	0	0	0	0	0	0	0	0	0	0	0	0	0	0	0	0	0	0	0	0	0	0	0	0	0	0	0	0	0	
N24	1.52043e-13	1.41878e-10	3.99544e-08	8.0969e-07	1.2138e-05	0.000576657	0.000399246	0.0169495	0.962345	0.0196809	3.58012e-05	2.03996e-07	1.03015e-09	1.90632e-12	8.54964e-16	1.02752e-18	2.62358e-22	1.30672e-24	5.38979e-29	3.34957e-32	2.1687e-36	3.99813e-40	5.27958e-44	1.22875e-46	1.18824e-50	4.0402e-53	2.90145e-56	6.45927e-60	2.52461e-64	2.84788e-67	8.73897e-72	1.39816e-74	2.83332e-79	1.53796e-82	2.04172e-86	5.34926e-89	4.05274e-94	6.4926e-98	2.93125e-102	1.91517e-105	2.85839e-110	4.68594e-114	2.90667e-119	1.14623e-122	1.14308e-126	1.1814e-129	
N25	1.71499e-17	3.80381e-13	1.67367e-09	7.28192e-08	8.70837e-06	0.000657024	0.000854935	0.0141765	0.955338	0.028962	2.64169e-06	1.34611e-09	1.90433e-10	1.11571e-11	7.87604e-14	3.89694e-17	6.51093e-21	8.23846e-21	3.99928e-21	2.51826e-22	9.62342e-25	1.43646e-26	6.45135e-29	4.25568e-30	9.96803e-33	1.54545e-33	3.39518e-35	2.16531e-37	1.82109e-40	9.22182e-42	6.58464e-45	4.95446e-46	3.05606e-49	9.03475e-51	5.57343e-53	1.04893e-53	2.36666e-57	1.82917e-59	3.7792e-62	1.78912e-63	1.06531e-66	9.73213e-69	2.22042e-72	7.03422e-74	3.41967e-76	2.66247e-77	
N26	5.41107e-20	5.81089e-15	1.45076e-10	1.69789e-08	1.38853e-06	0.00138231	0.000183925	0.0126189	0.983	0.00281295	4.11978e-08	6.33268e-11	9.73994e-13	5.17893e-15	2.51006e-18	1.07741e-22	1.33334e-26	1.70538e-28	6.67105e-33	9.22042e-35	5.18358e-39	6.84911e-43	3.27322e-44	1.19112e-46	1.00331e-49	4.43586e-48	8.70074e-51	1.87608e-51	2.51715e-55	8.9685e-56	3.93168e-60	2.37298e-61	1.69191e-65	3.53021e-40	7.47518e-39	3.53291e-36	7.87179e-38	5.31299e-37	2.03724e-35	7.26936e-34	8.51102e-36	4.18704e-34	5.4633e-36	2.32951e-34	4.41014e-34	1.24981e-33	
N27	9.44616e-24	2.51403e-18	1.31539e-13	3.71693e-11	3.03943e-09	3.66086e-05	3.27344e-07	0.000519414	0.999321	0.000120318	1.96938e-07	1.99708e-06	1.77402e-08	1.25003e-11	3.49528e-14	1.01108e-13	1.82205e-15	1.14362e-14	6.12485e-20	9.87547e-23	2.83535e-25	1.40849e-25	2.66844e-28	3.59964e-29	5.76599e-33	8.89108e-34	9.40361e-36	3.49287e-38	2.95594e-42	1.48766e-42	1.3228e-41	7.25374e-40	2.60858e-41	1.23362e-38	8.37601e-39	8.30205e-37	1.41403e-38	1.74815e-38	5.48395e-39	1.57394e-37	5.25519e-39	2.86817e-38	3.40866e-38	6.88643e-37	4.5908e-37	1.36299e-35	
N28	7.36819e-25	5.66292e-20	1.36519e-15	3.40607e-13	2.43025e-11	1.93832e-07	1.67068e-09	1.53292e-05	0.0744807	6.39825e-06	2.50566e-07	8.42125e-05	2.96038e-06	2.20199e-09	1.63535e-10	2.7449e-07	0.000124684	0.925136	0.000148332	2.71249e-07	4.05613e-11	1.72325e-15	1.13301e-19	1.28893e-22	8.54219e-27	6.82289e-29	2.56583e-32	1.92093e-36	6.52281e-42	1.56387e-45	1.1863e-47	1.41686e-48	2.03299e-51	5.98272e-50	1.05061e-51	2.45039e-51	1.1987e-55	5.49955e-58	9.23233e-61	3.22685e-62	3.38265e-65	7.26013e-67	2.08053e-68	3.27437e-70	3.02671e-72	7.78039e-73	
C_selaginoides	0	0	0	0	0	0	0	0	0	0	0	0	0	0	0	0	0	1	0	0	0	0	0	0	0	0	0	0	0	0	0	0	0	0	0	0	0	0	0	0	0	0	0	0	0	0	
N29	6.52545e-29	1.07268e-23	5.42567e-19	1.49841e-16	9.96604e-15	2.48551e-10	5.58272e-12	1.83334e-07	0.00185627	5.18061e-08	3.68479e-09	6.55429e-06	4.41036e-08	1.82331e-11	1.86482e-11	4.64209e-08	7.06524e-05	0.997992	7.45565e-05	3.21366e-09	2.82225e-13	6.08383e-15	3.24331e-16	3.06218e-16	2.11956e-19	1.30946e-22	2.12785e-25	6.88567e-31	8.02352e-36	3.10719e-38	1.20694e-34	8.43696e-32	2.38997e-30	4.71755e-24	8.63356e-23	4.3333e-20	1.59059e-22	9.48814e-24	1.13691e-26	2.29302e-27	3.70205e-29	1.57135e-31	1.08979e-31	1.79851e-33	1.66149e-34	1.21455e-34	
L_littorale	0	0	0	0	0	0	0	0	0	0	0	0	0	0	0	0	0	0	0	0	0	0	0	0	0	0	0	0	0	0	0	0	0	0	0	1	0	0	0	0	0	0	0	0	0	0	
N30	6.33909e-34	2.97272e-28	4.99848e-23	1.83644e-20	2.11318e-18	2.22118e-13	9.91754e-15	8.91108e-10	3.87369e-05	3.83622e-10	1.49219e-11	1.46493e-07	2.27902e-10	2.76191e-14	2.29903e-15	2.23256e-10	3.64091e-05	0.999886	3.89977e-05	2.03524e-10	6.4111e-16	3.93613e-21	8.67894e-24	5.68846e-25	1.13786e-28	1.86958e-32	2.8396e-35	1.04587e-40	1.93481e-43	7.47318e-47	3.85273e-48	7.33897e-49	4.19405e-51	1.27992e-51	1.01213e-52	1.03339e-53	1.09401e-57	1.57751e-61	8.68715e-66	1.75432e-67	4.23214e-70	4.56788e-74	1.59913e-77	1.98919e-79	3.06117e-80	3.5729e-81	
N31	4.64538e-33	1.20512e-29	1.13215e-25	8.27013e-23	1.79688e-20	2.55577e-15	4.99358e-16	5.70354e-11	1.98235e-06	1.58322e-11	6.27316e-13	1.33236e-08	1.38599e-11	4.49502e-15	1.06093e-14	2.65364e-09	2.25423e-05	0.999952	2.38186e-05	9.21867e-11	2.72478e-16	1.66639e-18	7.0854e-19	2.39386e-17	3.2736e-19	9.13484e-23	5.02337e-25	3.09573e-31	4.54151e-36	2.36705e-40	9.05189e-43	2.45657e-41	5.13276e-42	1.2374e-40	7.98752e-42	3.59975e-41	2.12393e-47	9.07866e-52	1.65875e-58	3.42018e-62	1.8431e-67	9.79569e-75	1.1895e-34	7.60001e-37	4.14117e-38	3.83842e-38	
L_macraei	0	0	0	0	0	0	0	0	0	0	0	0	0	0	0	0	0	0	0	0	0	0	0	0	0	0	0	0	0	0	0	0	0	0	0	1	0	0	0	0	0	0	0	0	0	0	
L_prostratum	0	0	0	0	0	0	0	0	0	0	0	0	0	0	0	0	0	1	0	0	0	0	0	0	0	0	0	0	0	0	0	0	0	0	0	0	0	0	0	0	0	0	0	0	0	0	
L_oligophyllum	0	0	0	0	0	0	0	0	0	0	0	0	0	0	0	0	0	1	0	0	0	0	0	0	0	0	0	0	0	0	0	0	0	0	0	0	0	0	0	0	0	0	0	0	0	0	
N32	7.48139e-24	7.08481e-19	1.25318e-14	9.91641e-12	2.6896e-09	5.37384e-06	2.44467e-07	0.000349453	0.999279	0.000363258	3.64184e-07	1.94463e-06	3.60423e-07	2.06568e-09	1.18577e-12	1.5522e-14	2.73372e-16	5.41094e-18	2.77774e-23	1.35661e-28	1.28904e-33	1.21994e-38	2.86324e-43	6.08415e-44	2.96142e-46	2.31854e-47	9.61158e-48	1.9594e-51	4.31024e-54	3.39829e-57	1.15493e-60	3.28368e-61	2.53435e-64	1.8777e-64	1.06679e-66	5.64074e-67	3.45483e-71	2.07528e-73	1.92349e-77	1.56046e-78	6.80271e-81	1.49166e-84	6.42334e-88	3.79059e-90	1.54864e-91	8.59451e-92	
N33	6.40116e-24	4.65977e-19	6.20684e-15	5.42256e-12	2.91505e-09	1.55731e-06	1.72127e-06	0.000893474	0.985686	0.00162402	1.02365e-05	7.52675e-05	0.0100596	0.00160743	3.58544e-05	4.91353e-06	1.22031e-07	1.20421e-07	1.79488e-12	1.33474e-15	8.0387e-20	1.12935e-24	4.12358e-29	2.31502e-32	5.07619e-37	2.47776e-39	2.89628e-43	7.58598e-48	5.28804e-52	3.05744e-52	3.47997e-55	6.87036e-56	5.51751e-59	2.08715e-58	2.24826e-60	1.92149e-60	8.24724e-65	5.51851e-67	7.70644e-70	3.49754e-71	4.11609e-74	5.49419e-76	2.25064e-80	3.80421e-82	2.49364e-84	1.04264e-84	
L_kingii	0	0	0	0	0	0	0	0	0	0	0	0	1	0	0	0	0	0	0	0	0	0	0	0	0	0	0	0	0	0	0	0	0	0	0	0	0	0	0	0	0	0	0	0	0	0	
N34	1.41329e-23	7.70684e-19	7.70077e-15	4.78592e-12	3.92037e-09	2.3105e-07	7.02043e-06	0.00302911	0.924635	0.0349646	9.83558e-05	0.000527027	0.0101309	0.00199497	0.00126219	0.00180975	0.00152757	0.0200097	4.09926e-06	3.65585e-09	5.53862e-13	9.84639e-18	7.17715e-22	1.08805e-24	9.80682e-29	3.466e-31	3.41029e-36	3.73031e-40	8.34751e-46	6.43198e-50	2.53276e-55	2.10601e-59	2.76814e-65	7.43863e-69	1.56478e-73	1.65179e-76	5.24605e-83	3.5282e-87	7.02418e-92	5.57496e-97	4.72353e-103	2.74793e-107	4.95202e-114	4.3521e-119	9.09477e-124	2.28606e-127	
L_rupestre	0	0	0	0	0	0	0	0	0	0	0	0	0	0	0	0	0	1	0	0	0	0	0	0	0	0	0	0	0	0	0	0	0	0	0	0	0	0	0	0	0	0	0	0	0	0	
L_vernale	0	0	0	0	0	0	0	0	0	0	0	0	0	0	1	0	0	0	0	0	0	0	0	0	0	0	0	0	0	0	0	0	0	0	0	0	0	0	0	0	0	0	0	0	0	0	
L_striatum	0	0	0	0	0	0	0	0	1	0	0	0	0	0	0	0	0	0	0	0	0	0	0	0	0	0	0	0	0	0	0	0	0	0	0	0	0	0	0	0	0	0	0	0	0	0	
N35	2.34978e-17	1.80441e-13	5.26087e-10	4.43444e-08	3.27892e-06	0.00693826	0.00603744	0.126394	0.860307	0.00031933	5.16957e-07	4.8698e-08	1.2712e-09	1.43327e-12	4.3268e-15	6.32947e-16	1.00119e-16	2.79029e-16	1.87093e-20	3.96309e-23	2.71384e-27	2.97842e-31	2.11977e-35	8.63689e-39	5.48859e-43	2.09352e-45	5.23241e-49	3.15637e-53	1.38907e-58	7.24372e-62	2.34978e-67	8.62712e-71	3.83786e-76	1.99665e-79	9.32973e-84	2.0001e-86	1.57062e-92	6.94813e-97	7.11911e-102	2.34018e-105	5.89228e-111	2.78812e-115	1.60929e-121	2.29308e-125	5.97596e-130	3.03367e-133	
He_micranthum	0	0	0	0	0	0	0	0	0	0	0	0	0	0	0	0	0	1	0	0	0	0	0	0	0	0	0	0	0	0	0	0	0	0	0	0	0	0	0	0	0	0	0	0	0	0	
S_digynum	0	0	0	0	0	1	0	0	0	0	0	0	0	0	0	0	0	0	0	0	0	0	0	0	0	0	0	0	0	0	0	0	0	0	0	0	0	0	0	0	0	0	0	0	0	0	
N36	7.06164e-28	1.15415e-21	5.55772e-17	4.55862e-14	1.66621e-09	1.80846e-11	1.13019e-07	9.30792e-07	7.93526e-06	0.00310718	9.46729e-08	3.303e-11	4.61925e-07	0.00298241	0.993198	0.000702313	9.90109e-08	9.89308e-11	1.64892e-16	9.01373e-22	4.20954e-26	1.40507e-28	4.93614e-31	1.91068e-32	5.89574e-35	4.77643e-36	6.18821e-38	2.42101e-40	1.47787e-43	1.99597e-45	1.22817e-48	3.4854e-50	1.57999e-53	5.00442e-55	1.92869e-57	1.46079e-58	2.56291e-62	1.02618e-64	1.07449e-67	1.24129e-69	7.96147e-73	3.85954e-75	5.29323e-79	2.97582e-81	1.37598e-83	5.60779e-85	
N37	1.10256e-31	1.47045e-25	1.05181e-20	5.1569e-17	7.23322e-12	2.11085e-14	1.13e-09	8.04422e-09	7.95506e-08	0.000269591	2.12853e-09	8.1033e-14	6.01104e-09	0.00044956	0.999162	0.000118844	1.4496e-09	1.40244e-13	2.16321e-19	4.55213e-22	5.10078e-27	2.75591e-30	2.77978e-32	4.88411e-35	9.18651e-39	7.54356e-40	8.1006e-43	6.53456e-43	4.27472e-47	4.99305e-47	9.42327e-52	1.08023e-52	5.79421e-57	8.13044e-59	3.41628e-62	6.07891e-64	7.08057e-69	9.07509e-71	3.63539e-73	3.99081e-74	5.98576e-79	2.4552e-79	3.07284e-84	7.71158e-85	3.10008e-87	1.44065e-89	
N38	1.97612e-32	5.60113e-27	2.53709e-22	1.47106e-18	7.59734e-14	4.60242e-16	2.44719e-11	1.49557e-10	2.45908e-09	3.60325e-05	7.63298e-10	1.70184e-14	1.03845e-09	0.000125799	0.999777	6.07055e-05	4.15216e-10	9.54848e-15	4.58321e-19	6.24877e-21	5.63454e-25	4.34381e-28	2.0883e-32	2.50635e-38	5.15498e-45	3.75828e-49	4.944e-54	1.79044e-56	1.46408e-58	2.65026e-55	6.3704e-60	3.4639e-61	2.31928e-64	6.87587e-67	1.62951e-66	3.22338e-70	4.97871e-75	5.22838e-77	6.66255e-79	1.57969e-76	4.37156e-81	1.41573e-81	1.58163e-85	3.58512e-86	1.25494e-88	3.58738e-91	
N39	1.89407e-36	1.24565e-30	5.4045e-26	1.09832e-22	6.61661e-18	8.77536e-20	7.62153e-15	1.44806e-13	8.61459e-12	4.14952e-07	8.7529e-12	9.71398e-16	1.68422e-10	3.66777e-05	0.999925	3.76786e-05	1.78186e-10	2.64492e-16	5.88991e-21	1.81736e-24	5.35107e-28	9.93075e-32	8.58992e-37	3.14021e-43	2.30617e-50	5.7913e-56	7.02359e-62	4.39324e-66	2.00875e-72	2.05592e-77	2.39721e-86	3.53177e-35	9.29381e-36	5.0324e-36	4.43347e-36	4.39329e-37	7.19103e-39	5.23088e-39	5.84755e-39	4.10626e-38	1.16559e-38	8.15804e-37	2.92801e-37	1.01722e-35	1.98402e-35	3.56271e-35	
L_acuticarpum	0	0	0	0	0	0	0	0	0	0	0	0	0	0	1	0	0	0	0	0	0	0	0	0	0	0	0	0	0	0	0	0	0	0	0	0	0	0	0	0	0	0	0	0	0	0	
L_gracile	0	0	0	0	0	0	0	0	0	0	0	0	0	0	1	0	0	0	0	0	0	0	0	0	0	0	0	0	0	0	0	0	0	0	0	0	0	0	0	0	0	0	0	0	0	0	
L_heterostylum	0	0	0	0	0	0	0	0	0	0	0	0	0	0	1	0	0	0	0	0	0	0	0	0	0	0	0	0	0	0	0	0	0	0	0	0	0	0	0	0	0	0	0	0	0	0	
L_africanum	0	0	0	0	0	0	0	0	0	0	0	0	0	0	1	0	0	0	0	0	0	0	0	0	0	0	0	0	0	0	0	0	0	0	0	0	0	0	0	0	0	0	0	0	0	0	
L_comptonii	0	0	0	0	0	0	0	0	0	0	0	0	0	0	1	0	0	0	0	0	0	0	0	0	0	0	0	0	0	0	0	0	0	0	0	0	0	0	0	0	0	0	0	0	0	0	
Ra_linoides	0	0	0	0	0	0	0	0	1	0	0	0	0	0	0	0	0	0	0	0	0	0	0	0	0	0	0	0	0	0	0	0	0	0	0	0	0	0	0	0	0	0	0	0	0	0	
N40	6.71304e-10	1.65672e-07	9.20734e-06	0.000262536	0.000968429	0.0044818	0.00710368	0.172094	0.790059	0.0249191	0.00010182	6.04302e-07	2.84394e-09	9.32825e-12	1.25791e-14	1.81583e-17	7.58914e-21	3.98868e-23	3.85943e-27	5.54054e-30	4.62699e-34	1.71128e-37	1.49114e-41	1.19574e-44	4.91771e-49	4.67934e-52	1.37117e-55	1.58378e-59	4.475e-64	3.15331e-67	4.82551e-72	2.37018e-75	4.41706e-80	6.46792e-84	3.52085e-88	3.32606e-91	1.62029e-96	1.44548e-100	4.07786e-105	1.55558e-108	9.15385e-114	6.6954e-118	3.18634e-123	8.08264e-127	2.51635e-131	7.51103e-135	
N41	2.21203e-10	6.16164e-08	4.90858e-06	0.00012718	0.000565091	0.0033715	0.00659508	0.131632	0.829049	0.0285011	0.00014859	5.97101e-06	3.79579e-08	3.33449e-10	5.08215e-13	7.86212e-15	1.88639e-18	5.22034e-20	4.43853e-24	2.19794e-26	3.25129e-30	2.65825e-33	5.5696e-37	5.4203e-39	1.83771e-43	7.77547e-46	7.55109e-49	2.62506e-52	6.87284e-57	2.22836e-59	9.55463e-64	7.61648e-66	8.64078e-71	3.93208e-74	5.23678e-78	4.26756e-80	2.36467e-85	5.87862e-89	3.91209e-93	8.56574e-96	9.42153e-101	2.8179e-104	1.52926e-109	2.58318e-112	1.97548e-116	4.70555e-119	
N42	4.70545e-12	3.03077e-09	4.22136e-07	1.44459e-05	0.000123756	0.0013771	0.00739823	0.0766191	0.882886	0.0314331	0.000145029	2.56602e-06	3.05706e-08	1.07896e-09	5.65985e-12	1.11117e-13	1.4682e-16	4.12306e-18	1.07399e-21	3.63541e-24	9.09304e-28	5.62033e-31	1.33374e-34	4.6399e-37	2.36955e-41	3.90016e-44	1.90331e-47	3.41878e-51	9.51793e-56	8.28463e-59	2.36119e-63	3.41699e-66	3.8647e-71	8.70025e-75	5.84577e-79	9.01512e-82	4.37034e-87	4.29794e-91	1.24319e-95	5.09671e-99	4.06345e-104	4.10018e-108	1.57577e-113	4.17007e-117	2.03085e-121	1.09715e-124	
N43	1.57028e-12	7.16764e-10	8.95592e-08	3.42029e-06	5.85321e-05	0.000989479	0.00204636	0.0603248	0.880315	0.0554405	0.000778146	4.11257e-05	1.81007e-06	2.35934e-07	1.69928e-08	2.53973e-09	3.39795e-11	4.2978e-12	3.34447e-15	2.10897e-17	1.22734e-20	1.23035e-23	5.24351e-27	2.51564e-29	3.42752e-33	1.24928e-35	1.16515e-38	4.04438e-42	2.2909e-46	3.11717e-49	1.59422e-53	3.28957e-56	9.23959e-61	5.23464e-64	8.24465e-68	2.31763e-70	2.60826e-75	5.27341e-79	3.13964e-83	2.29672e-86	4.65484e-91	1.03414e-94	9.08043e-100	4.03144e-103	5.00505e-107	5.83063e-110	
N44	8.52709e-20	1.90511e-15	1.04013e-11	4.94155e-10	7.50411e-09	1.43768e-05	2.87387e-07	0.000745251	0.99846	0.000779936	9.13903e-08	1.44439e-11	1.714e-15	1.33993e-19	5.24515e-24	2.21162e-28	3.12388e-33	1.62423e-37	6.06609e-38	6.02179e-40	5.43402e-42	5.35681e-41	1.8688e-43	3.29181e-45	6.6847e-48	7.32698e-50	6.34587e-52	1.67425e-54	2.24764e-57	2.83606e-59	3.06175e-62	5.03256e-64	3.98306e-67	3.25824e-69	4.78026e-72	8.69619e-74	3.10803e-77	9.6073e-80	8.60735e-83	6.19614e-85	3.41541e-88	8.86112e-91	2.75908e-94	1.78229e-96	5.55583e-99	6.92184e-101	
N45	1.05034e-26	3.70023e-20	2.81492e-15	3.0144e-13	9.9892e-12	2.65111e-07	4.89744e-10	3.15049e-05	0.999934	3.46933e-05	1.19074e-10	3.21453e-15	1.83177e-19	3.18215e-25	5.06038e-29	6.30444e-31	1.09909e-33	1.05749e-33	8.10493e-38	3.33588e-39	1.06157e-42	2.83778e-45	1.74669e-48	3.9402e-50	1.1293e-53	3.92337e-54	3.23784e-56	6.49182e-59	3.00511e-63	1.66238e-64	8.87332e-69	9.29787e-70	5.76512e-74	8.77646e-76	1.99866e-78	8.30953e-79	9.99318e-84	2.49025e-86	1.35493e-89	7.41184e-91	4.20912e-95	1.25414e-97	1.42686e-102	7.8219e-104	3.74029e-107	1.89406e-108	
N46	2.01153e-30	5.34467e-24	1.82833e-18	5.07694e-16	5.45962e-14	7.7736e-09	7.08798e-12	3.92344e-06	0.999992	4.39422e-06	2.11594e-12	6.05674e-17	6.72541e-20	7.97654e-25	9.86923e-32	1.69544e-35	1.97606e-38	1.46403e-38	6.29149e-40	1.50171e-39	5.76371e-40	8.22596e-39	1.59561e-39	6.63437e-39	9.91421e-40	2.17902e-37	4.3282e-37	2.17854e-37	9.93593e-40	6.67839e-39	1.39021e-40	3.52427e-39	1.27138e-41	1.1011e-39	1.0929e-39	4.81932e-37	1.02697e-39	1.16902e-39	2.78733e-40	3.80826e-39	2.78407e-40	5.5178e-40	5.25514e-45	8.71437e-42	5.38515e-42	2.5368e-39	
N47	1.57451e-29	3.57129e-25	4.39854e-20	5.15607e-17	1.92085e-14	6.98843e-10	1.54171e-10	1.80299e-05	0.999963	1.92422e-05	4.65562e-11	7.815e-15	4.12856e-17	2.57273e-21	1.90523e-27	4.36889e-32	8.27178e-37	1.90055e-39	5.73496e-43	3.37857e-45	1.51123e-47	2.50825e-48	2.62971e-51	4.10204e-53	5.79635e-56	2.44346e-56	1.55789e-58	2.3797e-61	5.53582e-66	3.81448e-68	4.95066e-72	1.12368e-73	2.01956e-78	4.3154e-79	8.36554e-82	3.71441e-82	2.47736e-87	4.54633e-90	1.66621e-93	1.27331e-95	3.09147e-99	7.58714e-102	3.40351e-107	9.35129e-110	1.81798e-112	3.90552e-113	
N48	9.96328e-33	1.58041e-26	6.083e-21	8.26667e-18	3.64469e-15	5.54897e-10	8.97449e-11	1.37596e-05	0.999972	1.46732e-05	2.72025e-11	1.68017e-15	1.57477e-18	3.58741e-23	1.99203e-29	1.65328e-34	1.08973e-39	4.75288e-43	4.85488e-45	1.56586e-47	3.74936e-50	1.52916e-50	8.09948e-54	5.85096e-56	3.70571e-59	3.20263e-60	7.888e-63	4.35651e-66	6.63173e-71	1.24654e-73	3.97924e-78	1.3395e-80	4.95848e-86	6.1944e-38	6.13481e-38	7.22064e-36	5.77824e-38	6.59288e-38	1.65615e-38	8.63167e-38	1.60489e-38	3.14752e-38	2.84689e-40	7.26558e-40	1.43719e-39	1.48365e-37	
N49	2.29278e-35	1.27803e-28	1.42595e-22	2.40943e-19	1.34497e-16	6.53788e-11	6.61368e-12	3.73512e-06	0.999992	3.98897e-06	1.99898e-12	5.15976e-17	2.82549e-20	2.0028e-25	1.62375e-32	6.96553e-36	1.31164e-38	2.74185e-39	2.85603e-44	2.69972e-47	2.71274e-51	3.73418e-38	9.0389e-39	3.52998e-38	1.25324e-38	1.19638e-36	2.35545e-36	1.19574e-36	1.25594e-38	3.48786e-38	1.7737e-39	1.78175e-38	2.05399e-40	1.38375e-38	1.37459e-38	2.61517e-36	1.29376e-38	1.47292e-38	3.61405e-39	2.05234e-38	3.54235e-39	6.99235e-39	3.91569e-41	1.08291e-40	2.04077e-40	3.26411e-38	
N50	2.2162e-34	9.80163e-30	1.51102e-24	4.72862e-21	4.96918e-18	9.71175e-12	6.03063e-13	1.12716e-06	0.999998	1.20115e-06	1.81121e-13	2.02002e-18	5.84461e-22	1.29924e-27	1.69485e-35	2.32815e-36	2.1887e-36	3.77744e-34	2.32934e-36	2.45969e-36	5.5583e-37	1.33346e-38	3.22588e-39	1.26363e-38	4.75462e-39	6.17207e-37	1.22017e-36	6.16954e-37	4.766e-39	1.24955e-38	6.42494e-40	6.33106e-39	4.84973e-41	5.27023e-39	5.2492e-39	1.35651e-36	4.93886e-39	5.61233e-39	1.35589e-39	7.3794e-39	1.338e-39	2.65416e-39	9.7046e-42	2.52517e-41	4.93228e-41	1.232e-38	
L_alpinum	0	0	0	0	0	0	0	0	1	0	0	0	0	0	0	0	0	0	0	0	0	0	0	0	0	0	0	0	0	0	0	0	0	0	0	0	0	0	0	0	0	0	0	0	0	0	
L_punctatum1	0	0	0	0	0	0	0	0	1	0	0	0	0	0	0	0	0	0	0	0	0	0	0	0	0	0	0	0	0	0	0	0	0	0	0	0	0	0	0	0	0	0	0	0	0	0	
L_perenne	0	0	0	0	0	0	0	0	1	0	0	0	0	0	0	0	0	0	0	0	0	0	0	0	0	0	0	0	0	0	0	0	0	0	0	0	0	0	0	0	0	0	0	0	0	0	
L_lewisii	0	0	0	0	0	0	0	0	1	0	0	0	0	0	0	0	0	0	0	0	0	0	0	0	0	0	0	0	0	0	0	0	0	0	0	0	0	0	0	0	0	0	0	0	0	0	
L_leonii	0	0	0	0	0	0	0	0	1	0	0	0	0	0	0	0	0	0	0	0	0	0	0	0	0	0	0	0	0	0	0	0	0	0	0	0	0	0	0	0	0	0	0	0	0	0	
N51	2.06163e-29	5.85036e-24	3.95664e-19	3.38617e-16	9.71701e-14	2.61593e-09	1.48064e-09	5.57088e-05	0.999885	5.92496e-05	4.44353e-10	1.13032e-13	4.37642e-16	4.19605e-20	1.00998e-25	3.82231e-30	1.30839e-34	2.65791e-37	7.60262e-44	1.23591e-48	3.74309e-54	1.86437e-60	3.65464e-66	8.54378e-71	1.63807e-76	3.48151e-80	1.86712e-85	1.91966e-91	4.64316e-99	1.03924e-104	3.32704e-112	7.01066e-118	9.1954e-127	7.62052e-38	7.55173e-38	8.68209e-36	7.1136e-38	8.11331e-38	2.03775e-38	1.01007e-37	1.97346e-38	3.87266e-38	3.58226e-40	8.59537e-40	1.76489e-39	1.82632e-37	
L_austr_mauritanicum	0	0	0	0	0	0	0	0	1	0	0	0	0	0	0	0	0	0	0	0	0	0	0	0	0	0	0	0	0	0	0	0	0	0	0	0	0	0	0	0	0	0	0	0	0	0	
L_austriacum	0	0	0	0	0	0	0	0	1	0	0	0	0	0	0	0	0	0	0	0	0	0	0	0	0	0	0	0	0	0	0	0	0	0	0	0	0	0	0	0	0	0	0	0	0	0	
L_pallescens	0	0	0	0	0	0	0	0	1	0	0	0	0	0	0	0	0	0	0	0	0	0	0	0	0	0	0	0	0	0	0	0	0	0	0	0	0	0	0	0	0	0	0	0	0	0	
L_pycnophyllum	0	0	0	0	0	0	0	0	1	0	0	0	0	0	0	0	0	0	0	0	0	0	0	0	0	0	0	0	0	0	0	0	0	0	0	0	0	0	0	0	0	0	0	0	0	0	
N52	9.57693e-18	8.48107e-14	1.44917e-10	1.34308e-08	2.12408e-06	2.62149e-05	0.000180718	0.0120301	0.614327	0.156063	0.00243251	0.00211546	0.00376382	0.00289639	0.0195215	0.0658739	0.0431542	0.0775885	2.37904e-05	2.02747e-08	2.17354e-12	3.02819e-16	1.83708e-20	6.26877e-24	1.772e-28	5.1958e-32	4.50849e-36	1.45969e-40	1.27325e-45	1.14249e-49	6.20839e-55	5.50617e-59	2.37682e-64	1.11822e-68	1.44716e-73	1.76297e-77	2.36079e-83	3.23753e-88	1.40271e-93	4.17894e-98	7.18606e-104	7.85539e-109	5.94807e-115	9.14543e-120	7.37147e-125	2.77967e-129	
L_aroanium1	0	0	0	0	0	0	0	0	0	0	0	0	0	0	0	0	0	1	0	0	0	0	0	0	0	0	0	0	0	0	0	0	0	0	0	0	0	0	0	0	0	0	0	0	0	0	
L_nervosum	0	0	0	0	0	0	0	0	0	0	0	0	0	0	1	0	0	0	0	0	0	0	0	0	0	0	0	0	0	0	0	0	0	0	0	0	0	0	0	0	0	0	0	0	0	0	
N53	8.43554e-15	1.95216e-11	7.11236e-09	5.3138e-07	1.58795e-05	0.000217108	0.0315847	0.054408	0.874764	0.038918	4.67409e-05	1.00566e-05	2.19477e-05	1.30087e-05	7.69414e-08	2.08627e-10	7.50941e-14	3.12868e-16	1.32137e-20	6.32296e-24	2.89579e-28	3.50473e-32	1.9072e-36	1.1281e-39	2.66014e-44	1.58933e-47	4.55198e-51	6.32137e-52	6.25119e-54	4.25951e-54	1.65406e-56	2.8003e-56	3.33951e-59	9.74944e-61	7.97292e-63	9.4924e-64	4.89622e-67	1.01509e-68	4.19179e-70	2.13141e-71	2.1719e-74	2.38352e-76	1.27288e-79	3.65043e-81	2.69583e-83	1.81445e-84	
N54	4.59295e-16	1.31753e-12	9.67462e-10	6.98008e-08	5.05737e-06	6.59637e-05	0.0276674	0.0179301	0.290701	0.0303871	7.34076e-05	0.000260048	0.0230888	0.574905	0.0315826	0.00333155	2.23967e-06	3.71051e-07	9.63535e-11	6.56429e-12	6.8604e-15	1.35011e-17	6.63028e-21	1.51868e-22	6.01944e-27	9.21474e-29	1.08915e-31	2.95865e-35	3.88454e-40	1.17543e-42	2.26927e-47	2.2964e-49	9.67913e-55	5.13483e-58	6.13105e-62	6.16054e-64	1.13326e-69	1.63102e-73	5.32133e-78	7.97641e-81	4.43127e-86	6.75231e-90	9.58292e-96	9.74167e-99	4.29001e-103	8.4205e-106	
N55	3.73902e-18	1.24514e-14	9.86551e-12	1.42257e-09	1.26194e-06	4.4454e-06	0.00271957	0.00107149	0.0180982	0.0626519	0.00105012	3.86674e-05	0.00611183	0.765241	0.1411	0.00187026	4.95976e-06	3.2033e-05	2.2961e-06	1.33404e-06	1.96174e-07	2.22242e-10	2.65013e-13	1.27114e-15	2.59949e-19	2.02221e-21	9.37834e-25	1.19194e-27	3.47137e-32	2.41644e-35	1.15018e-39	1.17449e-42	1.93104e-47	8.13698e-51	1.9647e-53	5.33731e-54	3.29018e-57	6.45608e-59	5.52395e-61	1.48555e-62	3.50036e-65	2.73862e-66	1.47176e-69	2.11486e-71	2.82981e-73	3.23546e-74	
N56	3.51457e-30	2.06416e-24	8.56837e-20	7.11162e-17	7.99807e-12	3.88175e-14	1.86658e-09	2.10208e-09	1.2205e-08	6.23655e-05	2.39643e-09	2.75583e-13	1.54616e-08	0.000968583	0.998932	3.72998e-05	6.33819e-10	9.0458e-14	1.76585e-18	7.25956e-23	1.05156e-27	8.27527e-34	3.11427e-40	1.24253e-46	3.7904e-53	1.38608e-58	1.06113e-65	2.88976e-32	3.79152e-33	9.76814e-33	9.32735e-33	9.17923e-33	2.8563e-33	4.17028e-34	1.9713e-34	7.91095e-34	1.2611e-34	9.3982e-34	7.96032e-34	5.77786e-33	2.29419e-33	1.91841e-32	1.90772e-33	2.53767e-33	1.19809e-33	1.01967e-32	
L_bienne	0	0	0	0	0	0	0	0	0	0	0	0	0	0	1	0	0	0	0	0	0	0	0	0	0	0	0	0	0	0	0	0	0	0	0	0	0	0	0	0	0	0	0	0	0	0	
L_usitatissimum	0	0	0	0	0	0	0	0	0	0	0	0	0	0	1	0	0	0	0	0	0	0	0	0	0	0	0	0	0	0	0	0	0	0	0	0	0	0	0	0	0	0	0	0	0	0	
L_hologynum	0	0	0	0	0	0	0	0	0	0	0	0	0	0	0	0	0	0	0	0	1	0	0	0	0	0	0	0	0	0	0	0	0	0	0	0	0	0	0	0	0	0	0	0	0	0	
L_narbonense	0	0	0	0	0	0	0	0	0	0	0	0	0	1	0	0	0	0	0	0	0	0	0	0	0	0	0	0	0	0	0	0	0	0	0	0	0	0	0	0	0	0	0	0	0	0	
N57	2.43005e-14	4.29237e-11	9.79554e-09	2.67498e-06	2.79189e-05	0.000455058	0.00373626	0.217244	0.773759	0.00477029	5.306e-06	2.58098e-08	2.3414e-10	8.24432e-13	2.11832e-16	2.34029e-20	1.8446e-24	2.22938e-27	2.58649e-31	1.23331e-34	7.87026e-38	3.28192e-42	2.84718e-46	1.82876e-50	7.15729e-55	6.07804e-58	3.78879e-62	2.13679e-65	1.93843e-70	2.70951e-74	3.1857e-79	2.11064e-83	2.35364e-88	6.16565e-93	1.52001e-97	2.60467e-101	9.01405e-107	9.48765e-111	3.87272e-115	1.85453e-119	3.13985e-124	7.32331e-128	1.56144e-133	4.55436e-138	1.39453e-142	1.75071e-146	
L_decumbens1	0	0	0	0	0	0	0	0	1	0	0	0	0	0	0	0	0	0	0	0	0	0	0	0	0	0	0	0	0	0	0	0	0	0	0	0	0	0	0	0	0	0	0	0	0	0	
L_grandiflorum	0	0	0	0	0	0	0	1	0	0	0	0	0	0	0	0	0	0	0	0	0	0	0	0	0	0	0	0	0	0	0	0	0	0	0	0	0	0	0	0	0	0	0	0	0	0	
L_stelleroides	0	0	0	0	0	0	0	0	1	0	0	0	0	0	0	0	0	0	0	0	0	0	0	0	0	0	0	0	0	0	0	0	0	0	0	0	0	0	0	0	0	0	0	0	0	0	
N58	1.85625e-11	8.87007e-09	1.81061e-07	6.00252e-05	7.1074e-05	4.24593e-05	0.00702388	0.950147	0.0425059	0.00014953	1.53832e-07	2.23559e-10	2.5246e-13	1.90437e-16	7.18847e-20	2.73128e-23	6.08662e-27	4.12184e-30	2.84661e-34	5.76922e-38	3.37691e-42	3.06059e-46	1.48188e-50	2.78847e-54	9.48112e-59	1.66619e-62	1.33174e-66	5.85981e-71	1.07584e-75	1.01398e-79	1.16562e-84	9.16702e-89	1.09714e-93	5.98724e-98	1.25349e-102	1.42587e-106	6.50172e-112	1.73084e-116	1.83542e-121	7.49761e-126	3.74984e-131	8.23451e-136	2.48144e-141	7.10928e-146	1.60684e-150	1.0251e-154	
N59	6.40286e-14	1.34642e-10	6.32788e-09	7.5842e-06	5.44388e-06	2.62301e-06	0.00209476	0.990062	0.00782361	4.10251e-06	8.89942e-10	3.90447e-12	6.65312e-16	3.51687e-19	2.92359e-23	6.47284e-26	6.75724e-31	8.12374e-34	4.27439e-39	9.828e-43	1.32294e-47	5.61352e-52	1.2754e-56	1.33622e-59	2.35561e-65	3.69644e-69	2.1444e-73	5.09035e-78	7.39715e-84	1.23247e-87	7.35081e-93	4.59886e-96	2.48718e-102	5.71724e-107	3.11591e-112	1.47476e-115	4.71996e-122	6.26362e-127	2.17991e-132	1.92006e-136	1.48237e-142	2.64084e-147	6.43091e-154	4.23049e-158	2.28786e-163	3.44706e-167	
N60	2.07027e-15	7.75367e-12	6.95476e-10	1.13883e-06	6.91431e-07	8.28343e-07	0.00127264	0.996287	0.00243709	6.1811e-07	2.74515e-10	3.7282e-12	2.29167e-16	1.36616e-19	1.46497e-23	8.81033e-26	6.00702e-31	3.85648e-34	1.63548e-39	2.28723e-43	7.00226e-48	3.45214e-52	1.96229e-56	4.04906e-59	5.84836e-65	4.90997e-69	2.84372e-73	9.72542e-78	1.18941e-83	2.9931e-87	6.09155e-92	6.84485e-95	3.45035e-101	8.28773e-106	2.46933e-111	1.8914e-114	6.52938e-121	1.06908e-125	5.04214e-131	3.239e-135	6.39199e-141	2.30211e-145	6.3168e-152	7.48095e-156	1.26389e-160	5.45939e-164	
L_hirsutum	0	0	0	0	0	0	0	1	0	0	0	0	0	0	0	0	0	0	0	0	0	0	0	0	0	0	0	0	0	0	0	0	0	0	0	0	0	0	0	0	0	0	0	0	0	0	
L_seljukorum	0	0	0	0	0	0	0	1	0	0	0	0	0	0	0	0	0	0	0	0	0	0	0	0	0	0	0	0	0	0	0	0	0	0	0	0	0	0	0	0	0	0	0	0	0	0	
L_viscosum	0	0	0	0	0	0	0	1	0	0	0	0	0	0	0	0	0	0	0	0	0	0	0	0	0	0	0	0	0	0	0	0	0	0	0	0	0	0	0	0	0	0	0	0	0	0	
L_pubescens	0	0	0	0	0	0	0	1	0	0	0	0	0	0	0	0	0	0	0	0	0	0	0	0	0	0	0	0	0	0	0	0	0	0	0	0	0	0	0	0	0	0	0	0	0	0	
Re_indica	0	0	0	0	0	0	0	0	0	0	1	0	0	0	0	0	0	0	0	0	0	0	0	0	0	0	0	0	0	0	0	0	0	0	0	0	0	0	0	0	0	0	0	0	0	0	
